date	hour	nb_streamer	nb_spec
30-Sep-11	22	68	1354
30-Sep-11	23	99	1324
1-Oct-11	0	99	1539
1-Oct-11	1	100	1763
1-Oct-11	2	96	1820
1-Oct-11	3	91	1419
1-Oct-11	4	77	1220
1-Oct-11	5	70	1027
1-Oct-11	6	62	1236
1-Oct-11	7	63	1853
1-Oct-11	8	48	1693
1-Oct-11	9	39	703
1-Oct-11	10	33	589
1-Oct-11	11	33	630
1-Oct-11	12	31	784
1-Oct-11	13	35	796
1-Oct-11	14	41	839
1-Oct-11	15	48	984
1-Oct-11	16	59	1202
1-Oct-11	17	60	1210
1-Oct-11	18	68	1803
1-Oct-11	19	80	1660
1-Oct-11	20	80	1247
1-Oct-11	21	86	1263
1-Oct-11	22	85	1063
1-Oct-11	23	76	1137
2-Oct-11	0	66	1169
2-Oct-11	1	61	934
2-Oct-11	2	65	1361
2-Oct-11	3	68	1747
2-Oct-11	4	59	1698
2-Oct-11	5	55	1391
2-Oct-11	6	41	758
2-Oct-11	7	36	971
2-Oct-11	8	40	842
2-Oct-11	9	34	885
2-Oct-11	10	33	751
2-Oct-11	11	29	764
2-Oct-11	12	31	848
2-Oct-11	13	25	893
2-Oct-11	14	32	1065
2-Oct-11	15	36	1100
2-Oct-11	16	47	1427
2-Oct-11	17	54	1415
2-Oct-11	18	57	1333
2-Oct-11	19	53	1032
2-Oct-11	20	51	1445
2-Oct-11	21	64	1324
2-Oct-11	22	58	1243
2-Oct-11	23	60	935
3-Oct-11	0	54	682
3-Oct-11	1	55	856
3-Oct-11	2	50	786
3-Oct-11	3	50	1021
3-Oct-11	4	44	914
3-Oct-11	5	40	847
3-Oct-11	6	39	888
3-Oct-11	7	32	784
3-Oct-11	8	23	622
3-Oct-11	9	19	577
3-Oct-11	10	16	526
3-Oct-11	11	18	577
3-Oct-11	12	20	802
3-Oct-11	13	22	683
3-Oct-11	14	23	644
3-Oct-11	15	27	684
3-Oct-11	16	29	732
3-Oct-11	17	36	626
3-Oct-11	18	32	637
3-Oct-11	19	41	696
3-Oct-11	20	42	954
3-Oct-11	21	37	2326
3-Oct-11	22	44	1985
3-Oct-11	23	37	769
4-Oct-11	0	47	862
4-Oct-11	1	51	1046
4-Oct-11	2	48	1080
4-Oct-11	3	43	774
4-Oct-11	4	41	544
4-Oct-11	5	33	542
4-Oct-11	6	29	496
4-Oct-11	7	25	465
4-Oct-11	8	16	411
4-Oct-11	9	17	308
4-Oct-11	10	18	367
4-Oct-11	11	21	381
4-Oct-11	12	22	388
4-Oct-11	13	25	423
4-Oct-11	14	27	492
4-Oct-11	15	31	571
4-Oct-11	16	29	777
4-Oct-11	17	39	802
4-Oct-11	18	39	611
4-Oct-11	19	34	731
4-Oct-11	20	34	737
4-Oct-11	21	35	475
4-Oct-11	22	31	506
4-Oct-11	23	45	751
5-Oct-11	0	41	579
5-Oct-11	1	32	411
5-Oct-11	2	30	328
5-Oct-11	3	26	327
5-Oct-11	4	26	544
5-Oct-11	5	23	572
5-Oct-11	6	19	341
5-Oct-11	7	11	393
5-Oct-11	8	12	348
5-Oct-11	9	12	265
5-Oct-11	10	15	299
5-Oct-11	11	22	337
5-Oct-11	12	17	377
5-Oct-11	13	18	383
5-Oct-11	14	20	510
5-Oct-11	15	21	537
5-Oct-11	16	25	690
5-Oct-11	17	34	751
5-Oct-11	18	40	824
5-Oct-11	19	36	474
5-Oct-11	20	37	532
5-Oct-11	21	38	467
5-Oct-11	22	34	415
5-Oct-11	23	29	400
6-Oct-11	0	28	642
6-Oct-11	1	24	3173
6-Oct-11	2	27	3552
6-Oct-11	3	34	526
6-Oct-11	4	19	282
6-Oct-11	5	14	537
6-Oct-11	6	21	319
6-Oct-11	7	20	270
6-Oct-11	8	19	282
6-Oct-11	9	16	286
6-Oct-11	10	18	240
6-Oct-11	11	21	335
6-Oct-11	12	17	355
6-Oct-11	13	16	320
6-Oct-11	14	19	373
6-Oct-11	15	23	731
6-Oct-11	16	23	400
6-Oct-11	17	27	348
6-Oct-11	18	22	547
6-Oct-11	19	22	576
6-Oct-11	20	31	396
6-Oct-11	21	24	320
6-Oct-11	22	33	353
6-Oct-11	23	33	361
7-Oct-11	0	38	333
7-Oct-11	1	38	345
7-Oct-11	2	34	663
7-Oct-11	3	27	639
7-Oct-11	4	23	328
7-Oct-11	5	24	408
7-Oct-11	6	19	454
7-Oct-11	7	19	353
7-Oct-11	8	22	430
7-Oct-11	9	23	550
7-Oct-11	10	24	532
7-Oct-11	11	21	597
7-Oct-11	12	25	647
7-Oct-11	13	28	788
7-Oct-11	14	27	683
7-Oct-11	15	34	833
7-Oct-11	16	29	719
7-Oct-11	17	35	585
7-Oct-11	18	44	572
7-Oct-11	19	44	657
7-Oct-11	20	36	655
7-Oct-11	21	39	561
7-Oct-11	22	48	1054
7-Oct-11	23	51	1075
8-Oct-11	0	40	752
8-Oct-11	1	36	375
8-Oct-11	2	38	401
8-Oct-11	3	31	399
8-Oct-11	4	23	348
8-Oct-11	5	21	441
8-Oct-11	6	23	681
8-Oct-11	7	23	498
8-Oct-11	8	25	365
8-Oct-11	9	19	406
8-Oct-11	10	24	505
8-Oct-11	11	23	395
8-Oct-11	12	22	411
8-Oct-11	13	24	571
8-Oct-11	14	29	815
8-Oct-11	15	41	885
8-Oct-11	16	47	741
8-Oct-11	17	39	810
8-Oct-11	18	34	739
8-Oct-11	19	28	730
8-Oct-11	20	24	592
8-Oct-11	21	32	544
8-Oct-11	22	38	621
8-Oct-11	23	34	521
9-Oct-11	0	30	373
9-Oct-11	1	27	447
9-Oct-11	2	25	382
9-Oct-11	3	26	313
9-Oct-11	4	20	372
9-Oct-11	5	14	345
9-Oct-11	6	17	284
9-Oct-11	7	20	547
9-Oct-11	8	20	537
9-Oct-11	9	19	526
9-Oct-11	10	21	521
9-Oct-11	11	23	478
9-Oct-11	12	25	508
9-Oct-11	13	23	411
9-Oct-11	14	30	416
9-Oct-11	15	32	447
9-Oct-11	16	30	462
9-Oct-11	17	30	557
9-Oct-11	18	24	650
9-Oct-11	19	17	518
9-Oct-11	20	23	1846
9-Oct-11	21	21	2600
9-Oct-11	22	24	363
9-Oct-11	23	21	312
10-Oct-11	0	21	331
10-Oct-11	1	19	306
10-Oct-11	2	19	348
10-Oct-11	3	16	267
10-Oct-11	4	14	249
10-Oct-11	5	10	186
10-Oct-11	6	7	233
10-Oct-11	7	5	213
10-Oct-11	8	3	166
10-Oct-11	9	4	149
10-Oct-11	10	6	210
10-Oct-11	11	6	223
10-Oct-11	12	5	243
10-Oct-11	13	6	203
10-Oct-11	14	9	214
10-Oct-11	15	7	194
10-Oct-11	16	10	182
10-Oct-11	17	9	158
10-Oct-11	21	12	186
10-Oct-11	22	12	243
10-Oct-11	23	10	206
11-Oct-11	0	7	362
11-Oct-11	1	6	132
11-Oct-11	2	8	143
11-Oct-11	3	11	134
11-Oct-11	4	11	166
11-Oct-11	5	9	122
11-Oct-11	6	8	91
11-Oct-11	7	5	99
11-Oct-11	8	3	96
11-Oct-11	9	5	117
11-Oct-11	10	5	129
11-Oct-11	11	4	142
11-Oct-11	12	4	174
11-Oct-11	13	5	148
11-Oct-11	14	6	156
11-Oct-11	15	6	161
11-Oct-11	16	4	169
11-Oct-11	17	3	190
11-Oct-11	18	6	168
11-Oct-11	19	9	144
11-Oct-11	20	8	124
11-Oct-11	21	10	132
11-Oct-11	22	9	117
11-Oct-11	23	8	143
12-Oct-11	0	7	97
12-Oct-11	1	7	79
12-Oct-11	2	8	257
12-Oct-11	3	8	271
12-Oct-11	4	7	137
12-Oct-11	5	2	106
12-Oct-11	6	3	115
12-Oct-11	7	4	102
12-Oct-11	8	5	104
12-Oct-11	9	8	1697
12-Oct-11	10	5	1901
12-Oct-11	11	4	2212
12-Oct-11	12	5	2455
12-Oct-11	13	5	2473
12-Oct-11	14	5	2950
12-Oct-11	15	4	3226
12-Oct-11	16	8	3662
12-Oct-11	17	10	3593
12-Oct-11	18	5	3381
12-Oct-11	19	9	132
12-Oct-11	20	10	119
12-Oct-11	21	9	237
12-Oct-11	22	9	151
12-Oct-11	23	7	130
13-Oct-11	0	7	97
13-Oct-11	1	9	80
13-Oct-11	2	8	218
13-Oct-11	3	6	195
13-Oct-11	4	6	199
13-Oct-11	5	4	83
13-Oct-11	6	2	62
13-Oct-11	7	5	60
13-Oct-11	8	5	46
13-Oct-11	9	7	38
13-Oct-11	10	4	55
13-Oct-11	11	4	57
13-Oct-11	12	3	11
13-Oct-11	13	3	42
13-Oct-11	14	3	77
13-Oct-11	15	6	72
13-Oct-11	16	6	67
13-Oct-11	17	7	93
13-Oct-11	18	4	103
13-Oct-11	19	5	145
13-Oct-11	20	11	152
13-Oct-11	21	8	123
13-Oct-11	22	10	110
13-Oct-11	23	10	131
14-Oct-11	0	13	108
14-Oct-11	1	11	91
14-Oct-11	2	6	147
14-Oct-11	3	6	137
14-Oct-11	4	8	153
14-Oct-11	5	7	127
14-Oct-11	6	6	57
14-Oct-11	7	5	47
14-Oct-11	8	5	39
14-Oct-11	9	5	30
14-Oct-11	10	5	362
14-Oct-11	11	3	21
14-Oct-11	12	4	44
14-Oct-11	13	3	59
14-Oct-11	14	3	60
14-Oct-11	15	4	53
14-Oct-11	16	6	52
14-Oct-11	17	7	68
14-Oct-11	18	6	57
14-Oct-11	19	5	63
14-Oct-11	20	5	80
14-Oct-11	21	5	104
14-Oct-11	22	6	69
14-Oct-11	23	5	67
15-Oct-11	0	4	72
15-Oct-11	1	5	122
15-Oct-11	2	4	144
15-Oct-11	3	6	121
15-Oct-11	4	13	145
15-Oct-11	5	12	118
15-Oct-11	6	7	110
15-Oct-11	7	7	127
15-Oct-11	8	6	148
15-Oct-11	9	8	178
15-Oct-11	10	9	212
15-Oct-11	11	5	193
15-Oct-11	12	10	217
15-Oct-11	13	7	307
15-Oct-11	14	7	342
15-Oct-11	15	9	355
15-Oct-11	16	14	382
15-Oct-11	17	11	520
15-Oct-11	18	13	536
15-Oct-11	19	9	868
15-Oct-11	20	8	1993
15-Oct-11	21	12	1727
15-Oct-11	22	9	126
15-Oct-11	23	6	72
16-Oct-11	0	7	99
16-Oct-11	1	11	116
16-Oct-11	2	13	97
16-Oct-11	3	7	72
16-Oct-11	4	8	85
16-Oct-11	5	6	19
16-Oct-11	6	4	14
16-Oct-11	7	4	24
16-Oct-11	8	5	68
16-Oct-11	9	4	65
16-Oct-11	10	5	82
16-Oct-11	11	3	63
16-Oct-11	12	2	64
16-Oct-11	13	4	73
16-Oct-11	14	5	72
16-Oct-11	15	4	67
16-Oct-11	16	7	83
16-Oct-11	17	8	104
16-Oct-11	18	7	247
16-Oct-11	19	6	123
16-Oct-11	20	6	107
16-Oct-11	21	4	106
16-Oct-11	22	5	84
16-Oct-11	23	5	79
17-Oct-11	0	6	70
17-Oct-11	1	4	42
17-Oct-11	2	5	33
17-Oct-11	3	3	12
17-Oct-11	4	3	12
17-Oct-11	5	5	11
17-Oct-11	6	4	81
17-Oct-11	7	2	62
17-Oct-11	8	1	63
17-Oct-11	9	2	86
17-Oct-11	10	3	75
17-Oct-11	11	2	93
17-Oct-11	12	4	99
17-Oct-11	13	4	143
17-Oct-11	14	3	118
17-Oct-11	15	4	193
17-Oct-11	16	4	237
17-Oct-11	17	6	238
17-Oct-11	18	7	201
17-Oct-11	19	10	187
17-Oct-11	20	4	132
17-Oct-11	21	2	101
17-Oct-11	22	5	86
17-Oct-11	23	5	91
18-Oct-11	0	7	100
18-Oct-11	1	8	83
18-Oct-11	2	5	15
18-Oct-11	3	5	103
18-Oct-11	4	6	55
18-Oct-11	5	11	77
18-Oct-11	6	8	106
18-Oct-11	7	6	109
18-Oct-11	8	6	115
18-Oct-11	9	5	107
18-Oct-11	10	3	78
18-Oct-11	11	1	96
18-Oct-11	12	1	97
18-Oct-11	13	1	114
18-Oct-11	14	1	104
18-Oct-11	15	4	155
18-Oct-11	16	9	146
18-Oct-11	17	8	126
18-Oct-11	18	6	411
18-Oct-11	19	6	469
18-Oct-11	20	5	138
18-Oct-11	21	6	89
18-Oct-11	22	6	73
18-Oct-11	23	9	91
19-Oct-11	0	4	70
19-Oct-11	1	3	77
19-Oct-11	2	3	61
19-Oct-11	3	6	78
19-Oct-11	4	6	109
19-Oct-11	5	5	90
19-Oct-11	6	3	56
19-Oct-11	7	2	10
19-Oct-11	8	2	80
19-Oct-11	9	3	88
19-Oct-11	10	3	81
19-Oct-11	11	4	92
19-Oct-11	12	4	109
19-Oct-11	13	5	105
19-Oct-11	14	3	121
19-Oct-11	15	5	129
19-Oct-11	16	6	127
19-Oct-11	17	5	94
19-Oct-11	18	6	190
19-Oct-11	19	7	245
19-Oct-11	20	6	195
19-Oct-11	21	5	75
19-Oct-11	22	7	74
19-Oct-11	23	7	77
20-Oct-11	0	9	69
20-Oct-11	1	8	73
20-Oct-11	2	6	76
20-Oct-11	3	11	92
20-Oct-11	4	11	124
20-Oct-11	5	10	117
20-Oct-11	6	5	73
20-Oct-11	7	2	71
20-Oct-11	8	2	85
20-Oct-11	9	4	64
20-Oct-11	10	3	85
20-Oct-11	11	2	99
20-Oct-11	12	4	73
20-Oct-11	13	4	125
20-Oct-11	14	3	136
20-Oct-11	15	2	133
20-Oct-11	16	6	94
20-Oct-11	17	6	96
20-Oct-11	18	7	103
20-Oct-11	19	6	120
20-Oct-11	20	5	115
20-Oct-11	21	7	91
20-Oct-11	22	9	76
20-Oct-11	23	8	95
21-Oct-11	0	5	83
21-Oct-11	1	4	139
21-Oct-11	2	3	222
21-Oct-11	3	5	221
21-Oct-11	4	7	173
21-Oct-11	5	12	132
21-Oct-11	6	5	21
21-Oct-11	7	7	20
21-Oct-11	8	5	85
21-Oct-11	9	5	96
21-Oct-11	10	3	120
21-Oct-11	11	3	91
21-Oct-11	12	4	114
21-Oct-11	13	3	115
21-Oct-11	14	4	93
21-Oct-11	15	3	102
21-Oct-11	16	4	202
21-Oct-11	17	5	236
21-Oct-11	18	8	245
21-Oct-11	19	12	731
21-Oct-11	20	9	96
21-Oct-11	21	12	462
21-Oct-11	22	11	125
21-Oct-11	23	9	140
22-Oct-11	0	8	91
22-Oct-11	1	8	85
22-Oct-11	2	13	127
22-Oct-11	3	11	177
22-Oct-11	4	12	176
22-Oct-11	5	12	125
22-Oct-11	6	8	120
22-Oct-11	7	5	157
22-Oct-11	8	2	74
22-Oct-11	9	4	81
22-Oct-11	10	7	114
22-Oct-11	11	3	78
22-Oct-11	12	5	111
22-Oct-11	13	4	105
22-Oct-11	14	8	101
22-Oct-11	15	7	139
22-Oct-11	16	8	133
22-Oct-11	17	10	151
22-Oct-11	18	12	170
22-Oct-11	19	11	182
22-Oct-11	20	16	193
22-Oct-11	21	15	153
22-Oct-11	22	13	146
22-Oct-11	23	12	160
23-Oct-11	0	11	156
23-Oct-11	1	9	157
23-Oct-11	2	11	139
23-Oct-11	3	11	147
23-Oct-11	4	11	211
23-Oct-11	5	11	231
23-Oct-11	6	7	319
23-Oct-11	7	7	322
23-Oct-11	8	4	195
23-Oct-11	9	4	92
23-Oct-11	10	5	154
23-Oct-11	11	7	180
23-Oct-11	12	8	160
23-Oct-11	13	8	156
23-Oct-11	14	8	153
23-Oct-11	15	10	165
23-Oct-11	16	9	206
23-Oct-11	17	11	188
23-Oct-11	18	12	211
23-Oct-11	19	11	232
23-Oct-11	20	17	255
23-Oct-11	21	9	204
23-Oct-11	22	9	173
23-Oct-11	23	7	190
24-Oct-11	0	5	214
24-Oct-11	1	9	130
24-Oct-11	2	12	191
24-Oct-11	3	8	172
24-Oct-11	4	10	164
24-Oct-11	5	10	199
24-Oct-11	6	7	169
24-Oct-11	7	7	169
24-Oct-11	8	6	149
24-Oct-11	9	3	312
24-Oct-11	10	3	148
24-Oct-11	11	3	205
24-Oct-11	12	5	229
24-Oct-11	13	5	300
24-Oct-11	14	8	367
24-Oct-11	15	14	1553
24-Oct-11	16	26	2586
24-Oct-11	17	26	3192
24-Oct-11	18	25	1547
24-Oct-11	19	33	2586
24-Oct-11	20	25	1451
24-Oct-11	21	17	1822
24-Oct-11	22	23	967
24-Oct-11	23	25	855
25-Oct-11	0	24	609
25-Oct-11	1	31	877
25-Oct-11	2	37	1806
25-Oct-11	3	57	1808
25-Oct-11	4	104	5637
25-Oct-11	5	130	6348
25-Oct-11	6	129	7469
25-Oct-11	7	118	6604
25-Oct-11	8	109	5263
25-Oct-11	9	90	4926
25-Oct-11	10	65	4614
25-Oct-11	11	62	3418
25-Oct-11	12	63	2937
25-Oct-11	13	56	3013
25-Oct-11	14	60	3012
25-Oct-11	15	61	3139
25-Oct-11	16	76	3609
25-Oct-11	17	93	3619
25-Oct-11	18	102	4127
25-Oct-11	19	108	4680
25-Oct-11	20	111	4904
25-Oct-11	21	110	6841
25-Oct-11	22	116	3558
25-Oct-11	23	132	3292
26-Oct-11	0	122	6409
26-Oct-11	1	121	8620
26-Oct-11	2	137	7718
26-Oct-11	3	129	6647
26-Oct-11	4	111	5492
26-Oct-11	5	94	4233
26-Oct-11	6	77	1991
26-Oct-11	7	68	2079
26-Oct-11	8	43	1619
26-Oct-11	9	38	1549
26-Oct-11	10	37	1849
26-Oct-11	11	38	1924
26-Oct-11	12	35	1825
26-Oct-11	13	45	1781
26-Oct-11	14	54	2247
26-Oct-11	15	51	2761
26-Oct-11	16	55	2787
26-Oct-11	17	68	2880
26-Oct-11	18	71	3489
26-Oct-11	19	72	4455
26-Oct-11	20	77	3998
26-Oct-11	21	84	3779
26-Oct-11	22	88	2961
26-Oct-11	23	88	2664
27-Oct-11	0	97	2753
27-Oct-11	1	113	11711
27-Oct-11	2	108	13591
27-Oct-11	3	120	8166
27-Oct-11	4	109	7750
27-Oct-11	5	103	5883
27-Oct-11	6	77	2761
27-Oct-11	7	58	2673
27-Oct-11	8	51	2538
27-Oct-11	9	47	2640
27-Oct-11	10	50	3084
27-Oct-11	11	40	3416
27-Oct-11	12	53	3349
27-Oct-11	13	51	3423
27-Oct-11	14	59	3682
27-Oct-11	15	64	4040
27-Oct-11	16	69	4112
27-Oct-11	17	65	4360
27-Oct-11	18	69	5170
27-Oct-11	19	79	4897
27-Oct-11	20	99	5494
27-Oct-11	21	88	5046
27-Oct-11	22	111	3653
27-Oct-11	23	97	2011
28-Oct-11	0	95	2099
28-Oct-11	1	96	2070
28-Oct-11	2	89	2230
28-Oct-11	3	75	2281
28-Oct-11	4	74	1844
28-Oct-11	5	71	1679
28-Oct-11	6	65	1430
28-Oct-11	7	59	1486
28-Oct-11	8	64	1279
28-Oct-11	9	52	1294
28-Oct-11	10	59	1349
28-Oct-11	11	50	1241
28-Oct-11	12	55	1286
28-Oct-11	13	68	1545
28-Oct-11	14	55	1986
28-Oct-11	15	53	1913
28-Oct-11	16	64	2079
28-Oct-11	17	71	2174
28-Oct-11	18	78	1669
28-Oct-11	19	87	2062
28-Oct-11	20	87	1851
28-Oct-11	21	91	1975
28-Oct-11	22	89	2383
28-Oct-11	23	100	2605
29-Oct-11	0	101	2131
29-Oct-11	1	98	2384
29-Oct-11	2	96	1834
29-Oct-11	3	89	2121
29-Oct-11	4	81	2874
29-Oct-11	5	81	2640
29-Oct-11	6	81	2198
29-Oct-11	7	67	1956
29-Oct-11	8	64	2007
29-Oct-11	9	62	1324
29-Oct-11	10	52	1259
29-Oct-11	11	46	1158
29-Oct-11	12	39	1261
29-Oct-11	13	46	1573
29-Oct-11	14	51	1458
29-Oct-11	15	56	1249
29-Oct-11	16	69	1257
29-Oct-11	17	72	1351
29-Oct-11	18	77	1452
29-Oct-11	19	79	2055
29-Oct-11	20	77	1467
29-Oct-11	21	84	1469
29-Oct-11	22	98	1911
29-Oct-11	23	92	1504
30-Oct-11	0	83	1421
30-Oct-11	1	89	1386
30-Oct-11	2	95	2690
30-Oct-11	3	79	2723
30-Oct-11	4	80	2823
30-Oct-11	5	84	1716
30-Oct-11	6	78	2040
30-Oct-11	7	55	1426
30-Oct-11	8	46	1383
30-Oct-11	9	44	1538
30-Oct-11	10	38	1295
30-Oct-11	11	43	1213
30-Oct-11	12	38	1420
30-Oct-11	13	32	1079
30-Oct-11	14	40	1237
30-Oct-11	15	55	1579
30-Oct-11	16	61	1863
30-Oct-11	17	66	1630
30-Oct-11	18	74	1685
30-Oct-11	19	70	2030
30-Oct-11	20	74	2037
30-Oct-11	21	67	2018
30-Oct-11	22	62	1695
30-Oct-11	23	60	1587
31-Oct-11	0	69	1829
31-Oct-11	1	72	1276
31-Oct-11	2	75	1558
31-Oct-11	3	77	1936
31-Oct-11	4	65	1922
31-Oct-11	5	64	1960
31-Oct-11	6	56	1690
31-Oct-11	7	49	1439
31-Oct-11	8	38	1365
31-Oct-11	9	30	704
31-Oct-11	10	32	727
31-Oct-11	11	29	681
31-Oct-11	12	33	914
31-Oct-11	13	38	963
31-Oct-11	14	38	1263
31-Oct-11	15	38	1353
31-Oct-11	16	39	1429
31-Oct-11	17	50	1313
31-Oct-11	18	60	1700
31-Oct-11	19	65	1735
31-Oct-11	20	73	2573
31-Oct-11	21	73	4364
31-Oct-11	22	72	4342
31-Oct-11	23	68	1810
1-Nov-11	0	63	1826
1-Nov-11	1	64	1586
1-Nov-11	2	71	1664
1-Nov-11	3	66	2031
1-Nov-11	4	55	1451
1-Nov-11	5	44	1163
1-Nov-11	6	41	1076
1-Nov-11	7	36	1067
1-Nov-11	8	28	754
1-Nov-11	9	32	847
1-Nov-11	10	29	740
1-Nov-11	11	26	717
1-Nov-11	12	31	865
1-Nov-11	13	33	1114
1-Nov-11	14	38	1193
1-Nov-11	15	49	1960
1-Nov-11	16	42	1799
3-Nov-11	15	35	812
3-Nov-11	16	43	1223
3-Nov-11	17	44	1237
3-Nov-11	18	56	1084
3-Nov-11	19	60	1264
3-Nov-11	20	69	1510
3-Nov-11	21	69	1527
3-Nov-11	22	76	1934
3-Nov-11	23	81	1725
4-Nov-11	0	88	1511
4-Nov-11	1	74	1366
4-Nov-11	2	61	1582
4-Nov-11	3	57	1641
4-Nov-11	4	67	1851
4-Nov-11	5	59	1632
4-Nov-11	6	52	1412
4-Nov-11	7	37	815
4-Nov-11	8	26	520
4-Nov-11	9	25	470
4-Nov-11	10	20	373
4-Nov-11	11	22	403
4-Nov-11	12	24	405
4-Nov-11	13	30	525
4-Nov-11	14	33	576
4-Nov-11	15	39	793
4-Nov-11	16	41	891
4-Nov-11	17	45	968
4-Nov-11	18	44	831
4-Nov-11	19	43	836
4-Nov-11	20	51	959
4-Nov-11	21	66	929
4-Nov-11	22	61	1157
4-Nov-11	23	65	1247
5-Nov-11	0	76	1396
5-Nov-11	1	67	1469
5-Nov-11	2	67	1660
5-Nov-11	3	65	1517
5-Nov-11	4	65	1592
5-Nov-11	5	76	1627
5-Nov-11	6	66	1285
5-Nov-11	7	58	1061
5-Nov-11	8	46	994
5-Nov-11	9	40	889
5-Nov-11	10	40	746
5-Nov-11	11	35	621
5-Nov-11	12	37	651
5-Nov-11	13	39	834
5-Nov-11	14	39	794
5-Nov-11	15	39	649
5-Nov-11	16	43	724
5-Nov-11	17	52	789
5-Nov-11	18	64	1148
5-Nov-11	19	64	1282
5-Nov-11	20	58	1735
5-Nov-11	21	67	1731
5-Nov-11	22	63	1494
5-Nov-11	23	79	1271
6-Nov-11	0	77	1464
6-Nov-11	1	66	1476
6-Nov-11	2	75	1698
6-Nov-11	3	72	1878
6-Nov-11	4	79	1836
6-Nov-11	5	72	2446
6-Nov-11	6	60	1993
6-Nov-11	7	58	1737
6-Nov-11	8	44	1122
6-Nov-11	9	41	1118
6-Nov-11	10	35	819
6-Nov-11	11	30	865
6-Nov-11	12	31	852
6-Nov-11	13	32	800
6-Nov-11	14	39	776
6-Nov-11	15	39	1025
6-Nov-11	16	45	1239
6-Nov-11	17	42	1251
6-Nov-11	18	56	1327
6-Nov-11	19	61	1276
6-Nov-11	20	54	1054
6-Nov-11	21	58	1062
6-Nov-11	22	60	1248
6-Nov-11	23	55	1350
7-Nov-11	0	51	1195
7-Nov-11	1	49	1196
7-Nov-11	2	56	1308
7-Nov-11	3	53	1212
7-Nov-11	4	46	1078
7-Nov-11	5	47	805
7-Nov-11	6	57	706
7-Nov-11	7	48	714
7-Nov-11	8	42	721
7-Nov-11	9	41	884
7-Nov-11	10	32	669
7-Nov-11	11	27	516
7-Nov-11	12	25	459
7-Nov-11	13	22	551
7-Nov-11	14	21	474
7-Nov-11	15	27	611
7-Nov-11	16	33	583
7-Nov-11	17	31	804
7-Nov-11	18	28	1065
7-Nov-11	19	34	1012
7-Nov-11	20	44	924
7-Nov-11	21	40	1017
7-Nov-11	22	39	1077
7-Nov-11	23	40	938
8-Nov-11	0	42	1004
8-Nov-11	1	44	830
8-Nov-11	2	46	771
8-Nov-11	3	39	827
8-Nov-11	4	37	740
8-Nov-11	5	45	908
8-Nov-11	6	48	996
8-Nov-11	7	47	777
8-Nov-11	8	43	647
8-Nov-11	9	32	480
8-Nov-11	10	32	370
8-Nov-11	11	28	334
8-Nov-11	12	36	434
8-Nov-11	13	25	478
8-Nov-11	14	31	528
8-Nov-11	15	26	591
8-Nov-11	16	27	594
8-Nov-11	17	35	691
8-Nov-11	18	38	573
8-Nov-11	19	40	596
8-Nov-11	20	36	531
8-Nov-11	21	38	526
8-Nov-11	22	43	578
8-Nov-11	23	38	515
9-Nov-11	0	40	493
9-Nov-11	1	42	431
9-Nov-11	2	43	456
9-Nov-11	3	48	587
9-Nov-11	4	35	434
9-Nov-11	5	57	532
9-Nov-11	6	45	596
9-Nov-11	7	45	586
9-Nov-11	8	38	456
9-Nov-11	9	29	599
9-Nov-11	10	27	195
9-Nov-11	11	26	198
9-Nov-11	12	26	530
9-Nov-11	13	19	441
9-Nov-11	14	16	352
9-Nov-11	15	15	382
9-Nov-11	16	24	458
9-Nov-11	17	26	476
9-Nov-11	18	30	557
9-Nov-11	19	28	664
9-Nov-11	20	34	589
9-Nov-11	21	38	1592
9-Nov-11	22	38	1527
9-Nov-11	23	40	1303
10-Nov-11	0	39	579
10-Nov-11	1	43	593
10-Nov-11	2	44	399
10-Nov-11	3	42	379
10-Nov-11	4	40	346
10-Nov-11	5	43	457
10-Nov-11	6	40	546
10-Nov-11	7	38	571
10-Nov-11	8	35	541
10-Nov-11	9	31	276
10-Nov-11	10	27	300
10-Nov-11	11	18	336
10-Nov-11	12	15	344
10-Nov-11	13	14	348
10-Nov-11	14	19	424
10-Nov-11	15	22	398
10-Nov-11	16	20	490
10-Nov-11	17	24	545
10-Nov-11	18	24	386
10-Nov-11	19	19	371
10-Nov-11	20	23	513
10-Nov-11	21	25	681
10-Nov-11	22	30	884
10-Nov-11	23	34	748
11-Nov-11	0	37	798
11-Nov-11	1	37	753
11-Nov-11	2	36	564
11-Nov-11	3	38	650
11-Nov-11	4	33	678
11-Nov-11	5	35	700
11-Nov-11	6	42	306
11-Nov-11	7	44	394
11-Nov-11	8	34	202
11-Nov-11	9	21	123
11-Nov-11	10	19	138
11-Nov-11	11	23	156
11-Nov-11	12	21	271
11-Nov-11	13	21	345
11-Nov-11	14	18	355
11-Nov-11	15	22	454
11-Nov-11	16	25	569
11-Nov-11	17	29	627
11-Nov-11	18	40	788
11-Nov-11	19	30	267
11-Nov-11	20	28	273
11-Nov-11	21	32	433
11-Nov-11	22	40	406
11-Nov-11	23	33	444
12-Nov-11	0	36	304
12-Nov-11	1	36	351
12-Nov-11	2	29	338
12-Nov-11	3	37	629
12-Nov-11	4	37	965
12-Nov-11	5	33	607
12-Nov-11	6	32	262
12-Nov-11	7	26	1199
12-Nov-11	8	23	1052
12-Nov-11	9	20	296
12-Nov-11	10	18	291
12-Nov-11	11	17	169
12-Nov-11	12	17	184
12-Nov-11	13	21	163
12-Nov-11	14	23	197
12-Nov-11	15	26	281
12-Nov-11	16	27	272
12-Nov-11	17	28	306
12-Nov-11	18	27	275
12-Nov-11	19	29	382
12-Nov-11	20	39	408
12-Nov-11	21	28	322
12-Nov-11	22	31	340
12-Nov-11	23	30	260
13-Nov-11	0	35	347
13-Nov-11	1	38	583
13-Nov-11	2	36	702
13-Nov-11	3	26	209
13-Nov-11	4	23	120
13-Nov-11	5	33	829
13-Nov-11	6	28	271
13-Nov-11	7	32	155
13-Nov-11	8	31	168
13-Nov-11	12	16	293
13-Nov-11	13	22	434
13-Nov-11	14	22	365
13-Nov-11	15	29	341
13-Nov-11	16	29	372
13-Nov-11	17	32	725
13-Nov-11	18	35	670
13-Nov-11	19	29	918
13-Nov-11	20	40	669
13-Nov-11	21	43	585
13-Nov-11	22	37	711
13-Nov-11	23	22	357
14-Nov-11	0	28	310
14-Nov-11	1	28	282
14-Nov-11	2	28	480
14-Nov-11	3	27	476
14-Nov-11	4	21	181
14-Nov-11	5	19	162
14-Nov-11	6	19	170
14-Nov-11	7	17	143
14-Nov-11	8	14	187
14-Nov-11	9	13	105
14-Nov-11	10	14	92
14-Nov-11	11	14	92
14-Nov-11	12	16	485
14-Nov-11	13	19	371
14-Nov-11	14	22	393
14-Nov-11	15	28	455
14-Nov-11	16	25	480
14-Nov-11	17	19	478
14-Nov-11	18	21	458
14-Nov-11	19	26	418
14-Nov-11	20	22	427
14-Nov-11	21	33	593
14-Nov-11	22	36	549
14-Nov-11	23	37	662
15-Nov-11	0	37	636
15-Nov-11	1	27	291
15-Nov-11	2	29	476
15-Nov-11	3	32	394
15-Nov-11	4	30	318
15-Nov-11	5	25	303
15-Nov-11	6	15	338
15-Nov-11	7	8	213
15-Nov-11	8	9	201
15-Nov-11	9	12	205
15-Nov-11	10	10	216
15-Nov-11	11	16	232
15-Nov-11	12	18	291
15-Nov-11	13	19	373
15-Nov-11	14	19	415
15-Nov-11	15	25	438
15-Nov-11	16	22	298
15-Nov-11	17	21	328
15-Nov-11	18	22	404
15-Nov-11	19	21	523
15-Nov-11	20	25	651
15-Nov-11	21	22	342
15-Nov-11	22	25	335
15-Nov-11	23	24	355
16-Nov-11	0	32	423
16-Nov-11	1	31	605
16-Nov-11	2	27	545
16-Nov-11	3	24	554
16-Nov-11	4	27	239
16-Nov-11	5	27	285
16-Nov-11	6	20	275
16-Nov-11	7	17	148
16-Nov-11	8	15	191
16-Nov-11	9	13	173
16-Nov-11	10	15	197
16-Nov-11	11	11	237
16-Nov-11	12	13	207
16-Nov-11	13	15	271
16-Nov-11	14	20	290
16-Nov-11	15	19	314
16-Nov-11	16	17	343
16-Nov-11	17	19	416
16-Nov-11	18	22	349
16-Nov-11	19	20	365
16-Nov-11	20	24	297
16-Nov-11	21	27	320
16-Nov-11	22	33	396
16-Nov-11	23	22	235
17-Nov-11	0	25	247
17-Nov-11	1	26	255
17-Nov-11	2	27	302
17-Nov-11	3	34	302
17-Nov-11	4	29	299
17-Nov-11	5	26	234
17-Nov-11	6	29	244
17-Nov-11	7	28	324
17-Nov-11	8	25	237
17-Nov-11	9	19	301
17-Nov-11	10	20	252
17-Nov-11	11	21	266
17-Nov-11	12	23	289
17-Nov-11	13	23	676
17-Nov-11	14	19	586
17-Nov-11	15	22	534
17-Nov-11	16	20	544
17-Nov-11	17	19	504
17-Nov-11	18	18	372
17-Nov-11	19	23	532
17-Nov-11	20	28	473
17-Nov-11	21	27	634
17-Nov-11	22	33	488
17-Nov-11	23	35	355
18-Nov-11	0	37	515
18-Nov-11	1	37	655
18-Nov-11	2	38	671
18-Nov-11	3	42	737
18-Nov-11	4	35	921
18-Nov-11	5	28	798
18-Nov-11	6	25	244
18-Nov-11	7	12	172
18-Nov-11	8	12	164
18-Nov-11	9	11	222
18-Nov-11	10	10	140
18-Nov-11	11	9	173
18-Nov-11	12	9	150
18-Nov-11	13	20	215
18-Nov-11	14	25	455
18-Nov-11	15	18	726
18-Nov-11	16	19	1096
18-Nov-11	17	21	517
18-Nov-11	18	19	707
18-Nov-11	19	20	843
18-Nov-11	20	27	334
18-Nov-11	21	27	358
18-Nov-11	22	20	304
18-Nov-11	23	24	388
19-Nov-11	0	31	585
19-Nov-11	1	31	269
19-Nov-11	2	35	295
19-Nov-11	3	30	284
19-Nov-11	4	25	257
19-Nov-11	5	30	242
19-Nov-11	6	30	188
19-Nov-11	7	27	179
19-Nov-11	8	21	161
19-Nov-11	9	16	176
19-Nov-11	10	15	259
19-Nov-11	11	18	300
19-Nov-11	12	18	138
19-Nov-11	13	26	191
19-Nov-11	14	26	221
19-Nov-11	15	30	299
19-Nov-11	16	25	488
19-Nov-11	17	27	366
19-Nov-11	18	21	347
19-Nov-11	19	28	351
19-Nov-11	20	27	310
19-Nov-11	21	31	421
19-Nov-11	22	34	440
19-Nov-11	23	24	277
20-Nov-11	0	22	319
20-Nov-11	1	21	259
20-Nov-11	2	26	400
20-Nov-11	3	23	237
20-Nov-11	4	24	230
20-Nov-11	5	21	214
20-Nov-11	6	17	186
20-Nov-11	7	17	202
20-Nov-11	8	17	258
20-Nov-11	9	17	256
20-Nov-11	10	17	329
20-Nov-11	11	17	267
20-Nov-11	12	17	313
20-Nov-11	13	18	284
20-Nov-11	14	20	337
20-Nov-11	15	21	339
20-Nov-11	16	20	314
20-Nov-11	17	17	287
20-Nov-11	18	19	259
20-Nov-11	19	18	373
20-Nov-11	20	23	317
20-Nov-11	21	30	272
20-Nov-11	22	31	249
20-Nov-11	23	22	268
21-Nov-11	0	21	230
21-Nov-11	1	20	259
21-Nov-11	2	20	322
21-Nov-11	3	25	396
21-Nov-11	4	23	312
21-Nov-11	5	16	225
21-Nov-11	6	13	217
21-Nov-11	7	13	222
21-Nov-11	8	12	219
21-Nov-11	9	14	226
21-Nov-11	10	15	266
21-Nov-11	11	16	227
21-Nov-11	12	21	266
21-Nov-11	13	25	256
21-Nov-11	14	29	504
21-Nov-11	15	20	393
21-Nov-11	16	20	424
21-Nov-11	17	19	515
21-Nov-11	18	16	529
21-Nov-11	19	24	536
21-Nov-11	20	26	653
21-Nov-11	21	28	648
21-Nov-11	22	29	616
21-Nov-11	23	36	553
22-Nov-11	0	33	399
22-Nov-11	1	31	341
22-Nov-11	2	27	181
22-Nov-11	3	27	194
22-Nov-11	4	22	299
22-Nov-11	5	21	355
22-Nov-11	6	18	311
22-Nov-11	7	15	216
22-Nov-11	8	8	143
22-Nov-11	9	15	151
22-Nov-11	10	16	216
22-Nov-11	11	17	208
22-Nov-11	12	21	307
22-Nov-11	13	22	326
22-Nov-11	14	27	425
22-Nov-11	15	31	482
22-Nov-11	16	27	561
22-Nov-11	17	26	387
22-Nov-11	18	27	379
22-Nov-11	19	29	466
22-Nov-11	20	23	570
22-Nov-11	21	29	512
22-Nov-11	22	35	493
22-Nov-11	23	38	519
23-Nov-11	0	29	314
23-Nov-11	1	32	305
23-Nov-11	2	32	276
23-Nov-11	3	30	300
23-Nov-11	4	35	305
23-Nov-11	5	23	259
23-Nov-11	6	29	288
23-Nov-11	7	23	194
23-Nov-11	8	20	253
23-Nov-11	9	12	194
23-Nov-11	10	14	197
23-Nov-11	11	19	259
23-Nov-11	12	13	171
23-Nov-11	13	14	179
23-Nov-11	14	16	267
23-Nov-11	15	20	312
23-Nov-11	16	18	507
23-Nov-11	17	26	581
23-Nov-11	18	29	712
23-Nov-11	19	22	592
23-Nov-11	20	25	591
23-Nov-11	21	21	605
23-Nov-11	22	27	672
23-Nov-11	23	30	451
24-Nov-11	0	28	317
24-Nov-11	1	30	361
24-Nov-11	2	34	364
24-Nov-11	3	26	382
24-Nov-11	4	26	385
24-Nov-11	5	28	433
24-Nov-11	6	28	376
24-Nov-11	7	24	266
24-Nov-11	8	21	244
24-Nov-11	9	21	258
24-Nov-11	10	19	277
24-Nov-11	11	18	246
24-Nov-11	12	16	238
24-Nov-11	13	17	263
24-Nov-11	14	18	360
24-Nov-11	15	22	395
24-Nov-11	16	23	283
24-Nov-11	17	28	322
24-Nov-11	18	26	284
24-Nov-11	19	30	398
24-Nov-11	20	29	413
24-Nov-11	21	27	415
24-Nov-11	22	26	283
24-Nov-11	23	23	319
25-Nov-11	0	24	420
25-Nov-11	1	26	441
25-Nov-11	2	24	345
25-Nov-11	3	20	303
25-Nov-11	4	30	406
25-Nov-11	5	29	346
25-Nov-11	6	29	400
25-Nov-11	7	26	375
25-Nov-11	8	21	307
25-Nov-11	9	17	239
25-Nov-11	10	18	222
25-Nov-11	11	19	217
25-Nov-11	12	18	253
25-Nov-11	13	20	257
25-Nov-11	14	24	265
25-Nov-11	15	26	250
25-Nov-11	16	27	283
25-Nov-11	17	25	314
25-Nov-11	18	23	280
25-Nov-11	19	21	346
25-Nov-11	20	21	461
25-Nov-11	21	27	512
25-Nov-11	22	33	302
25-Nov-11	23	31	348
26-Nov-11	0	30	382
26-Nov-11	1	27	431
26-Nov-11	2	22	322
26-Nov-11	3	24	306
26-Nov-11	4	27	367
26-Nov-11	5	26	259
26-Nov-11	6	25	251
26-Nov-11	7	20	201
26-Nov-11	8	18	130
26-Nov-11	9	17	184
26-Nov-11	10	15	182
26-Nov-11	11	23	240
26-Nov-11	12	20	212
26-Nov-11	13	19	235
26-Nov-11	14	22	223
26-Nov-11	15	22	256
26-Nov-11	16	25	278
26-Nov-11	17	23	266
26-Nov-11	18	23	271
26-Nov-11	19	24	296
26-Nov-11	20	23	346
26-Nov-11	21	24	467
26-Nov-11	22	22	472
26-Nov-11	23	22	400
27-Nov-11	0	19	426
27-Nov-11	1	34	393
27-Nov-11	2	30	486
27-Nov-11	3	33	593
27-Nov-11	4	34	513
27-Nov-11	5	33	546
27-Nov-11	6	19	357
27-Nov-11	7	21	431
27-Nov-11	8	21	338
27-Nov-11	9	21	364
27-Nov-11	10	22	415
27-Nov-11	11	20	295
27-Nov-11	12	20	318
27-Nov-11	13	21	429
27-Nov-11	14	20	488
27-Nov-11	15	24	290
27-Nov-11	16	21	374
27-Nov-11	17	23	321
27-Nov-11	18	20	333
27-Nov-11	19	28	441
27-Nov-11	20	31	577
27-Nov-11	21	35	574
27-Nov-11	22	35	576
27-Nov-11	23	34	543
28-Nov-11	0	29	425
28-Nov-11	1	27	691
28-Nov-11	2	20	649
28-Nov-11	3	21	616
28-Nov-11	4	18	592
28-Nov-11	5	22	510
28-Nov-11	6	19	300
28-Nov-11	7	19	138
28-Nov-11	8	21	132
28-Nov-11	9	21	171
28-Nov-11	10	16	237
28-Nov-11	11	24	313
28-Nov-11	12	24	272
28-Nov-11	13	28	278
28-Nov-11	14	27	509
28-Nov-11	15	21	487
28-Nov-11	16	24	565
28-Nov-11	17	22	334
28-Nov-11	18	22	331
28-Nov-11	19	24	307
28-Nov-11	20	25	452
28-Nov-11	21	27	513
28-Nov-11	22	28	538
28-Nov-11	23	23	448
29-Nov-11	0	26	478
29-Nov-11	1	24	463
29-Nov-11	2	27	454
29-Nov-11	3	25	439
29-Nov-11	4	28	213
29-Nov-11	5	27	270
29-Nov-11	6	34	615
29-Nov-11	7	29	598
29-Nov-11	8	18	468
29-Nov-11	9	17	352
29-Nov-11	10	15	253
29-Nov-11	11	18	214
29-Nov-11	12	17	211
29-Nov-11	13	20	284
29-Nov-11	14	20	442
29-Nov-11	15	24	533
29-Nov-11	16	21	534
29-Nov-11	17	22	399
29-Nov-11	18	27	382
29-Nov-11	19	26	437
29-Nov-11	20	29	635
29-Nov-11	21	29	532
29-Nov-11	22	24	420
29-Nov-11	23	22	364
30-Nov-11	0	24	433
30-Nov-11	1	32	341
30-Nov-11	2	34	435
30-Nov-11	3	24	479
30-Nov-11	4	27	470
30-Nov-11	5	25	533
30-Nov-11	6	26	163
30-Nov-11	7	26	159
30-Nov-11	8	18	132
30-Nov-11	9	14	150
30-Nov-11	10	18	218
30-Nov-11	11	20	279
30-Nov-11	12	20	255
30-Nov-11	13	17	310
30-Nov-11	14	24	311
30-Nov-11	15	22	329
30-Nov-11	16	21	332
30-Nov-11	17	14	305
30-Nov-11	18	19	601
30-Nov-11	19	20	708
30-Nov-11	20	19	748
30-Nov-11	21	29	1232
30-Nov-11	22	36	853
30-Nov-11	23	34	934
1-Dec-11	0	31	668
1-Dec-11	1	32	358
1-Dec-11	2	20	351
1-Dec-11	3	21	475
1-Dec-11	4	31	903
1-Dec-11	5	36	821
1-Dec-11	6	31	692
1-Dec-11	7	30	495
1-Dec-11	8	23	296
1-Dec-11	9	24	256
1-Dec-11	10	18	257
1-Dec-11	11	19	292
1-Dec-11	12	18	278
1-Dec-11	13	21	238
1-Dec-11	14	20	248
1-Dec-11	15	23	246
1-Dec-11	16	25	296
1-Dec-11	17	28	342
1-Dec-11	18	24	478
1-Dec-11	19	28	400
1-Dec-11	20	32	415
1-Dec-11	21	36	452
1-Dec-11	22	34	458
1-Dec-11	23	38	400
2-Dec-11	0	50	557
2-Dec-11	1	40	415
2-Dec-11	2	45	788
2-Dec-11	3	42	705
2-Dec-11	4	28	544
2-Dec-11	5	35	465
2-Dec-11	6	32	238
2-Dec-11	7	27	249
2-Dec-11	8	21	246
2-Dec-11	9	20	321
2-Dec-11	10	20	225
2-Dec-11	11	15	197
2-Dec-11	12	14	213
2-Dec-11	13	17	266
2-Dec-11	14	21	260
2-Dec-11	15	31	361
2-Dec-11	16	26	354
2-Dec-11	17	21	357
2-Dec-11	18	23	358
2-Dec-11	19	29	570
2-Dec-11	20	32	485
2-Dec-11	21	29	572
2-Dec-11	22	26	425
2-Dec-11	23	32	428
3-Dec-11	0	36	387
3-Dec-11	1	35	470
3-Dec-11	2	36	570
3-Dec-11	3	34	778
3-Dec-11	4	42	666
3-Dec-11	5	33	484
3-Dec-11	6	33	427
3-Dec-11	7	37	393
3-Dec-11	8	27	540
3-Dec-11	9	25	500
3-Dec-11	10	25	564
3-Dec-11	11	24	602
3-Dec-11	12	24	278
3-Dec-11	13	29	316
3-Dec-11	14	27	316
3-Dec-11	15	29	352
3-Dec-11	16	23	234
3-Dec-11	17	20	241
3-Dec-11	18	32	267
3-Dec-11	19	40	409
3-Dec-11	20	34	397
3-Dec-11	21	36	432
3-Dec-11	22	41	460
3-Dec-11	23	38	719
4-Dec-11	0	40	792
4-Dec-11	1	39	768
4-Dec-11	2	40	495
4-Dec-11	3	33	557
4-Dec-11	4	34	580
4-Dec-11	5	37	576
4-Dec-11	6	35	612
4-Dec-11	7	30	266
4-Dec-11	8	24	191
4-Dec-11	9	26	263
4-Dec-11	10	25	966
4-Dec-11	11	29	488
4-Dec-11	12	26	367
4-Dec-11	13	25	266
4-Dec-11	14	27	294
4-Dec-11	15	22	396
4-Dec-11	16	24	272
4-Dec-11	17	31	351
4-Dec-11	18	30	380
4-Dec-11	19	27	447
4-Dec-11	20	33	454
4-Dec-11	21	34	421
4-Dec-11	22	33	372
4-Dec-11	23	33	396
5-Dec-11	0	29	498
5-Dec-11	1	35	597
5-Dec-11	2	41	587
5-Dec-11	3	36	466
5-Dec-11	4	30	479
5-Dec-11	5	29	349
5-Dec-11	6	28	389
5-Dec-11	7	28	402
5-Dec-11	8	24	387
5-Dec-11	9	25	393
5-Dec-11	10	22	292
5-Dec-11	11	23	258
5-Dec-11	12	17	283
5-Dec-11	13	16	277
5-Dec-11	14	20	314
5-Dec-11	15	27	359
5-Dec-11	16	21	375
5-Dec-11	17	22	337
5-Dec-11	18	22	374
5-Dec-11	19	27	374
5-Dec-11	20	33	843
5-Dec-11	21	28	709
5-Dec-11	22	28	365
5-Dec-11	23	22	489
6-Dec-11	0	25	679
6-Dec-11	1	27	654
6-Dec-11	2	34	523
6-Dec-11	3	39	894
6-Dec-11	4	38	700
6-Dec-11	5	34	608
6-Dec-11	6	29	500
6-Dec-11	7	30	494
6-Dec-11	8	33	477
6-Dec-11	9	17	248
6-Dec-11	10	19	235
6-Dec-11	11	19	263
6-Dec-11	12	19	298
6-Dec-11	13	20	368
6-Dec-11	14	19	547
6-Dec-11	15	18	506
6-Dec-11	16	23	741
6-Dec-11	17	31	846
6-Dec-11	18	34	617
6-Dec-11	19	34	586
6-Dec-11	20	39	500
6-Dec-11	21	39	618
6-Dec-11	22	34	670
6-Dec-11	23	27	513
7-Dec-11	0	35	700
7-Dec-11	1	41	724
7-Dec-11	2	41	706
7-Dec-11	3	53	851
7-Dec-11	4	61	1114
7-Dec-11	5	50	1152
7-Dec-11	6	55	975
7-Dec-11	7	51	630
7-Dec-11	8	31	312
7-Dec-11	9	24	481
7-Dec-11	10	19	247
7-Dec-11	11	18	272
7-Dec-11	12	19	350
7-Dec-11	13	20	399
7-Dec-11	14	22	428
7-Dec-11	15	23	318
7-Dec-11	16	23	407
7-Dec-11	17	28	407
7-Dec-11	18	26	406
7-Dec-11	19	28	531
7-Dec-11	20	34	456
7-Dec-11	21	41	582
7-Dec-11	22	41	589
7-Dec-11	23	37	509
8-Dec-11	0	40	511
8-Dec-11	1	53	500
8-Dec-11	2	51	653
8-Dec-11	3	53	819
8-Dec-11	4	45	832
8-Dec-11	5	41	608
8-Dec-11	6	40	554
8-Dec-11	7	34	270
8-Dec-11	8	24	193
8-Dec-11	9	14	208
8-Dec-11	10	17	220
8-Dec-11	11	17	290
8-Dec-11	12	16	251
8-Dec-11	13	13	203
8-Dec-11	14	17	191
8-Dec-11	15	23	230
8-Dec-11	16	25	293
8-Dec-11	17	24	411
8-Dec-11	18	38	422
8-Dec-11	19	43	634
8-Dec-11	20	34	585
8-Dec-11	21	48	664
8-Dec-11	22	50	765
8-Dec-11	23	38	491
9-Dec-11	0	42	506
9-Dec-11	1	37	468
9-Dec-11	2	37	421
9-Dec-11	3	42	504
9-Dec-11	4	34	458
9-Dec-11	5	35	497
9-Dec-11	6	34	494
9-Dec-11	7	32	466
9-Dec-11	8	24	351
9-Dec-11	9	25	243
9-Dec-11	10	22	243
9-Dec-11	11	20	254
9-Dec-11	12	20	273
9-Dec-11	13	17	263
9-Dec-11	14	13	220
9-Dec-11	15	15	215
9-Dec-11	16	23	338
9-Dec-11	17	32	350
9-Dec-11	18	37	431
9-Dec-11	19	33	526
9-Dec-11	20	41	615
9-Dec-11	21	44	537
9-Dec-11	22	41	490
9-Dec-11	23	39	531
10-Dec-11	0	52	587
10-Dec-11	1	50	545
10-Dec-11	2	62	591
10-Dec-11	3	55	675
10-Dec-11	4	56	663
10-Dec-11	5	58	1181
10-Dec-11	6	46	1238
10-Dec-11	7	40	952
10-Dec-11	8	25	537
10-Dec-11	9	27	455
10-Dec-11	10	25	406
10-Dec-11	11	32	368
10-Dec-11	12	31	335
10-Dec-11	13	19	316
10-Dec-11	14	21	365
10-Dec-11	15	26	386
10-Dec-11	16	32	622
10-Dec-11	17	35	460
10-Dec-11	18	32	561
10-Dec-11	19	33	578
10-Dec-11	20	38	498
10-Dec-11	21	43	431
10-Dec-11	22	38	427
10-Dec-11	23	39	473
11-Dec-11	0	38	533
11-Dec-11	1	42	633
11-Dec-11	2	48	1091
11-Dec-11	3	38	541
11-Dec-11	4	49	507
11-Dec-11	5	40	493
11-Dec-11	6	41	594
11-Dec-11	7	36	567
11-Dec-11	8	36	382
11-Dec-11	9	30	220
11-Dec-11	10	25	207
11-Dec-11	11	20	182
11-Dec-11	12	23	228
11-Dec-11	13	19	209
11-Dec-11	14	22	348
11-Dec-11	15	15	262
11-Dec-11	16	24	319
11-Dec-11	17	27	264
11-Dec-11	18	34	371
11-Dec-11	19	43	422
11-Dec-11	20	44	534
11-Dec-11	21	44	764
11-Dec-11	22	44	820
11-Dec-11	23	43	741
12-Dec-11	0	40	496
12-Dec-11	1	35	663
12-Dec-11	2	48	673
12-Dec-11	3	42	508
12-Dec-11	4	39	580
12-Dec-11	5	46	589
12-Dec-11	6	44	634
12-Dec-11	7	30	367
12-Dec-11	8	28	201
12-Dec-11	9	25	159
12-Dec-11	10	29	175
12-Dec-11	11	30	279
12-Dec-11	12	22	271
12-Dec-11	13	20	267
12-Dec-11	14	19	237
12-Dec-11	15	20	240
12-Dec-11	16	22	317
12-Dec-11	17	28	449
12-Dec-11	18	36	542
12-Dec-11	19	34	672
12-Dec-11	20	39	780
12-Dec-11	21	33	735
12-Dec-11	22	32	539
12-Dec-11	23	31	554
13-Dec-11	0	39	550
13-Dec-11	1	40	436
13-Dec-11	2	37	548
13-Dec-11	3	45	855
13-Dec-11	4	41	864
13-Dec-11	5	33	846
13-Dec-11	6	26	833
13-Dec-11	7	26	366
13-Dec-11	8	23	386
13-Dec-11	9	24	353
13-Dec-11	10	28	305
13-Dec-11	11	33	379
13-Dec-11	12	37	528
13-Dec-11	13	37	516
13-Dec-11	14	31	497
13-Dec-11	15	34	557
13-Dec-11	16	44	673
13-Dec-11	17	47	664
13-Dec-11	18	48	798
13-Dec-11	19	35	528
13-Dec-11	20	29	650
13-Dec-11	21	34	786
13-Dec-11	22	54	1406
13-Dec-11	23	62	1531
14-Dec-11	0	59	1132
14-Dec-11	1	65	1125
14-Dec-11	2	64	1119
14-Dec-11	3	47	789
14-Dec-11	4	52	828
14-Dec-11	5	46	631
14-Dec-11	6	37	622
14-Dec-11	7	36	615
14-Dec-11	8	32	545
14-Dec-11	9	32	560
14-Dec-11	10	29	562
14-Dec-11	11	23	539
14-Dec-11	12	25	452
14-Dec-11	13	23	407
14-Dec-11	14	20	334
14-Dec-11	15	33	431
14-Dec-11	16	33	486
14-Dec-11	17	31	715
14-Dec-11	18	35	776
14-Dec-11	19	40	776
14-Dec-11	20	47	866
14-Dec-11	21	53	718
14-Dec-11	22	46	549
14-Dec-11	23	48	538
15-Dec-11	0	49	676
15-Dec-11	1	39	562
15-Dec-11	2	43	538
15-Dec-11	3	51	679
15-Dec-11	4	56	577
15-Dec-11	5	48	474
15-Dec-11	6	40	391
15-Dec-11	7	41	386
15-Dec-11	8	35	421
15-Dec-11	9	32	400
15-Dec-11	10	26	261
15-Dec-11	11	24	388
15-Dec-11	12	20	260
15-Dec-11	13	23	305
15-Dec-11	14	25	345
15-Dec-11	15	23	385
15-Dec-11	16	28	480
15-Dec-11	17	28	552
15-Dec-11	18	32	911
15-Dec-11	19	42	556
15-Dec-11	20	40	642
15-Dec-11	21	37	526
15-Dec-11	22	30	508
15-Dec-11	23	30	549
16-Dec-11	0	35	608
16-Dec-11	1	44	438
16-Dec-11	2	46	533
16-Dec-11	3	44	634
16-Dec-11	4	40	755
16-Dec-11	5	35	591
16-Dec-11	6	40	519
16-Dec-11	7	26	281
16-Dec-11	8	28	279
16-Dec-11	9	29	340
16-Dec-11	10	23	560
16-Dec-11	11	17	401
16-Dec-11	12	21	410
16-Dec-11	13	14	389
16-Dec-11	14	22	384
16-Dec-11	15	27	452
16-Dec-11	16	25	490
16-Dec-11	17	19	576
16-Dec-11	18	25	477
16-Dec-11	19	25	381
16-Dec-11	20	30	394
16-Dec-11	21	40	391
16-Dec-11	22	39	739
16-Dec-11	23	42	1174
17-Dec-11	0	41	960
17-Dec-11	1	38	800
17-Dec-11	2	41	520
17-Dec-11	3	40	799
17-Dec-11	4	39	591
17-Dec-11	5	30	441
17-Dec-11	6	35	541
17-Dec-11	7	31	598
17-Dec-11	8	25	335
17-Dec-11	9	27	436
17-Dec-11	10	26	212
17-Dec-11	11	22	215
17-Dec-11	12	25	307
17-Dec-11	13	22	325
17-Dec-11	14	18	478
17-Dec-11	15	16	498
17-Dec-11	16	20	452
17-Dec-11	17	25	540
17-Dec-11	18	25	767
17-Dec-11	19	39	635
17-Dec-11	20	40	413
17-Dec-11	21	34	510
17-Dec-11	22	44	522
17-Dec-11	23	45	543
18-Dec-11	0	45	518
18-Dec-11	1	34	606
18-Dec-11	2	35	395
18-Dec-11	3	33	595
18-Dec-11	4	37	392
18-Dec-11	5	35	341
18-Dec-11	6	38	446
18-Dec-11	7	32	323
18-Dec-11	8	31	301
18-Dec-11	9	32	384
18-Dec-11	10	31	405
18-Dec-11	11	27	277
18-Dec-11	12	25	289
18-Dec-11	13	22	274
18-Dec-11	14	21	244
18-Dec-11	15	17	168
18-Dec-11	16	27	302
18-Dec-11	17	27	325
18-Dec-11	18	28	374
18-Dec-11	19	27	442
18-Dec-11	20	29	357
18-Dec-11	21	29	446
18-Dec-11	22	28	453
18-Dec-11	23	37	578
19-Dec-11	0	34	529
19-Dec-11	1	25	493
19-Dec-11	2	33	516
19-Dec-11	3	31	479
19-Dec-11	4	29	517
19-Dec-11	5	27	444
19-Dec-11	6	30	593
19-Dec-11	7	27	443
19-Dec-11	8	28	412
19-Dec-11	9	27	696
19-Dec-11	10	24	227
19-Dec-11	11	22	352
19-Dec-11	12	20	293
19-Dec-11	13	17	372
19-Dec-11	14	20	353
19-Dec-11	15	20	617
19-Dec-11	16	22	628
19-Dec-11	17	27	702
19-Dec-11	18	29	849
19-Dec-11	19	36	640
19-Dec-11	20	33	920
19-Dec-11	21	33	796
19-Dec-11	22	36	681
19-Dec-11	23	45	610
20-Dec-11	0	42	537
20-Dec-11	1	42	608
20-Dec-11	2	40	645
20-Dec-11	3	44	769
20-Dec-11	4	40	662
20-Dec-11	5	41	766
20-Dec-11	6	30	502
20-Dec-11	7	31	428
20-Dec-11	8	25	286
20-Dec-11	9	18	390
20-Dec-11	10	13	373
20-Dec-11	11	15	304
20-Dec-11	12	15	319
20-Dec-11	13	10	294
20-Dec-11	14	9	203
20-Dec-11	15	12	445
20-Dec-11	16	15	435
20-Dec-11	17	13	499
20-Dec-11	18	16	818
20-Dec-11	19	22	655
20-Dec-11	20	32	1136
20-Dec-11	21	38	867
20-Dec-11	22	37	719
20-Dec-11	23	35	631
21-Dec-11	0	44	818
21-Dec-11	1	33	544
21-Dec-11	2	37	565
21-Dec-11	3	37	461
21-Dec-11	4	43	498
21-Dec-11	5	25	432
21-Dec-11	6	30	425
21-Dec-11	7	23	607
21-Dec-11	8	17	438
21-Dec-11	9	16	417
21-Dec-11	10	21	270
21-Dec-11	11	19	249
21-Dec-11	12	18	227
21-Dec-11	13	18	311
21-Dec-11	14	21	313
21-Dec-11	15	20	479
21-Dec-11	16	20	531
21-Dec-11	17	26	641
21-Dec-11	18	18	533
21-Dec-11	19	22	563
21-Dec-11	20	29	594
21-Dec-11	21	33	476
21-Dec-11	22	34	537
21-Dec-11	23	37	484
22-Dec-11	0	33	531
22-Dec-11	1	29	665
22-Dec-11	2	28	524
22-Dec-11	3	32	498
22-Dec-11	4	36	524
22-Dec-11	5	42	942
22-Dec-11	6	38	707
22-Dec-11	7	32	582
22-Dec-11	8	29	577
22-Dec-11	9	25	606
22-Dec-11	10	24	468
22-Dec-11	11	21	286
22-Dec-11	12	22	326
22-Dec-11	13	19	295
22-Dec-11	14	23	280
22-Dec-11	15	26	578
22-Dec-11	16	27	662
22-Dec-11	17	28	749
22-Dec-11	18	29	503
22-Dec-11	19	27	575
22-Dec-11	20	27	781
22-Dec-11	21	37	574
22-Dec-11	22	36	632
22-Dec-11	23	40	685
23-Dec-11	0	30	466
23-Dec-11	1	35	537
23-Dec-11	2	33	518
23-Dec-11	3	34	517
23-Dec-11	4	27	429
23-Dec-11	5	32	483
23-Dec-11	6	26	440
23-Dec-11	7	23	327
23-Dec-11	8	24	605
23-Dec-11	9	22	277
23-Dec-11	10	17	264
23-Dec-11	11	18	240
23-Dec-11	12	16	291
23-Dec-11	13	18	327
23-Dec-11	14	22	458
23-Dec-11	15	23	598
23-Dec-11	16	23	699
23-Dec-11	17	19	661
23-Dec-11	18	21	680
23-Dec-11	19	26	647
23-Dec-11	20	27	803
23-Dec-11	21	30	829
23-Dec-11	22	25	741
23-Dec-11	23	25	612
24-Dec-11	0	32	746
24-Dec-11	1	35	648
24-Dec-11	2	33	605
24-Dec-11	3	31	475
24-Dec-11	4	31	476
24-Dec-11	5	27	463
24-Dec-11	6	24	669
24-Dec-11	7	27	408
24-Dec-11	8	22	375
24-Dec-11	9	23	388
24-Dec-11	10	19	380
24-Dec-11	11	14	283
24-Dec-11	12	16	282
24-Dec-11	13	15	274
24-Dec-11	14	15	325
24-Dec-11	15	10	243
24-Dec-11	16	15	388
24-Dec-11	17	18	398
24-Dec-11	18	22	516
24-Dec-11	19	19	433
24-Dec-11	20	14	453
24-Dec-11	21	19	385
24-Dec-11	22	20	403
24-Dec-11	23	18	570
25-Dec-11	0	27	465
25-Dec-11	1	24	639
25-Dec-11	2	27	888
25-Dec-11	3	34	840
25-Dec-11	4	29	832
25-Dec-11	5	27	702
25-Dec-11	6	23	601
25-Dec-11	7	26	561
25-Dec-11	8	25	458
25-Dec-11	9	22	733
25-Dec-11	10	17	333
25-Dec-11	11	14	461
25-Dec-11	12	8	282
25-Dec-11	13	17	340
25-Dec-11	14	15	261
25-Dec-11	15	16	344
25-Dec-11	16	16	255
25-Dec-11	17	16	371
25-Dec-11	18	19	420
25-Dec-11	19	17	459
25-Dec-11	20	23	665
25-Dec-11	21	14	637
25-Dec-11	22	21	616
25-Dec-11	23	24	612
26-Dec-11	0	23	624
26-Dec-11	1	25	712
26-Dec-11	2	28	682
26-Dec-11	3	25	508
26-Dec-11	4	31	598
26-Dec-11	5	34	938
26-Dec-11	6	28	539
26-Dec-11	7	20	320
26-Dec-11	8	24	481
26-Dec-11	9	21	405
26-Dec-11	10	15	400
26-Dec-11	11	18	515
26-Dec-11	12	16	353
26-Dec-11	13	12	306
26-Dec-11	14	16	281
26-Dec-11	15	15	314
26-Dec-11	16	16	304
26-Dec-11	17	21	343
26-Dec-11	18	27	615
26-Dec-11	19	25	457
26-Dec-11	20	30	497
26-Dec-11	21	26	562
26-Dec-11	22	20	414
26-Dec-11	23	30	583
27-Dec-11	0	35	548
27-Dec-11	1	30	502
27-Dec-11	2	33	952
27-Dec-11	3	36	793
27-Dec-11	4	42	642
27-Dec-11	5	45	648
27-Dec-11	6	40	567
27-Dec-11	7	24	478
27-Dec-11	8	24	414
27-Dec-11	9	25	444
27-Dec-11	10	19	381
27-Dec-11	11	15	275
27-Dec-11	12	17	228
27-Dec-11	13	15	561
27-Dec-11	14	19	356
27-Dec-11	15	17	368
27-Dec-11	16	14	274
27-Dec-11	17	18	539
27-Dec-11	18	18	465
27-Dec-11	19	26	589
27-Dec-11	20	22	308
27-Dec-11	21	30	489
27-Dec-11	22	31	361
27-Dec-11	23	36	447
28-Dec-11	0	30	543
28-Dec-11	1	32	830
28-Dec-11	2	36	572
28-Dec-11	3	30	699
28-Dec-11	4	31	705
28-Dec-11	5	33	599
28-Dec-11	6	36	741
28-Dec-11	7	28	464
28-Dec-11	8	26	485
28-Dec-11	9	21	412
28-Dec-11	10	21	461
28-Dec-11	11	21	413
28-Dec-11	12	18	318
28-Dec-11	13	19	282
28-Dec-11	14	18	270
28-Dec-11	15	18	293
28-Dec-11	16	22	237
28-Dec-11	17	22	245
28-Dec-11	18	20	467
28-Dec-11	19	26	461
28-Dec-11	20	31	523
28-Dec-11	21	26	519
28-Dec-11	22	42	616
28-Dec-11	23	36	648
29-Dec-11	0	38	691
29-Dec-11	1	43	597
29-Dec-11	2	39	978
29-Dec-11	3	47	747
29-Dec-11	4	46	735
29-Dec-11	5	42	810
29-Dec-11	6	38	803
29-Dec-11	7	40	495
29-Dec-11	8	27	479
29-Dec-11	9	23	321
29-Dec-11	10	20	357
29-Dec-11	11	17	372
29-Dec-11	12	25	287
29-Dec-11	13	22	314
29-Dec-11	14	30	364
29-Dec-11	15	23	297
29-Dec-11	16	25	283
29-Dec-11	17	14	205
29-Dec-11	18	19	447
29-Dec-11	19	23	520
29-Dec-11	20	29	664
29-Dec-11	21	35	620
29-Dec-11	22	37	751
29-Dec-11	23	38	763
30-Dec-11	0	43	928
30-Dec-11	1	45	739
30-Dec-11	2	40	981
30-Dec-11	3	38	948
30-Dec-11	4	41	933
30-Dec-11	5	46	789
30-Dec-11	6	48	802
30-Dec-11	7	36	434
30-Dec-11	8	33	467
30-Dec-11	9	28	576
30-Dec-11	10	24	503
30-Dec-11	11	25	679
30-Dec-11	12	21	444
30-Dec-11	13	23	455
30-Dec-11	14	24	201
30-Dec-11	15	22	401
30-Dec-11	16	29	469
30-Dec-11	17	27	566
30-Dec-11	18	27	303
30-Dec-11	19	29	556
30-Dec-11	20	32	721
30-Dec-11	21	31	772
30-Dec-11	22	43	791
30-Dec-11	23	48	833
31-Dec-11	0	47	979
31-Dec-11	1	48	697
31-Dec-11	2	48	695
31-Dec-11	3	46	705
31-Dec-11	4	42	894
31-Dec-11	5	41	910
31-Dec-11	6	34	528
31-Dec-11	7	36	573
31-Dec-11	8	36	561
31-Dec-11	9	36	756
31-Dec-11	10	26	478
31-Dec-11	11	25	563
31-Dec-11	12	27	456
31-Dec-11	13	25	407
31-Dec-11	14	22	439
31-Dec-11	15	24	537
31-Dec-11	16	24	551
31-Dec-11	17	24	384
31-Dec-11	18	23	513
31-Dec-11	19	20	291
31-Dec-11	20	20	296
31-Dec-11	21	23	1082
31-Dec-11	22	27	527
31-Dec-11	23	28	520
1-Jan-12	0	33	770
1-Jan-12	1	36	949
1-Jan-12	2	29	504
1-Jan-12	3	32	779
1-Jan-12	4	29	1310
1-Jan-12	5	31	604
1-Jan-12	6	27	362
1-Jan-12	7	25	353
1-Jan-12	8	22	394
1-Jan-12	9	20	280
1-Jan-12	10	16	289
1-Jan-12	11	8	279
1-Jan-12	12	9	398
1-Jan-12	13	18	324
1-Jan-12	14	20	298
1-Jan-12	15	23	316
1-Jan-12	16	23	409
1-Jan-12	17	26	557
1-Jan-12	18	34	910
1-Jan-12	19	36	771
1-Jan-12	20	28	692
1-Jan-12	21	30	665
1-Jan-12	22	38	764
1-Jan-12	23	38	757
2-Jan-12	0	39	1137
2-Jan-12	1	34	697
2-Jan-12	2	33	659
2-Jan-12	3	32	790
2-Jan-12	4	41	1066
2-Jan-12	5	37	854
2-Jan-12	6	36	691
2-Jan-12	7	29	657
2-Jan-12	8	25	713
2-Jan-12	9	22	382
2-Jan-12	10	22	320
2-Jan-12	11	23	402
2-Jan-12	12	15	445
2-Jan-12	13	16	348
2-Jan-12	14	17	352
2-Jan-12	15	17	396
2-Jan-12	16	21	423
2-Jan-12	17	20	490
2-Jan-12	18	25	842
2-Jan-12	19	32	730
2-Jan-12	20	26	534
2-Jan-12	21	30	599
2-Jan-12	22	44	623
2-Jan-12	23	38	740
3-Jan-12	0	39	965
3-Jan-12	1	42	1557
3-Jan-12	2	42	900
3-Jan-12	3	42	824
3-Jan-12	4	44	583
3-Jan-12	5	41	530
3-Jan-12	6	32	873
3-Jan-12	7	32	541
3-Jan-12	8	33	510
3-Jan-12	9	25	607
3-Jan-12	10	20	459
3-Jan-12	11	20	466
3-Jan-12	12	17	291
3-Jan-12	13	15	376
3-Jan-12	14	18	492
3-Jan-12	15	18	698
3-Jan-12	16	17	447
3-Jan-12	17	26	439
3-Jan-12	18	30	519
3-Jan-12	19	26	500
3-Jan-12	20	35	575
3-Jan-12	21	40	746
3-Jan-12	22	34	718
3-Jan-12	23	35	563
4-Jan-12	0	37	578
4-Jan-12	1	40	874
4-Jan-12	2	39	605
4-Jan-12	3	34	646
4-Jan-12	4	35	607
4-Jan-12	5	30	584
4-Jan-12	6	39	784
4-Jan-12	7	31	408
4-Jan-12	8	23	318
4-Jan-12	9	25	361
4-Jan-12	10	19	324
4-Jan-12	11	22	344
4-Jan-12	12	22	381
4-Jan-12	13	20	455
4-Jan-12	14	17	424
4-Jan-12	15	17	549
4-Jan-12	16	16	494
4-Jan-12	17	20	635
4-Jan-12	18	20	694
4-Jan-12	19	23	617
4-Jan-12	20	27	391
4-Jan-12	21	26	517
4-Jan-12	22	35	1027
4-Jan-12	23	36	1370
5-Jan-12	0	40	1129
5-Jan-12	1	39	992
5-Jan-12	2	39	726
5-Jan-12	3	40	1110
5-Jan-12	4	44	945
5-Jan-12	5	45	986
5-Jan-12	6	36	1111
5-Jan-12	7	28	455
5-Jan-12	8	20	438
5-Jan-12	9	18	672
5-Jan-12	10	20	405
5-Jan-12	11	17	380
5-Jan-12	12	19	344
5-Jan-12	13	17	575
5-Jan-12	14	24	371
5-Jan-12	15	27	823
5-Jan-12	16	31	719
5-Jan-12	17	23	657
5-Jan-12	18	29	515
5-Jan-12	19	32	624
5-Jan-12	20	34	572
5-Jan-12	21	36	718
5-Jan-12	22	44	1295
5-Jan-12	23	50	992
6-Jan-12	0	47	847
6-Jan-12	1	45	702
6-Jan-12	2	43	733
6-Jan-12	3	43	989
6-Jan-12	4	39	783
6-Jan-12	5	38	804
6-Jan-12	6	29	1695
6-Jan-12	7	28	1244
6-Jan-12	8	31	1303
6-Jan-12	9	21	557
6-Jan-12	10	20	340
6-Jan-12	11	23	409
6-Jan-12	12	17	314
6-Jan-12	13	15	486
6-Jan-12	14	13	211
6-Jan-12	15	16	320
6-Jan-12	16	16	571
6-Jan-12	17	22	236
6-Jan-12	18	23	257
6-Jan-12	19	29	388
6-Jan-12	20	34	417
6-Jan-12	21	36	682
6-Jan-12	22	31	590
6-Jan-12	23	37	1167
7-Jan-12	0	39	722
7-Jan-12	1	48	700
7-Jan-12	2	41	971
7-Jan-12	3	48	1101
7-Jan-12	4	53	1467
7-Jan-12	5	48	904
7-Jan-12	6	38	844
7-Jan-12	7	39	1334
7-Jan-12	8	33	909
7-Jan-12	9	26	525
7-Jan-12	10	28	452
7-Jan-12	11	28	386
7-Jan-12	12	21	401
7-Jan-12	13	22	402
7-Jan-12	14	25	517
7-Jan-12	15	24	525
7-Jan-12	16	20	428
7-Jan-12	17	24	495
7-Jan-12	18	31	409
7-Jan-12	19	33	573
7-Jan-12	20	30	320
7-Jan-12	21	39	642
7-Jan-12	22	52	877
7-Jan-12	23	49	725
8-Jan-12	0	47	766
8-Jan-12	1	50	949
8-Jan-12	2	58	726
8-Jan-12	3	46	844
8-Jan-12	4	48	962
8-Jan-12	5	50	797
8-Jan-12	6	42	689
8-Jan-12	7	40	719
8-Jan-12	8	44	772
8-Jan-12	9	36	596
8-Jan-12	10	27	309
8-Jan-12	11	31	498
8-Jan-12	12	28	366
8-Jan-12	13	32	387
8-Jan-12	14	28	414
8-Jan-12	15	29	426
8-Jan-12	16	26	589
8-Jan-12	17	30	748
8-Jan-12	18	37	737
8-Jan-12	19	44	752
8-Jan-12	20	49	928
8-Jan-12	21	56	975
8-Jan-12	22	53	1596
8-Jan-12	23	57	1077
9-Jan-12	0	43	719
9-Jan-12	1	32	496
9-Jan-12	2	32	764
9-Jan-12	3	35	843
9-Jan-12	4	32	493
9-Jan-12	5	40	580
9-Jan-12	6	34	401
9-Jan-12	7	35	744
9-Jan-12	8	27	317
9-Jan-12	9	19	238
9-Jan-12	10	23	422
9-Jan-12	11	17	211
9-Jan-12	12	21	213
9-Jan-12	13	16	187
9-Jan-12	14	14	572
9-Jan-12	15	13	197
