date	hour	nb_streamer	nb_spec
30-Sep-11	22	1	37
30-Sep-11	23	1	31
1-Oct-11	0	1	16
1-Oct-11	1	1	14
1-Oct-11	2	1	13
1-Oct-11	3	2	12
1-Oct-11	4	4	19
1-Oct-11	5	3	14
1-Oct-11	6	3	21
1-Oct-11	7	2	26
1-Oct-11	8	2	24
1-Oct-11	9	2	22
1-Oct-11	10	2	27
1-Oct-11	11	3	39
1-Oct-11	12	3	45
1-Oct-11	13	1	48
1-Oct-11	14	1	91
1-Oct-11	15	2	81
1-Oct-11	16	2	77
1-Oct-11	17	3	133
1-Oct-11	18	4	160
1-Oct-11	19	3	208
1-Oct-11	20	4	212
1-Oct-11	21	5	225
1-Oct-11	22	4	225
1-Oct-11	23	3	157
2-Oct-11	0	4	135
2-Oct-11	1	2	131
2-Oct-11	2	3	104
2-Oct-11	3	3	93
2-Oct-11	4	4	68
2-Oct-11	5	3	48
2-Oct-11	6	3	68
2-Oct-11	7	3	80
2-Oct-11	8	3	84
2-Oct-11	9	3	49
2-Oct-11	10	4	61
2-Oct-11	11	3	39
2-Oct-11	12	2	48
2-Oct-11	13	2	71
2-Oct-11	14	2	76
2-Oct-11	15	3	53
2-Oct-11	16	2	67
2-Oct-11	17	2	111
2-Oct-11	18	4	52
2-Oct-11	19	3	53
2-Oct-11	20	3	273
2-Oct-11	21	3	125
2-Oct-11	22	3	78
2-Oct-11	23	3	52
3-Oct-11	0	2	42
3-Oct-11	1	1	31
3-Oct-11	2	2	80
3-Oct-11	3	3	95
3-Oct-11	4	3	110
3-Oct-11	5	2	107
3-Oct-11	6	3	79
3-Oct-11	7	2	23
3-Oct-11	8	3	32
3-Oct-11	9	2	36
3-Oct-11	10	2	46
3-Oct-11	11	3	48
3-Oct-11	12	3	71
3-Oct-11	13	3	96
3-Oct-11	14	2	74
3-Oct-11	15	4	82
3-Oct-11	16	2	86
3-Oct-11	17	3	129
3-Oct-11	18	3	91
3-Oct-11	19	2	41
3-Oct-11	20	3	38
3-Oct-11	21	4	49
3-Oct-11	22	5	42
3-Oct-11	23	5	31
4-Oct-11	0	4	37
4-Oct-11	1	4	16
4-Oct-11	2	6	40
4-Oct-11	3	4	47
4-Oct-11	4	3	56
4-Oct-11	5	3	40
4-Oct-11	6	3	27
4-Oct-11	7	3	36
4-Oct-11	8	3	36
4-Oct-11	9	3	33
4-Oct-11	10	3	41
4-Oct-11	11	3	63
4-Oct-11	12	3	64
4-Oct-11	13	2	71
4-Oct-11	14	2	64
4-Oct-11	15	2	69
4-Oct-11	16	3	79
4-Oct-11	17	3	84
4-Oct-11	18	4	50
4-Oct-11	19	4	57
4-Oct-11	20	4	49
4-Oct-11	21	4	41
4-Oct-11	22	2	23
4-Oct-11	23	2	39
5-Oct-11	0	2	17
5-Oct-11	1	1	9
5-Oct-11	2	2	14
5-Oct-11	3	2	5
5-Oct-11	4	1	4
5-Oct-11	5	2	6
5-Oct-11	6	2	8
5-Oct-11	7	2	9
5-Oct-11	8	3	29
5-Oct-11	9	3	32
5-Oct-11	10	3	46
5-Oct-11	11	3	34
5-Oct-11	12	3	52
5-Oct-11	13	3	68
5-Oct-11	14	2	52
5-Oct-11	15	2	46
5-Oct-11	16	2	26
5-Oct-11	17	2	30
5-Oct-11	18	2	26
5-Oct-11	19	3	13
5-Oct-11	20	3	16
5-Oct-11	21	2	9
5-Oct-11	22	3	15
5-Oct-11	23	2	11
6-Oct-11	0	2	11
6-Oct-11	1	2	9
6-Oct-11	2	5	25
6-Oct-11	3	5	20
6-Oct-11	4	3	12
6-Oct-11	5	3	10
6-Oct-11	6	2	8
6-Oct-11	7	2	6
6-Oct-11	8	2	7
6-Oct-11	9	2	11
6-Oct-11	10	2	14
6-Oct-11	11	3	18
6-Oct-11	12	3	32
6-Oct-11	13	3	25
6-Oct-11	14	3	29
6-Oct-11	15	3	33
6-Oct-11	16	3	25
6-Oct-11	17	4	23
6-Oct-11	18	3	8
6-Oct-11	19	3	11
6-Oct-11	20	4	16
6-Oct-11	21	3	22
6-Oct-11	22	3	528
6-Oct-11	23	2	6
7-Oct-11	0	1	3
7-Oct-11	1	2	9
7-Oct-11	2	5	13
7-Oct-11	3	6	13
7-Oct-11	4	6	31
7-Oct-11	5	6	40
7-Oct-11	6	3	18
7-Oct-11	7	3	18
7-Oct-11	8	3	20
7-Oct-11	9	3	38
7-Oct-11	10	3	27
7-Oct-11	11	3	31
7-Oct-11	12	3	31
7-Oct-11	13	3	39
7-Oct-11	14	2	46
7-Oct-11	15	3	60
7-Oct-11	16	3	106
7-Oct-11	17	3	63
7-Oct-11	18	3	35
7-Oct-11	19	3	32
7-Oct-11	20	4	37
7-Oct-11	21	5	34
7-Oct-11	22	8	43
7-Oct-11	23	7	60
8-Oct-11	0	8	54
8-Oct-11	1	8	38
8-Oct-11	2	8	125
8-Oct-11	3	8	589
8-Oct-11	4	4	253
8-Oct-11	5	1	15
8-Oct-11	6	1	14
8-Oct-11	7	1	20
8-Oct-11	8	1	15
8-Oct-11	9	1	16
8-Oct-11	10	2	35
8-Oct-11	11	2	40
8-Oct-11	12	2	48
8-Oct-11	13	3	82
8-Oct-11	14	5	115
8-Oct-11	15	6	124
8-Oct-11	16	6	135
8-Oct-11	17	8	250
8-Oct-11	18	5	74
8-Oct-11	19	4	51
8-Oct-11	20	2	2
8-Oct-11	21	2	3
8-Oct-11	22	1	2
8-Oct-11	23	2	3
9-Oct-11	0	5	24
9-Oct-11	1	5	66
9-Oct-11	2	5	76
9-Oct-11	3	4	59
9-Oct-11	4	2	8
9-Oct-11	5	1	2
9-Oct-11	6	2	8
9-Oct-11	7	2	14
9-Oct-11	8	2	23
9-Oct-11	9	3	27
9-Oct-11	10	3	71
9-Oct-11	11	4	82
9-Oct-11	12	4	72
9-Oct-11	13	6	102
9-Oct-11	14	6	54
9-Oct-11	15	4	17
9-Oct-11	16	4	159
9-Oct-11	17	3	111
9-Oct-11	18	2	10
9-Oct-11	19	2	11
9-Oct-11	20	1	85
9-Oct-11	21	2	3
9-Oct-11	22	3	73
9-Oct-11	23	2	84
10-Oct-11	0	3	19
10-Oct-11	1	3	28
10-Oct-11	2	2	43
10-Oct-11	3	2	44
10-Oct-11	4	2	40
10-Oct-11	5	2	41
10-Oct-11	6	2	64
10-Oct-11	7	2	46
10-Oct-11	8	2	87
10-Oct-11	9	3	87
10-Oct-11	10	3	77
10-Oct-11	11	4	128
10-Oct-11	12	5	180
10-Oct-11	13	4	114
10-Oct-11	14	4	128
10-Oct-11	15	2	80
10-Oct-11	16	4	93
10-Oct-11	17	3	93
10-Oct-11	21	3	63
10-Oct-11	22	3	53
10-Oct-11	23	2	33
11-Oct-11	0	1	7
11-Oct-11	1	1	4
11-Oct-11	2	2	72
11-Oct-11	3	2	76
11-Oct-11	4	2	10
11-Oct-11	5	2	22
11-Oct-11	6	2	16
11-Oct-11	7	2	11
11-Oct-11	8	2	15
11-Oct-11	9	2	39
11-Oct-11	10	2	25
11-Oct-11	11	2	55
11-Oct-11	12	2	64
11-Oct-11	13	1	30
11-Oct-11	14	1	23
11-Oct-11	15	1	23
11-Oct-11	16	2	35
11-Oct-11	17	4	63
11-Oct-11	18	2	40
11-Oct-11	19	2	81
11-Oct-11	20	2	71
11-Oct-11	21	1	14
11-Oct-11	22	2	26
11-Oct-11	23	3	26
12-Oct-11	0	2	6
12-Oct-11	1	1	5
12-Oct-11	2	3	20
12-Oct-11	3	5	18
12-Oct-11	4	5	30
12-Oct-11	5	4	22
12-Oct-11	6	3	10
12-Oct-11	7	2	13
12-Oct-11	8	2	14
12-Oct-11	9	2	16
12-Oct-11	10	1	25
12-Oct-11	11	1	23
12-Oct-11	12	1	21
12-Oct-11	13	1	25
12-Oct-11	14	1	18
12-Oct-11	15	1	15
12-Oct-11	16	1	36
12-Oct-11	17	2	41
12-Oct-11	18	3	40
12-Oct-11	19	4	27
12-Oct-11	20	3	44
12-Oct-11	21	3	59
12-Oct-11	22	3	67
12-Oct-11	23	2	14
13-Oct-11	0	1	3
13-Oct-11	2	1	3
13-Oct-11	3	1	6
13-Oct-11	4	1	13
13-Oct-11	5	3	11
13-Oct-11	6	3	10
13-Oct-11	7	3	13
13-Oct-11	8	2	10
13-Oct-11	9	1	5
13-Oct-11	10	1	1
13-Oct-11	11	1	6
13-Oct-11	12	2	17
13-Oct-11	13	1	22
13-Oct-11	14	1	17
13-Oct-11	15	2	26
13-Oct-11	16	2	32
13-Oct-11	17	2	30
13-Oct-11	18	2	34
13-Oct-11	19	2	29
13-Oct-11	20	2	18
13-Oct-11	21	2	390
13-Oct-11	22	2	995
13-Oct-11	23	2	982
14-Oct-11	0	2	773
14-Oct-11	1	2	859
14-Oct-11	3	1	4
14-Oct-11	4	1	3
14-Oct-11	5	2	7
14-Oct-11	6	2	18
14-Oct-11	7	2	10
14-Oct-11	8	1	3
14-Oct-11	9	2	8
14-Oct-11	10	2	19
14-Oct-11	11	2	16
14-Oct-11	12	2	19
14-Oct-11	13	3	13
14-Oct-11	14	2	12
14-Oct-11	15	1	8
14-Oct-11	16	1	7
14-Oct-11	17	4	19
14-Oct-11	18	5	36
14-Oct-11	19	5	25
14-Oct-11	20	4	61
14-Oct-11	21	3	40
14-Oct-11	22	2	11
14-Oct-11	23	4	12
15-Oct-11	0	3	11
15-Oct-11	1	4	39
15-Oct-11	2	3	57
15-Oct-11	3	2	2
15-Oct-11	4	2	1
15-Oct-11	5	2	4
15-Oct-11	6	3	7
15-Oct-11	7	1	6
15-Oct-11	8	1	8
15-Oct-11	9	2	10
15-Oct-11	10	1	2
15-Oct-11	11	2	12
15-Oct-11	12	1	12
15-Oct-11	13	1	17
15-Oct-11	14	1	21
15-Oct-11	15	2	14
15-Oct-11	16	3	14
15-Oct-11	17	2	9
15-Oct-11	18	2	11
15-Oct-11	19	3	13
15-Oct-11	20	1	5
15-Oct-11	21	1	8
15-Oct-11	22	2	9
15-Oct-11	23	4	47
16-Oct-11	0	4	35
16-Oct-11	1	3	34
16-Oct-11	2	6	41
16-Oct-11	3	5	17
16-Oct-11	4	3	9
16-Oct-11	5	2	6
16-Oct-11	6	2	5
16-Oct-11	7	2	4
16-Oct-11	8	2	5
16-Oct-11	9	1	4
16-Oct-11	10	1	3
16-Oct-11	11	2	5
16-Oct-11	12	1	3
16-Oct-11	13	1	4
16-Oct-11	14	1	1
16-Oct-11	15	1	1
16-Oct-11	17	1	4
16-Oct-11	18	1	5
16-Oct-11	19	2	6
16-Oct-11	20	2	16
16-Oct-11	21	1	16
16-Oct-11	22	2	20
16-Oct-11	23	2	22
17-Oct-11	0	2	21
17-Oct-11	1	2	19
17-Oct-11	2	5	75
17-Oct-11	3	6	92
17-Oct-11	4	6	116
17-Oct-11	5	5	96
17-Oct-11	6	5	82
17-Oct-11	7	3	19
17-Oct-11	8	2	28
17-Oct-11	9	2	27
17-Oct-11	10	1	22
17-Oct-11	11	1	20
17-Oct-11	12	1	15
17-Oct-11	13	1	17
17-Oct-11	14	1	19
17-Oct-11	15	1	27
17-Oct-11	16	1	25
17-Oct-11	17	1	11
17-Oct-11	18	1	12
17-Oct-11	19	1	22
17-Oct-11	20	1	16
17-Oct-11	21	2	21
17-Oct-11	22	1	24
17-Oct-11	23	1	39
18-Oct-11	1	1	1
18-Oct-11	2	1	6
18-Oct-11	3	1	18
18-Oct-11	4	1	4
18-Oct-11	6	1	3
18-Oct-11	7	2	11
18-Oct-11	8	2	2
18-Oct-11	9	2	3
18-Oct-11	10	2	5
18-Oct-11	11	3	8
18-Oct-11	12	4	22
18-Oct-11	13	4	26
18-Oct-11	14	2	21
18-Oct-11	15	2	24
18-Oct-11	16	2	28
18-Oct-11	17	2	19
18-Oct-11	18	1	8
18-Oct-11	19	2	22
18-Oct-11	20	1	20
18-Oct-11	21	1	3
18-Oct-11	22	1	7
19-Oct-11	0	2	6
19-Oct-11	1	2	10
19-Oct-11	2	2	7
19-Oct-11	3	2	5
19-Oct-11	4	1	3
19-Oct-11	5	1	4
19-Oct-11	6	1	11
19-Oct-11	7	1	10
19-Oct-11	8	1	9
19-Oct-11	9	1	10
19-Oct-11	10	1	14
19-Oct-11	11	1	19
19-Oct-11	12	1	17
19-Oct-11	13	1	21
19-Oct-11	14	1	25
19-Oct-11	15	1	23
19-Oct-11	16	1	21
19-Oct-11	17	1	9
19-Oct-11	18	1	18
19-Oct-11	19	1	22
19-Oct-11	20	1	10
19-Oct-11	21	2	5
19-Oct-11	22	2	10
19-Oct-11	23	1	2
20-Oct-11	0	2	2
20-Oct-11	1	1	2
20-Oct-11	2	3	7
20-Oct-11	3	3	12
20-Oct-11	4	2	5
20-Oct-11	5	2	6
20-Oct-11	6	2	9
20-Oct-11	7	2	7
20-Oct-11	8	1	6
20-Oct-11	9	1	6
20-Oct-11	10	2	7
20-Oct-11	11	2	8
20-Oct-11	12	2	6
20-Oct-11	13	1	6
20-Oct-11	14	1	6
20-Oct-11	15	1	8
20-Oct-11	16	1	6
20-Oct-11	17	1	7
20-Oct-11	18	1	5
20-Oct-11	19	2	16
20-Oct-11	20	3	19
20-Oct-11	21	2	6
20-Oct-11	22	4	6
20-Oct-11	23	3	3
21-Oct-11	1	1	1
21-Oct-11	2	1	2
21-Oct-11	3	2	20
21-Oct-11	4	3	21
21-Oct-11	5	2	8
21-Oct-11	6	2	28
21-Oct-11	7	1	12
21-Oct-11	8	2	35
21-Oct-11	9	2	36
21-Oct-11	10	1	17
21-Oct-11	11	1	35
21-Oct-11	12	1	33
21-Oct-11	13	2	24
21-Oct-11	14	1	1
21-Oct-11	15	1	2
21-Oct-11	16	1	1
21-Oct-11	17	1	1
21-Oct-11	18	3	13
21-Oct-11	19	4	20
21-Oct-11	20	2	13
21-Oct-11	21	2	13
21-Oct-11	22	3	17
21-Oct-11	23	3	15
22-Oct-11	0	4	18
22-Oct-11	1	5	22
22-Oct-11	2	5	18
22-Oct-11	3	5	17
22-Oct-11	4	4	16
22-Oct-11	5	2	11
22-Oct-11	6	2	15
22-Oct-11	7	2	11
22-Oct-11	8	2	14
22-Oct-11	9	1	12
22-Oct-11	10	2	17
22-Oct-11	11	2	16
22-Oct-11	12	2	12
22-Oct-11	13	1	12
22-Oct-11	14	1	3
22-Oct-11	15	1	2
22-Oct-11	16	1	10
22-Oct-11	17	1	9
22-Oct-11	18	1	9
22-Oct-11	19	1	6
22-Oct-11	20	1	2
22-Oct-11	21	2	6
22-Oct-11	22	2	6
23-Oct-11	5	1	4
23-Oct-11	6	2	5
23-Oct-11	7	1	3
23-Oct-11	8	1	4
23-Oct-11	9	1	3
23-Oct-11	12	1	8
23-Oct-11	13	1	9
23-Oct-11	14	1	11
23-Oct-11	15	1	20
23-Oct-11	16	1	25
23-Oct-11	17	3	25
23-Oct-11	18	2	2
23-Oct-11	19	2	3
23-Oct-11	20	2	3
23-Oct-11	21	1	2
23-Oct-11	22	1	1
23-Oct-11	23	1	0
24-Oct-11	3	1	1
24-Oct-11	4	1	3
24-Oct-11	5	1	4
24-Oct-11	6	2	3
24-Oct-11	7	2	3
24-Oct-11	8	2	3
24-Oct-11	9	2	1
24-Oct-11	10	1	0
24-Oct-11	18	1	1
24-Oct-11	19	1	0
24-Oct-11	20	1	1
24-Oct-11	21	1	1
25-Oct-11	0	1	0
25-Oct-11	1	2	3
25-Oct-11	2	1	2
25-Oct-11	3	1	1
25-Oct-11	5	1	0
26-Oct-11	1	2	2
26-Oct-11	2	2	4
26-Oct-11	3	2	7
26-Oct-11	4	4	8
26-Oct-11	5	3	5
26-Oct-11	6	1	2
26-Oct-11	7	1	2
26-Oct-11	8	1	2
26-Oct-11	11	2	1
26-Oct-11	12	1	1
26-Oct-11	13	1	6
26-Oct-11	14	1	7
26-Oct-11	15	1	12
26-Oct-11	16	1	12
26-Oct-11	17	2	15
26-Oct-11	18	2	14
26-Oct-11	19	4	6
26-Oct-11	20	3	8
26-Oct-11	21	2	4
26-Oct-11	23	1	0
27-Oct-11	0	2	1
27-Oct-11	1	1	2
27-Oct-11	2	1	0
27-Oct-11	3	2	23
27-Oct-11	4	2	27
27-Oct-11	5	2	20
27-Oct-11	6	2	17
27-Oct-11	7	1	1
27-Oct-11	19	1	1
27-Oct-11	20	1	1
27-Oct-11	21	2	28
27-Oct-11	22	2	62
28-Oct-11	0	1	2
28-Oct-11	1	2	5
28-Oct-11	2	1	3
28-Oct-11	3	1	2
28-Oct-11	4	1	3
28-Oct-11	5	1	3
28-Oct-11	6	1	2
28-Oct-11	7	1	0
28-Oct-11	8	2	4
28-Oct-11	12	1	0
28-Oct-11	13	1	0
28-Oct-11	14	1	0
28-Oct-11	15	1	0
28-Oct-11	20	1	0
28-Oct-11	21	2	2
28-Oct-11	22	2	8
28-Oct-11	23	2	4
29-Oct-11	0	2	5
29-Oct-11	1	2	24
29-Oct-11	2	3	51
29-Oct-11	3	2	5
29-Oct-11	4	1	4
29-Oct-11	5	1	6
29-Oct-11	6	1	8
29-Oct-11	7	1	8
29-Oct-11	8	2	9
29-Oct-11	9	1	1
29-Oct-11	10	1	0
29-Oct-11	12	1	0
29-Oct-11	16	1	4
29-Oct-11	17	2	7
29-Oct-11	18	4	10
29-Oct-11	19	2	19
29-Oct-11	20	3	20
29-Oct-11	21	3	22
29-Oct-11	22	2	4
30-Oct-11	0	2	0
30-Oct-11	1	1	0
30-Oct-11	2	1	0
30-Oct-11	3	2	19
30-Oct-11	4	2	23
30-Oct-11	5	1	3
30-Oct-11	6	2	6
30-Oct-11	7	2	4
30-Oct-11	8	2	6
30-Oct-11	9	1	2
30-Oct-11	12	1	0
30-Oct-11	18	1	0
30-Oct-11	19	2	1
30-Oct-11	20	1	1
30-Oct-11	21	1	2
30-Oct-11	22	1	4
30-Oct-11	23	1	4
31-Oct-11	0	1	0
31-Oct-11	1	1	1
31-Oct-11	2	2	45
31-Oct-11	3	2	77
31-Oct-11	4	2	49
31-Oct-11	5	1	4
31-Oct-11	6	1	4
31-Oct-11	7	1	0
31-Oct-11	9	1	6
31-Oct-11	10	1	8
31-Oct-11	11	1	6
31-Oct-11	12	1	0
31-Oct-11	13	1	0
31-Oct-11	14	1	0
31-Oct-11	16	2	1
31-Oct-11	17	1	0
31-Oct-11	23	3	2
1-Nov-11	0	2	3
1-Nov-11	1	1	3
1-Nov-11	2	3	447
1-Nov-11	3	3	62
1-Nov-11	4	2	3
1-Nov-11	5	2	3
1-Nov-11	6	2	2
1-Nov-11	7	2	4
1-Nov-11	9	1	12
1-Nov-11	11	1	1
1-Nov-11	15	1	26
1-Nov-11	16	1	23
3-Nov-11	15	1	0
3-Nov-11	19	1	25
3-Nov-11	20	1	26
3-Nov-11	21	1	19
3-Nov-11	22	2	22
3-Nov-11	23	3	21
4-Nov-11	0	2	15
4-Nov-11	1	2	9
4-Nov-11	2	1	1
4-Nov-11	3	2	1
4-Nov-11	4	2	0
4-Nov-11	5	2	1
4-Nov-11	6	1	1
4-Nov-11	7	1	2
4-Nov-11	8	1	2
4-Nov-11	17	1	3
4-Nov-11	18	1	5
4-Nov-11	19	1	9
4-Nov-11	20	3	13
4-Nov-11	21	2	14
4-Nov-11	22	2	19
4-Nov-11	23	2	17
5-Nov-11	0	1	7
5-Nov-11	1	1	5
5-Nov-11	3	1	1
5-Nov-11	4	1	0
5-Nov-11	5	1	0
5-Nov-11	6	3	5
5-Nov-11	7	3	0
5-Nov-11	8	2	0
5-Nov-11	17	1	11
5-Nov-11	18	1	15
5-Nov-11	19	1	8
5-Nov-11	20	1	2
5-Nov-11	21	1	2
5-Nov-11	23	2	8
6-Nov-11	0	2	10
6-Nov-11	1	2	9
6-Nov-11	2	2	9
6-Nov-11	3	1	6
6-Nov-11	4	1	1
6-Nov-11	5	2	4
6-Nov-11	6	1	5
6-Nov-11	7	1	3
6-Nov-11	8	2	6
6-Nov-11	9	1	2
6-Nov-11	22	2	3
6-Nov-11	23	1	1
7-Nov-11	3	1	0
7-Nov-11	4	3	36
7-Nov-11	5	3	39
7-Nov-11	6	1	37
7-Nov-11	7	1	0
7-Nov-11	8	2	1
7-Nov-11	9	1	1
7-Nov-11	10	1	1
7-Nov-11	11	2	18
7-Nov-11	12	1	23
7-Nov-11	13	1	46
7-Nov-11	14	1	38
7-Nov-11	17	1	1
7-Nov-11	18	1	1
7-Nov-11	19	1	1
7-Nov-11	21	1	1
7-Nov-11	22	1	26
7-Nov-11	23	1	21
8-Nov-11	2	1	2
8-Nov-11	3	3	7
8-Nov-11	4	2	5
8-Nov-11	5	1	1
8-Nov-11	6	1	1
8-Nov-11	7	1	2
8-Nov-11	8	1	1
8-Nov-11	11	2	2
8-Nov-11	15	1	1
8-Nov-11	16	1	1
8-Nov-11	17	2	44
8-Nov-11	18	2	37
8-Nov-11	19	1	40
8-Nov-11	20	2	48
8-Nov-11	21	4	89
8-Nov-11	22	5	81
8-Nov-11	23	4	65
9-Nov-11	0	3	47
9-Nov-11	1	1	2
9-Nov-11	3	1	6
9-Nov-11	4	1	5
9-Nov-11	5	2	0
9-Nov-11	6	1	0
9-Nov-11	7	2	1
9-Nov-11	8	1	1
9-Nov-11	9	1	1
9-Nov-11	10	2	2
9-Nov-11	11	1	1
9-Nov-11	14	1	1
9-Nov-11	15	2	4
9-Nov-11	16	2	5
9-Nov-11	17	3	1
9-Nov-11	18	3	8
9-Nov-11	19	4	8
9-Nov-11	20	3	8
9-Nov-11	22	2	2
9-Nov-11	23	2	8
10-Nov-11	0	2	8
10-Nov-11	1	1	9
10-Nov-11	2	2	9
10-Nov-11	3	2	8
10-Nov-11	4	2	10
10-Nov-11	5	3	17
10-Nov-11	6	4	18
10-Nov-11	7	2	2
10-Nov-11	8	2	1
10-Nov-11	9	2	2
10-Nov-11	11	1	1
10-Nov-11	12	1	1
10-Nov-11	13	1	1
10-Nov-11	14	1	1
10-Nov-11	15	2	2
10-Nov-11	16	1	2
10-Nov-11	17	1	4
10-Nov-11	18	2	4
10-Nov-11	19	2	3
10-Nov-11	20	1	1
11-Nov-11	1	1	2
11-Nov-11	2	1	2
11-Nov-11	3	1	363
11-Nov-11	4	2	324
11-Nov-11	5	2	486
11-Nov-11	6	3	1352
11-Nov-11	7	3	1512
11-Nov-11	8	2	1144
11-Nov-11	9	1	1
11-Nov-11	11	1	1
11-Nov-11	12	1	0
11-Nov-11	13	1	1
11-Nov-11	14	1	1
11-Nov-11	15	1	0
11-Nov-11	16	1	0
11-Nov-11	17	1	1
11-Nov-11	18	1	2
11-Nov-11	19	3	4
11-Nov-11	20	3	6
11-Nov-11	21	4	11
11-Nov-11	22	4	30
11-Nov-11	23	5	65
12-Nov-11	0	7	22
12-Nov-11	1	4	16
12-Nov-11	2	3	12
12-Nov-11	3	4	15
12-Nov-11	4	2	30
12-Nov-11	5	4	47
12-Nov-11	6	6	57
12-Nov-11	7	4	56
12-Nov-11	8	5	65
12-Nov-11	9	4	101
12-Nov-11	10	1	22
12-Nov-11	14	1	2
12-Nov-11	15	1	5
12-Nov-11	16	1	7
12-Nov-11	17	2	15
12-Nov-11	18	1	4
12-Nov-11	19	2	5
12-Nov-11	20	6	29
12-Nov-11	21	6	47
12-Nov-11	22	4	45
12-Nov-11	23	3	6
13-Nov-11	0	4	30
13-Nov-11	1	3	13
13-Nov-11	2	1	0
13-Nov-11	3	1	4
13-Nov-11	5	1	13
13-Nov-11	6	3	9
13-Nov-11	7	2	8
13-Nov-11	13	1	5
13-Nov-11	14	1	2
13-Nov-11	17	2	8
13-Nov-11	18	1	7
13-Nov-11	22	2	4
13-Nov-11	23	2	9
14-Nov-11	0	4	44
14-Nov-11	1	5	52
14-Nov-11	2	3	41
14-Nov-11	3	2	34
14-Nov-11	4	2	31
14-Nov-11	5	2	5
14-Nov-11	6	1	4
14-Nov-11	12	1	0
14-Nov-11	20	1	4
14-Nov-11	21	2	12
14-Nov-11	22	2	1
14-Nov-11	23	1	2
15-Nov-11	0	1	10
15-Nov-11	1	2	44
15-Nov-11	2	3	1804
15-Nov-11	3	2	2056
15-Nov-11	4	2	2031
15-Nov-11	5	4	1749
15-Nov-11	6	1	21
15-Nov-11	7	1	35
15-Nov-11	8	1	69
15-Nov-11	9	1	43
15-Nov-11	10	1	40
15-Nov-11	11	1	45
15-Nov-11	12	2	44
15-Nov-11	13	2	49
15-Nov-11	14	2	50
15-Nov-11	15	1	49
15-Nov-11	16	1	56
15-Nov-11	17	2	66
15-Nov-11	18	2	60
15-Nov-11	19	4	102
15-Nov-11	20	2	81
15-Nov-11	21	3	66
15-Nov-11	22	3	53
15-Nov-11	23	1	60
16-Nov-11	0	3	48
16-Nov-11	1	2	46
16-Nov-11	6	1	0
16-Nov-11	17	1	0
16-Nov-11	18	1	0
16-Nov-11	20	3	4
16-Nov-11	21	1	71
16-Nov-11	22	1	76
16-Nov-11	23	1	89
17-Nov-11	3	1	26
17-Nov-11	4	2	9
17-Nov-11	5	2	9
17-Nov-11	6	1	2
17-Nov-11	7	1	3
17-Nov-11	8	1	4
17-Nov-11	9	1	1
17-Nov-11	11	1	8
17-Nov-11	12	1	9
17-Nov-11	13	1	1
17-Nov-11	17	3	1
17-Nov-11	18	3	6
17-Nov-11	19	2	4
17-Nov-11	21	1	1
17-Nov-11	23	1	3
18-Nov-11	0	1	1
18-Nov-11	2	1	0
18-Nov-11	3	2	4
18-Nov-11	4	1	6
18-Nov-11	5	1	1
18-Nov-11	8	1	5
18-Nov-11	9	1	5
18-Nov-11	18	2	7
18-Nov-11	19	3	208
18-Nov-11	20	24	1019
18-Nov-11	21	28	1341
18-Nov-11	22	28	1427
18-Nov-11	23	30	1411
19-Nov-11	0	27	1517
19-Nov-11	1	28	1364
19-Nov-11	2	26	1439
19-Nov-11	3	28	1688
19-Nov-11	4	24	1461
19-Nov-11	5	16	1037
19-Nov-11	6	16	1122
19-Nov-11	7	15	1118
19-Nov-11	8	14	814
19-Nov-11	9	13	692
19-Nov-11	10	13	853
19-Nov-11	11	15	949
19-Nov-11	12	17	1209
19-Nov-11	13	18	935
19-Nov-11	14	18	852
19-Nov-11	15	13	745
19-Nov-11	16	11	654
19-Nov-11	17	17	1059
19-Nov-11	18	24	973
19-Nov-11	19	27	1037
19-Nov-11	20	29	1097
19-Nov-11	21	28	3593
19-Nov-11	22	24	3565
19-Nov-11	23	28	3860
20-Nov-11	0	32	4021
20-Nov-11	1	35	3680
20-Nov-11	2	32	4451
20-Nov-11	3	28	3512
20-Nov-11	4	26	3593
20-Nov-11	5	25	1173
20-Nov-11	6	22	994
20-Nov-11	7	20	985
20-Nov-11	8	17	939
20-Nov-11	9	17	1084
20-Nov-11	10	16	1150
20-Nov-11	11	16	1292
20-Nov-11	12	12	1271
20-Nov-11	13	12	828
20-Nov-11	14	16	1069
20-Nov-11	15	14	1453
20-Nov-11	16	18	1560
20-Nov-11	17	18	1840
20-Nov-11	18	17	1638
20-Nov-11	19	22	1785
20-Nov-11	20	24	1978
20-Nov-11	21	24	2190
20-Nov-11	22	24	2140
20-Nov-11	23	35	2027
21-Nov-11	0	34	2144
21-Nov-11	1	28	2210
21-Nov-11	2	27	1764
21-Nov-11	3	29	1881
21-Nov-11	4	30	1593
21-Nov-11	5	27	1480
21-Nov-11	6	21	1054
21-Nov-11	7	24	867
21-Nov-11	8	17	699
21-Nov-11	9	18	624
21-Nov-11	10	15	652
21-Nov-11	11	14	771
21-Nov-11	12	12	788
21-Nov-11	13	11	714
21-Nov-11	14	14	715
21-Nov-11	15	17	746
21-Nov-11	16	21	1072
21-Nov-11	17	17	1319
21-Nov-11	18	24	1207
21-Nov-11	19	30	1271
21-Nov-11	20	32	1234
21-Nov-11	21	28	1578
21-Nov-11	22	18	3341
21-Nov-11	23	26	1502
22-Nov-11	0	33	1871
22-Nov-11	1	35	2531
22-Nov-11	2	35	4993
22-Nov-11	3	31	4636
22-Nov-11	4	32	1789
22-Nov-11	5	31	1745
22-Nov-11	6	22	1212
22-Nov-11	7	22	1110
22-Nov-11	8	18	731
22-Nov-11	9	17	831
22-Nov-11	10	12	870
22-Nov-11	11	16	817
22-Nov-11	12	13	1003
22-Nov-11	13	15	712
22-Nov-11	14	14	910
22-Nov-11	15	18	1007
22-Nov-11	16	18	941
22-Nov-11	17	19	1028
22-Nov-11	18	22	1420
22-Nov-11	19	33	1932
22-Nov-11	20	36	4125
22-Nov-11	21	33	3959
22-Nov-11	22	29	2175
22-Nov-11	23	32	2908
23-Nov-11	0	38	3846
23-Nov-11	1	36	1829
23-Nov-11	2	43	1817
23-Nov-11	3	42	2153
23-Nov-11	4	37	1795
23-Nov-11	5	36	1430
23-Nov-11	6	25	1452
23-Nov-11	7	21	1150
23-Nov-11	8	20	1017
23-Nov-11	9	19	1223
23-Nov-11	10	16	1304
23-Nov-11	11	13	651
23-Nov-11	12	14	655
23-Nov-11	13	15	623
23-Nov-11	14	9	517
23-Nov-11	15	7	694
23-Nov-11	16	12	865
23-Nov-11	17	15	1012
23-Nov-11	18	15	1439
23-Nov-11	19	25	1931
23-Nov-11	20	21	2040
23-Nov-11	21	19	1978
23-Nov-11	22	16	1001
23-Nov-11	23	16	1072
24-Nov-11	0	34	1321
24-Nov-11	1	40	1880
24-Nov-11	2	40	2255
24-Nov-11	3	36	2266
24-Nov-11	4	31	1286
24-Nov-11	5	30	1123
24-Nov-11	6	29	1118
24-Nov-11	7	25	1147
24-Nov-11	8	25	1437
24-Nov-11	9	23	1257
24-Nov-11	10	27	1310
24-Nov-11	11	25	830
24-Nov-11	12	21	960
24-Nov-11	13	20	622
24-Nov-11	14	25	892
24-Nov-11	15	25	1175
24-Nov-11	16	22	1250
24-Nov-11	17	25	1513
24-Nov-11	18	34	1775
24-Nov-11	19	33	1872
24-Nov-11	20	35	2074
24-Nov-11	21	24	1502
24-Nov-11	22	27	1478
24-Nov-11	23	26	1570
25-Nov-11	0	25	1832
25-Nov-11	1	11	527
25-Nov-11	2	14	542
25-Nov-11	3	16	875
25-Nov-11	4	23	1333
25-Nov-11	5	30	1485
25-Nov-11	6	29	1657
25-Nov-11	7	30	1781
25-Nov-11	8	22	1842
25-Nov-11	9	21	1159
25-Nov-11	10	21	793
25-Nov-11	11	23	753
25-Nov-11	12	23	800
25-Nov-11	13	26	901
25-Nov-11	14	31	1270
25-Nov-11	15	36	894
25-Nov-11	16	121	3466
25-Nov-11	17	157	1378
25-Nov-11	18	164	1470
25-Nov-11	19	169	1970
25-Nov-11	20	148	1982
25-Nov-11	21	144	1583
25-Nov-11	22	145	1593
25-Nov-11	23	137	1598
26-Nov-11	0	131	1453
26-Nov-11	1	129	1577
26-Nov-11	2	118	1607
26-Nov-11	3	101	1113
26-Nov-11	4	103	1048
26-Nov-11	5	101	1044
26-Nov-11	6	86	791
26-Nov-11	7	74	776
26-Nov-11	8	65	776
26-Nov-11	9	18	298
26-Nov-11	10	35	576
26-Nov-11	11	64	597
26-Nov-11	12	74	671
26-Nov-11	13	76	763
26-Nov-11	14	73	876
26-Nov-11	15	81	949
26-Nov-11	16	104	1151
26-Nov-11	17	117	1714
26-Nov-11	18	138	1810
26-Nov-11	19	152	1944
26-Nov-11	20	159	1665
26-Nov-11	21	147	975
26-Nov-11	22	159	1175
26-Nov-11	23	141	1130
27-Nov-11	0	137	1265
27-Nov-11	1	130	1634
27-Nov-11	2	135	1159
27-Nov-11	3	118	1295
27-Nov-11	4	116	1083
27-Nov-11	5	107	1021
27-Nov-11	6	96	946
27-Nov-11	7	86	910
27-Nov-11	8	73	740
27-Nov-11	9	65	650
27-Nov-11	10	59	823
27-Nov-11	11	54	816
27-Nov-11	12	62	1181
27-Nov-11	13	64	959
27-Nov-11	14	69	1065
27-Nov-11	15	81	1391
27-Nov-11	16	87	1629
27-Nov-11	17	89	1683
27-Nov-11	18	100	1239
27-Nov-11	19	97	2846
27-Nov-11	20	100	3026
27-Nov-11	21	118	3056
27-Nov-11	22	113	3469
27-Nov-11	23	97	5162
28-Nov-11	0	89	3459
28-Nov-11	1	94	3476
28-Nov-11	2	99	3386
28-Nov-11	3	91	1372
28-Nov-11	4	85	1188
28-Nov-11	5	82	1334
28-Nov-11	6	73	1370
28-Nov-11	7	59	856
28-Nov-11	8	52	791
28-Nov-11	9	49	689
28-Nov-11	10	35	690
28-Nov-11	11	32	752
28-Nov-11	12	26	684
28-Nov-11	13	27	828
28-Nov-11	14	30	898
28-Nov-11	15	37	1086
28-Nov-11	16	43	1134
28-Nov-11	17	55	1441
28-Nov-11	18	59	1058
28-Nov-11	19	57	1143
28-Nov-11	20	69	2898
28-Nov-11	21	66	3109
28-Nov-11	22	70	4448
28-Nov-11	23	66	4576
29-Nov-11	0	68	3182
29-Nov-11	1	71	3444
29-Nov-11	2	56	3465
29-Nov-11	3	63	3598
29-Nov-11	4	61	1929
29-Nov-11	5	57	995
29-Nov-11	6	40	965
29-Nov-11	7	11	497
29-Nov-11	8	7	520
29-Nov-11	9	5	192
29-Nov-11	10	6	221
29-Nov-11	11	9	267
29-Nov-11	12	11	298
29-Nov-11	13	10	273
29-Nov-11	14	12	336
29-Nov-11	15	11	406
29-Nov-11	16	13	451
29-Nov-11	17	15	443
29-Nov-11	18	14	441
29-Nov-11	19	14	504
29-Nov-11	20	17	663
29-Nov-11	21	19	496
29-Nov-11	22	15	408
29-Nov-11	23	13	557
30-Nov-11	0	16	456
30-Nov-11	1	18	492
30-Nov-11	2	18	606
30-Nov-11	3	14	435
30-Nov-11	4	14	424
30-Nov-11	5	12	355
30-Nov-11	6	8	336
30-Nov-11	7	14	283
30-Nov-11	8	11	283
30-Nov-11	9	8	154
30-Nov-11	10	8	169
30-Nov-11	11	9	192
30-Nov-11	12	7	172
30-Nov-11	13	6	183
30-Nov-11	14	12	264
30-Nov-11	15	16	563
30-Nov-11	16	13	665
30-Nov-11	17	10	814
30-Nov-11	18	13	699
30-Nov-11	19	9	657
30-Nov-11	20	13	542
30-Nov-11	21	14	562
30-Nov-11	22	10	663
30-Nov-11	23	12	599
1-Dec-11	0	13	595
1-Dec-11	1	9	310
1-Dec-11	2	13	282
1-Dec-11	3	10	283
1-Dec-11	4	12	294
1-Dec-11	5	12	274
1-Dec-11	6	11	201
1-Dec-11	7	12	183
1-Dec-11	8	10	144
1-Dec-11	9	9	189
1-Dec-11	10	9	180
1-Dec-11	11	7	205
1-Dec-11	12	6	180
1-Dec-11	13	6	204
1-Dec-11	14	7	222
1-Dec-11	15	8	264
1-Dec-11	16	10	350
1-Dec-11	17	18	798
1-Dec-11	18	26	1451
1-Dec-11	19	28	1669
1-Dec-11	20	28	1741
1-Dec-11	21	31	1150
1-Dec-11	22	27	1597
1-Dec-11	23	24	1474
2-Dec-11	0	20	1166
2-Dec-11	1	29	1501
2-Dec-11	2	31	3843
2-Dec-11	3	33	3629
2-Dec-11	4	27	3802
2-Dec-11	5	26	3441
2-Dec-11	6	22	1391
2-Dec-11	7	20	1300
2-Dec-11	8	22	1408
2-Dec-11	9	21	1503
2-Dec-11	10	17	770
2-Dec-11	11	11	715
2-Dec-11	12	7	497
2-Dec-11	13	7	507
2-Dec-11	14	7	556
2-Dec-11	15	8	396
2-Dec-11	16	10	442
2-Dec-11	17	14	490
2-Dec-11	18	15	544
2-Dec-11	19	46	926
2-Dec-11	20	64	1319
2-Dec-11	21	61	1252
2-Dec-11	22	66	3072
2-Dec-11	23	68	3149
3-Dec-11	0	54	3261
3-Dec-11	1	51	3795
3-Dec-11	2	52	3531
3-Dec-11	3	50	3401
3-Dec-11	4	55	3244
3-Dec-11	5	55	2013
3-Dec-11	6	43	3350
3-Dec-11	7	37	1555
3-Dec-11	8	38	1440
3-Dec-11	9	34	1273
3-Dec-11	10	31	935
3-Dec-11	11	33	926
3-Dec-11	12	32	936
3-Dec-11	13	30	582
3-Dec-11	14	14	459
3-Dec-11	15	22	711
3-Dec-11	16	43	1053
3-Dec-11	17	44	1310
3-Dec-11	18	45	1664
3-Dec-11	19	56	2173
3-Dec-11	20	58	1400
3-Dec-11	21	60	1471
3-Dec-11	22	61	1622
3-Dec-11	23	55	1569
4-Dec-11	0	54	1377
4-Dec-11	1	53	1634
4-Dec-11	2	48	1736
4-Dec-11	3	51	2112
4-Dec-11	4	51	3015
4-Dec-11	5	41	2904
4-Dec-11	6	43	2300
4-Dec-11	7	37	1823
4-Dec-11	8	34	1669
4-Dec-11	9	32	1663
4-Dec-11	10	24	1861
4-Dec-11	11	20	938
4-Dec-11	12	21	906
4-Dec-11	13	23	903
4-Dec-11	14	24	1072
4-Dec-11	15	29	1336
4-Dec-11	16	33	1427
4-Dec-11	17	40	1857
4-Dec-11	18	45	2246
4-Dec-11	19	43	2384
4-Dec-11	20	46	2710
4-Dec-11	21	48	2389
4-Dec-11	22	43	2420
4-Dec-11	23	44	2609
5-Dec-11	0	44	2177
5-Dec-11	1	44	2245
5-Dec-11	2	40	2070
5-Dec-11	3	36	2358
5-Dec-11	4	43	2112
5-Dec-11	5	40	1856
5-Dec-11	6	43	2608
5-Dec-11	7	13	1141
5-Dec-11	8	10	274
5-Dec-11	9	10	257
5-Dec-11	10	11	271
5-Dec-11	11	8	336
5-Dec-11	12	8	374
5-Dec-11	13	6	374
5-Dec-11	14	6	423
5-Dec-11	15	9	433
5-Dec-11	16	8	520
5-Dec-11	17	11	561
5-Dec-11	18	10	507
5-Dec-11	19	11	405
5-Dec-11	20	14	382
5-Dec-11	21	11	376
5-Dec-11	22	7	329
5-Dec-11	23	9	362
6-Dec-11	0	9	441
6-Dec-11	1	7	455
6-Dec-11	2	10	1463
6-Dec-11	3	9	1793
6-Dec-11	4	12	1474
6-Dec-11	5	12	470
6-Dec-11	6	13	454
6-Dec-11	7	8	299
6-Dec-11	8	12	515
6-Dec-11	9	11	322
6-Dec-11	10	12	342
6-Dec-11	11	10	358
6-Dec-11	12	11	392
6-Dec-11	13	12	379
6-Dec-11	14	12	373
6-Dec-11	15	12	480
6-Dec-11	16	15	616
6-Dec-11	17	10	653
6-Dec-11	18	11	512
6-Dec-11	19	16	593
6-Dec-11	20	15	570
6-Dec-11	21	17	555
6-Dec-11	22	17	526
6-Dec-11	23	17	657
7-Dec-11	0	13	324
7-Dec-11	1	10	334
7-Dec-11	2	12	278
7-Dec-11	3	13	281
7-Dec-11	4	12	290
7-Dec-11	5	12	262
7-Dec-11	6	12	170
7-Dec-11	7	12	175
7-Dec-11	8	14	198
7-Dec-11	9	10	210
7-Dec-11	10	10	182
7-Dec-11	11	10	173
7-Dec-11	12	8	212
7-Dec-11	13	8	207
7-Dec-11	14	11	204
7-Dec-11	15	10	215
7-Dec-11	16	12	340
7-Dec-11	17	12	357
7-Dec-11	18	14	395
7-Dec-11	19	16	398
7-Dec-11	20	16	484
7-Dec-11	21	13	586
7-Dec-11	22	11	480
7-Dec-11	23	9	414
8-Dec-11	0	16	412
8-Dec-11	1	8	333
8-Dec-11	2	6	313
8-Dec-11	3	11	353
8-Dec-11	4	13	330
8-Dec-11	5	11	326
8-Dec-11	6	12	266
8-Dec-11	7	12	251
8-Dec-11	8	10	252
8-Dec-11	9	8	166
8-Dec-11	10	7	185
8-Dec-11	11	6	201
8-Dec-11	12	7	229
8-Dec-11	13	8	323
8-Dec-11	14	8	351
8-Dec-11	15	8	417
8-Dec-11	16	9	433
8-Dec-11	17	11	510
8-Dec-11	18	9	487
8-Dec-11	19	10	491
8-Dec-11	20	8	482
8-Dec-11	21	11	549
8-Dec-11	22	12	496
8-Dec-11	23	13	444
9-Dec-11	0	13	794
9-Dec-11	1	12	918
9-Dec-11	2	10	352
9-Dec-11	3	10	386
9-Dec-11	4	15	405
9-Dec-11	5	15	379
9-Dec-11	6	15	370
9-Dec-11	7	14	518
9-Dec-11	8	11	455
9-Dec-11	9	11	310
9-Dec-11	10	7	295
9-Dec-11	11	7	287
9-Dec-11	12	9	304
9-Dec-11	13	9	345
9-Dec-11	14	9	359
9-Dec-11	15	10	393
9-Dec-11	16	9	393
9-Dec-11	17	14	430
9-Dec-11	18	14	442
9-Dec-11	19	14	498
9-Dec-11	20	16	567
9-Dec-11	21	13	560
9-Dec-11	22	17	314
9-Dec-11	23	18	309
10-Dec-11	0	15	322
10-Dec-11	1	12	401
10-Dec-11	2	17	522
10-Dec-11	3	15	356
10-Dec-11	4	17	388
10-Dec-11	5	14	288
10-Dec-11	6	15	273
10-Dec-11	7	12	249
10-Dec-11	8	10	197
10-Dec-11	9	9	245
10-Dec-11	10	7	280
10-Dec-11	11	8	294
10-Dec-11	12	9	321
10-Dec-11	13	6	324
10-Dec-11	14	8	342
10-Dec-11	15	10	357
10-Dec-11	16	12	340
10-Dec-11	17	11	332
10-Dec-11	18	15	523
10-Dec-11	19	14	461
10-Dec-11	20	13	439
10-Dec-11	21	10	418
10-Dec-11	22	12	391
10-Dec-11	23	13	304
11-Dec-11	0	12	309
11-Dec-11	1	13	308
11-Dec-11	2	12	301
11-Dec-11	3	10	258
11-Dec-11	4	12	290
11-Dec-11	5	12	246
11-Dec-11	6	10	265
11-Dec-11	7	10	278
11-Dec-11	8	14	285
11-Dec-11	9	12	365
11-Dec-11	10	13	295
11-Dec-11	11	12	321
11-Dec-11	12	13	367
11-Dec-11	13	9	354
11-Dec-11	14	10	382
11-Dec-11	15	12	406
11-Dec-11	16	13	438
11-Dec-11	17	13	457
11-Dec-11	18	16	541
11-Dec-11	19	14	643
11-Dec-11	20	18	737
11-Dec-11	21	14	626
11-Dec-11	22	16	598
11-Dec-11	23	14	579
12-Dec-11	0	13	929
12-Dec-11	1	11	948
12-Dec-11	2	11	483
12-Dec-11	3	14	467
12-Dec-11	4	12	478
12-Dec-11	5	11	398
12-Dec-11	6	11	378
12-Dec-11	7	12	338
12-Dec-11	8	14	313
12-Dec-11	9	13	317
12-Dec-11	10	13	321
12-Dec-11	11	13	325
12-Dec-11	12	12	335
12-Dec-11	13	11	371
12-Dec-11	14	13	410
12-Dec-11	15	13	499
12-Dec-11	16	14	513
12-Dec-11	17	16	630
12-Dec-11	18	17	691
12-Dec-11	19	15	685
12-Dec-11	20	14	734
12-Dec-11	21	16	450
12-Dec-11	22	13	496
12-Dec-11	23	17	519
13-Dec-11	0	14	519
13-Dec-11	1	21	649
13-Dec-11	2	22	710
13-Dec-11	3	19	687
13-Dec-11	4	16	691
13-Dec-11	5	14	507
13-Dec-11	6	16	381
13-Dec-11	7	18	462
13-Dec-11	8	17	453
13-Dec-11	9	20	509
13-Dec-11	10	19	572
13-Dec-11	11	25	728
13-Dec-11	12	44	2556
13-Dec-11	13	72	5989
13-Dec-11	14	87	5988
13-Dec-11	15	97	8641
13-Dec-11	16	96	9893
13-Dec-11	17	109	10052
13-Dec-11	18	116	10536
13-Dec-11	19	118	10441
13-Dec-11	20	129	11239
13-Dec-11	21	122	10858
13-Dec-11	22	128	7212
13-Dec-11	23	121	4530
14-Dec-11	0	119	4717
14-Dec-11	1	119	4519
14-Dec-11	2	130	4920
14-Dec-11	3	127	4676
14-Dec-11	4	112	4480
14-Dec-11	5	94	4061
14-Dec-11	6	93	3951
14-Dec-11	7	76	3281
14-Dec-11	8	63	2221
14-Dec-11	9	57	2289
14-Dec-11	10	48	1906
14-Dec-11	11	42	2138
14-Dec-11	12	43	2137
14-Dec-11	13	40	2499
14-Dec-11	14	53	6287
14-Dec-11	15	75	7135
14-Dec-11	16	95	7934
14-Dec-11	17	105	8032
14-Dec-11	18	140	8173
14-Dec-11	19	158	9163
14-Dec-11	20	166	8448
14-Dec-11	21	170	8443
14-Dec-11	22	155	7261
14-Dec-11	23	145	6671
15-Dec-11	0	143	6872
15-Dec-11	1	154	4156
15-Dec-11	2	145	4444
15-Dec-11	3	143	4280
15-Dec-11	4	129	4543
15-Dec-11	5	127	3589
15-Dec-11	6	115	2807
15-Dec-11	7	108	2724
15-Dec-11	8	83	2612
15-Dec-11	9	62	1942
15-Dec-11	10	55	1558
15-Dec-11	11	55	1423
15-Dec-11	12	51	1794
15-Dec-11	13	55	1798
15-Dec-11	14	62	2288
15-Dec-11	15	77	4188
15-Dec-11	16	103	5077
15-Dec-11	17	120	5536
15-Dec-11	18	144	6214
15-Dec-11	19	154	6303
15-Dec-11	20	161	6281
15-Dec-11	21	178	6307
15-Dec-11	22	198	6361
15-Dec-11	23	186	6910
16-Dec-11	0	177	6878
16-Dec-11	1	195	8913
16-Dec-11	2	193	9983
16-Dec-11	3	183	11664
16-Dec-11	4	168	9832
16-Dec-11	5	159	12852
16-Dec-11	6	159	12157
16-Dec-11	7	144	4181
16-Dec-11	8	114	3560
16-Dec-11	9	64	1374
16-Dec-11	10	16	601
16-Dec-11	11	16	676
16-Dec-11	12	34	802
16-Dec-11	13	81	1284
16-Dec-11	14	93	1716
16-Dec-11	15	114	3269
16-Dec-11	16	129	3387
16-Dec-11	17	149	5562
16-Dec-11	18	174	8067
16-Dec-11	19	191	7036
16-Dec-11	20	209	6268
16-Dec-11	21	201	9038
16-Dec-11	22	201	5594
16-Dec-11	23	219	5965
17-Dec-11	0	193	5083
17-Dec-11	1	190	5068
17-Dec-11	2	188	4736
17-Dec-11	3	189	4752
17-Dec-11	4	186	4747
17-Dec-11	5	185	4049
17-Dec-11	6	180	4036
17-Dec-11	7	163	3701
17-Dec-11	8	150	3391
17-Dec-11	9	139	1950
17-Dec-11	10	117	1500
17-Dec-11	11	102	1574
17-Dec-11	12	107	1301
17-Dec-11	13	98	1365
17-Dec-11	14	99	1785
17-Dec-11	15	101	2122
17-Dec-11	16	112	2326
17-Dec-11	17	120	2687
17-Dec-11	18	129	2832
17-Dec-11	19	148	2887
17-Dec-11	20	162	3460
17-Dec-11	21	171	3262
17-Dec-11	22	167	2963
17-Dec-11	23	165	2592
18-Dec-11	0	183	2774
18-Dec-11	1	182	2343
18-Dec-11	2	178	1920
18-Dec-11	3	176	3801
18-Dec-11	4	178	4285
18-Dec-11	5	167	3713
18-Dec-11	6	147	3530
18-Dec-11	7	138	1807
18-Dec-11	8	126	2270
18-Dec-11	9	98	2055
18-Dec-11	10	95	2091
18-Dec-11	11	83	2161
18-Dec-11	12	80	1844
18-Dec-11	13	82	1783
18-Dec-11	14	83	2161
18-Dec-11	15	93	2010
18-Dec-11	16	96	2080
18-Dec-11	17	113	2490
18-Dec-11	18	127	3160
18-Dec-11	19	150	3237
18-Dec-11	20	146	4251
18-Dec-11	21	149	4448
18-Dec-11	22	153	4860
18-Dec-11	23	161	4862
19-Dec-11	0	171	4385
19-Dec-11	1	151	4320
19-Dec-11	2	138	3764
19-Dec-11	3	147	3865
19-Dec-11	4	142	4181
19-Dec-11	5	140	3448
19-Dec-11	6	128	3301
19-Dec-11	7	121	2986
19-Dec-11	8	106	2815
19-Dec-11	9	86	2593
19-Dec-11	10	75	2495
19-Dec-11	11	69	2327
19-Dec-11	12	68	2095
19-Dec-11	13	61	979
19-Dec-11	14	72	1230
19-Dec-11	15	78	1518
19-Dec-11	16	88	1695
19-Dec-11	17	93	1715
19-Dec-11	18	108	1920
19-Dec-11	19	109	2031
19-Dec-11	20	111	5123
19-Dec-11	21	123	4439
19-Dec-11	22	144	4477
19-Dec-11	23	143	4452
20-Dec-11	0	146	5029
20-Dec-11	1	95	2697
20-Dec-11	2	38	2420
20-Dec-11	3	36	3125
20-Dec-11	4	38	3206
20-Dec-11	5	55	1747
20-Dec-11	6	158	4894
20-Dec-11	7	161	4494
20-Dec-11	8	157	3804
20-Dec-11	9	132	3260
20-Dec-11	10	127	3059
20-Dec-11	11	122	2507
20-Dec-11	12	108	2421
20-Dec-11	13	99	1329
20-Dec-11	14	95	1515
20-Dec-11	15	108	1827
20-Dec-11	16	112	2232
20-Dec-11	17	122	2155
20-Dec-11	18	139	2336
20-Dec-11	19	156	3905
20-Dec-11	20	163	3738
20-Dec-11	21	177	3996
20-Dec-11	22	186	5783
20-Dec-11	23	197	4420
21-Dec-11	0	188	4335
21-Dec-11	1	186	2888
21-Dec-11	2	174	2632
21-Dec-11	3	171	2767
21-Dec-11	4	171	3349
21-Dec-11	5	163	4717
21-Dec-11	6	161	4908
21-Dec-11	7	144	4004
21-Dec-11	8	143	3653
21-Dec-11	9	120	3053
21-Dec-11	10	99	2752
21-Dec-11	11	92	2368
21-Dec-11	12	83	1233
21-Dec-11	13	80	1146
21-Dec-11	14	80	1394
21-Dec-11	15	78	1188
21-Dec-11	16	87	1389
21-Dec-11	17	94	1847
21-Dec-11	18	105	1945
21-Dec-11	19	118	2941
21-Dec-11	20	134	3846
21-Dec-11	21	145	3431
21-Dec-11	22	168	3656
21-Dec-11	23	160	2567
22-Dec-11	0	156	8350
22-Dec-11	1	146	4698
22-Dec-11	2	160	5861
22-Dec-11	3	174	4703
22-Dec-11	4	171	4776
22-Dec-11	5	163	5863
22-Dec-11	6	153	4786
22-Dec-11	7	141	3947
22-Dec-11	8	133	3348
22-Dec-11	9	91	2971
22-Dec-11	10	30	639
22-Dec-11	11	30	515
22-Dec-11	12	35	663
22-Dec-11	13	53	1070
22-Dec-11	14	60	1116
22-Dec-11	15	65	1726
22-Dec-11	16	77	2290
22-Dec-11	17	89	2152
22-Dec-11	18	105	2146
22-Dec-11	19	125	2580
22-Dec-11	20	136	3507
22-Dec-11	21	158	3200
22-Dec-11	22	149	4209
22-Dec-11	23	162	4925
23-Dec-11	0	160	6530
23-Dec-11	1	156	8856
23-Dec-11	2	152	7110
23-Dec-11	3	144	6373
23-Dec-11	4	164	6903
23-Dec-11	5	165	8060
23-Dec-11	6	148	3783
23-Dec-11	7	122	3766
23-Dec-11	8	107	3636
23-Dec-11	9	101	3866
23-Dec-11	10	85	2784
23-Dec-11	11	74	1428
23-Dec-11	12	68	1058
23-Dec-11	13	62	1139
23-Dec-11	14	70	1195
23-Dec-11	15	74	1356
23-Dec-11	16	79	1765
23-Dec-11	17	82	1668
23-Dec-11	18	85	1801
23-Dec-11	19	99	1927
23-Dec-11	20	121	2433
23-Dec-11	21	133	3720
23-Dec-11	22	136	2726
23-Dec-11	23	125	4237
24-Dec-11	0	134	5728
24-Dec-11	1	133	4912
24-Dec-11	2	123	4143
24-Dec-11	3	118	4917
24-Dec-11	4	120	4151
24-Dec-11	5	127	3451
24-Dec-11	6	124	3495
24-Dec-11	7	114	3814
24-Dec-11	8	112	3419
24-Dec-11	9	93	2962
24-Dec-11	10	88	2804
24-Dec-11	11	72	1767
24-Dec-11	12	56	1619
24-Dec-11	13	66	1769
24-Dec-11	14	57	1675
24-Dec-11	15	61	1475
24-Dec-11	16	71	2202
24-Dec-11	17	73	2667
24-Dec-11	18	79	2794
24-Dec-11	19	69	2100
24-Dec-11	20	87	2523
24-Dec-11	21	81	2287
24-Dec-11	22	83	3416
24-Dec-11	23	92	3216
25-Dec-11	0	109	4130
25-Dec-11	1	111	3351
25-Dec-11	2	94	3463
25-Dec-11	3	86	3288
25-Dec-11	4	82	3071
25-Dec-11	5	81	3062
25-Dec-11	6	83	3375
25-Dec-11	7	92	2918
25-Dec-11	8	83	2731
25-Dec-11	9	71	2397
25-Dec-11	10	64	2371
25-Dec-11	11	60	2440
25-Dec-11	12	54	1375
25-Dec-11	13	59	1476
25-Dec-11	14	54	1800
25-Dec-11	15	63	2369
25-Dec-11	16	73	2062
25-Dec-11	17	75	1921
25-Dec-11	18	83	2267
25-Dec-11	19	82	2295
25-Dec-11	20	92	2113
25-Dec-11	21	90	2708
25-Dec-11	22	100	3758
25-Dec-11	23	100	3629
26-Dec-11	0	105	3197
26-Dec-11	1	109	5401
26-Dec-11	2	107	3771
26-Dec-11	3	122	3651
26-Dec-11	4	136	4243
26-Dec-11	5	141	4821
26-Dec-11	6	129	4083
26-Dec-11	7	108	3644
26-Dec-11	8	102	3442
26-Dec-11	9	89	2790
26-Dec-11	10	75	2593
26-Dec-11	11	77	2963
26-Dec-11	12	61	2354
26-Dec-11	13	50	1233
26-Dec-11	14	56	1611
26-Dec-11	15	61	1651
26-Dec-11	16	67	1850
26-Dec-11	17	84	2267
26-Dec-11	18	94	3342
26-Dec-11	19	111	3252
26-Dec-11	20	123	3688
26-Dec-11	21	125	3746
26-Dec-11	22	140	4886
26-Dec-11	23	144	4402
27-Dec-11	0	153	4660
27-Dec-11	1	154	3273
27-Dec-11	2	132	2640
27-Dec-11	3	141	2844
27-Dec-11	4	145	6324
27-Dec-11	5	154	5135
27-Dec-11	6	134	4439
27-Dec-11	7	131	6138
27-Dec-11	8	113	3729
27-Dec-11	9	96	3378
27-Dec-11	10	85	3278
27-Dec-11	11	63	2341
27-Dec-11	12	22	404
27-Dec-11	13	19	477
27-Dec-11	14	25	520
27-Dec-11	15	26	802
27-Dec-11	16	35	972
27-Dec-11	17	47	1895
27-Dec-11	18	59	2927
27-Dec-11	19	95	4010
27-Dec-11	20	147	2663
27-Dec-11	21	183	3436
27-Dec-11	22	173	4314
27-Dec-11	23	167	4000
28-Dec-11	0	160	3225
28-Dec-11	1	168	3039
28-Dec-11	2	151	2863
28-Dec-11	3	154	2578
28-Dec-11	4	143	3641
28-Dec-11	5	145	4344
28-Dec-11	6	136	4191
28-Dec-11	7	132	3508
28-Dec-11	8	111	3727
28-Dec-11	9	100	3341
28-Dec-11	10	76	2661
28-Dec-11	11	69	2362
28-Dec-11	12	67	2921
28-Dec-11	13	69	2332
28-Dec-11	14	71	1007
28-Dec-11	15	93	1790
28-Dec-11	16	100	1736
28-Dec-11	17	92	1302
28-Dec-11	18	111	2159
28-Dec-11	19	120	2107
28-Dec-11	20	121	2178
28-Dec-11	21	127	3683
28-Dec-11	22	133	4075
28-Dec-11	23	142	4769
29-Dec-11	0	143	4899
29-Dec-11	1	145	4589
29-Dec-11	2	147	5231
29-Dec-11	3	147	3831
29-Dec-11	4	152	5253
29-Dec-11	5	143	4677
29-Dec-11	6	121	4536
29-Dec-11	7	120	4451
29-Dec-11	8	102	4099
29-Dec-11	9	96	4238
29-Dec-11	10	84	4002
29-Dec-11	11	69	1482
29-Dec-11	12	73	1419
29-Dec-11	13	74	1473
29-Dec-11	14	72	1494
29-Dec-11	15	66	1283
29-Dec-11	16	65	1252
29-Dec-11	17	61	1219
29-Dec-11	18	88	1636
29-Dec-11	19	111	2271
29-Dec-11	20	118	2699
29-Dec-11	21	129	3753
29-Dec-11	22	134	4058
29-Dec-11	23	135	4014
30-Dec-11	0	124	4448
30-Dec-11	1	133	5443
30-Dec-11	2	133	2791
30-Dec-11	3	146	3059
30-Dec-11	4	141	4810
30-Dec-11	5	139	4183
30-Dec-11	6	128	3661
30-Dec-11	7	115	3866
30-Dec-11	8	103	4480
30-Dec-11	9	100	3903
30-Dec-11	10	79	2672
30-Dec-11	11	74	1595
30-Dec-11	12	75	1587
30-Dec-11	13	68	1279
30-Dec-11	14	64	1362
30-Dec-11	15	73	1638
30-Dec-11	16	83	1840
30-Dec-11	17	84	1927
30-Dec-11	18	87	1875
30-Dec-11	19	114	2789
30-Dec-11	20	125	2873
30-Dec-11	21	128	2859
30-Dec-11	22	147	4676
30-Dec-11	23	144	4445
31-Dec-11	0	142	5082
31-Dec-11	1	134	4974
31-Dec-11	2	128	4645
31-Dec-11	3	135	4563
31-Dec-11	4	146	5019
31-Dec-11	5	133	4463
31-Dec-11	6	122	4185
31-Dec-11	7	128	3413
31-Dec-11	8	117	3233
31-Dec-11	9	108	3596
31-Dec-11	10	88	3974
31-Dec-11	11	74	1640
31-Dec-11	12	61	1577
31-Dec-11	13	64	1472
31-Dec-11	14	67	1946
31-Dec-11	15	75	2237
31-Dec-11	16	78	1923
31-Dec-11	17	85	2584
31-Dec-11	18	83	2552
31-Dec-11	19	92	2610
31-Dec-11	20	104	2538
31-Dec-11	21	106	2600
31-Dec-11	22	105	3421
31-Dec-11	23	108	3358
1-Jan-12	0	109	3328
1-Jan-12	1	107	4224
1-Jan-12	2	114	3705
1-Jan-12	3	112	4542
1-Jan-12	4	109	3815
1-Jan-12	5	104	2701
1-Jan-12	6	113	2632
1-Jan-12	7	88	1647
1-Jan-12	8	75	1723
1-Jan-12	9	80	2511
1-Jan-12	10	73	1056
1-Jan-12	11	65	1035
1-Jan-12	12	56	1059
1-Jan-12	13	52	957
1-Jan-12	14	59	1153
1-Jan-12	15	69	1096
1-Jan-12	16	76	1347
1-Jan-12	17	87	1700
1-Jan-12	18	92	1894
1-Jan-12	19	103	2382
1-Jan-12	20	109	2372
1-Jan-12	21	132	3600
1-Jan-12	22	126	3692
1-Jan-12	23	136	4865
2-Jan-12	0	135	4841
2-Jan-12	1	126	4644
2-Jan-12	2	137	5866
2-Jan-12	3	139	4571
2-Jan-12	4	141	4338
2-Jan-12	5	149	4277
2-Jan-12	6	146	4618
2-Jan-12	7	139	3830
2-Jan-12	8	117	4183
2-Jan-12	9	102	3312
2-Jan-12	10	92	3439
2-Jan-12	11	80	2588
2-Jan-12	12	63	1886
2-Jan-12	13	58	1421
2-Jan-12	14	64	1482
2-Jan-12	15	64	1615
2-Jan-12	16	73	2181
2-Jan-12	17	78	2046
2-Jan-12	18	100	2359
2-Jan-12	19	109	2640
2-Jan-12	20	129	2769
2-Jan-12	21	136	2773
2-Jan-12	22	150	7119
2-Jan-12	23	154	4402
3-Jan-12	0	138	4217
3-Jan-12	1	132	4472
3-Jan-12	2	147	5189
3-Jan-12	3	149	6239
3-Jan-12	4	159	7407
3-Jan-12	5	136	5633
3-Jan-12	6	123	5132
3-Jan-12	7	112	5002
3-Jan-12	8	100	3847
3-Jan-12	9	85	3379
3-Jan-12	10	69	2199
3-Jan-12	11	65	2233
3-Jan-12	12	59	1955
3-Jan-12	13	61	1502
3-Jan-12	14	63	1517
3-Jan-12	15	64	1526
3-Jan-12	16	69	1353
3-Jan-12	17	78	3269
3-Jan-12	18	90	2962
3-Jan-12	19	91	3373
3-Jan-12	20	110	3738
3-Jan-12	21	122	4425
3-Jan-12	22	129	4183
3-Jan-12	23	134	4477
4-Jan-12	0	140	3927
4-Jan-12	1	127	4399
4-Jan-12	2	145	5246
4-Jan-12	3	150	4794
4-Jan-12	4	142	3567
4-Jan-12	5	139	2869
4-Jan-12	6	120	2880
4-Jan-12	7	121	2197
4-Jan-12	8	104	1629
4-Jan-12	9	79	1585
4-Jan-12	10	27	653
4-Jan-12	11	22	504
4-Jan-12	12	41	825
4-Jan-12	13	46	1286
4-Jan-12	14	50	1088
4-Jan-12	15	51	1069
4-Jan-12	16	70	1592
4-Jan-12	17	86	1981
4-Jan-12	18	90	1811
4-Jan-12	19	109	2040
4-Jan-12	20	104	2250
4-Jan-12	21	131	4674
4-Jan-12	22	133	2659
4-Jan-12	23	145	3370
5-Jan-12	0	141	3042
5-Jan-12	1	143	3033
5-Jan-12	2	136	4113
5-Jan-12	3	147	3755
5-Jan-12	4	133	5301
5-Jan-12	5	126	5560
5-Jan-12	6	119	4312
5-Jan-12	7	110	4385
5-Jan-12	8	105	4216
5-Jan-12	9	98	3430
5-Jan-12	10	75	4041
5-Jan-12	11	30	2451
5-Jan-12	12	42	1222
5-Jan-12	13	45	1295
5-Jan-12	14	57	1012
5-Jan-12	15	66	935
5-Jan-12	16	63	936
5-Jan-12	17	79	1493
5-Jan-12	18	86	2381
5-Jan-12	19	98	2779
5-Jan-12	20	103	3181
5-Jan-12	21	119	2583
5-Jan-12	22	142	7099
5-Jan-12	23	147	2765
6-Jan-12	0	129	3199
6-Jan-12	1	131	5244
6-Jan-12	2	146	7013
6-Jan-12	3	142	5883
6-Jan-12	4	139	4235
6-Jan-12	5	136	3833
6-Jan-12	6	128	4928
6-Jan-12	7	102	4000
6-Jan-12	8	94	3367
6-Jan-12	9	82	2922
6-Jan-12	10	34	595
6-Jan-12	11	29	678
6-Jan-12	12	27	860
6-Jan-12	13	66	799
6-Jan-12	14	77	1061
6-Jan-12	15	69	2252
6-Jan-12	16	76	1023
6-Jan-12	17	85	1417
6-Jan-12	18	89	1350
6-Jan-12	19	99	2121
6-Jan-12	20	119	2284
6-Jan-12	21	122	2506
6-Jan-12	22	128	5898
6-Jan-12	23	119	3907
7-Jan-12	0	118	3913
7-Jan-12	1	121	5382
7-Jan-12	2	136	4812
7-Jan-12	3	122	3510
7-Jan-12	4	114	4925
7-Jan-12	5	119	3696
7-Jan-12	6	112	5223
7-Jan-12	7	110	3865
7-Jan-12	8	97	3527
7-Jan-12	9	94	3525
7-Jan-12	10	79	1757
7-Jan-12	11	74	1609
7-Jan-12	12	75	1513
7-Jan-12	13	74	1253
7-Jan-12	14	68	1491
7-Jan-12	15	70	954
7-Jan-12	16	71	1145
7-Jan-12	17	83	1467
7-Jan-12	18	90	1652
7-Jan-12	19	91	1720
7-Jan-12	20	95	1633
7-Jan-12	21	116	2143
7-Jan-12	22	133	3548
7-Jan-12	23	124	4184
8-Jan-12	0	133	3857
8-Jan-12	1	116	4593
8-Jan-12	2	118	3631
8-Jan-12	3	112	3378
8-Jan-12	4	113	3278
8-Jan-12	5	107	3031
8-Jan-12	6	115	3568
8-Jan-12	7	101	2686
8-Jan-12	8	99	2537
8-Jan-12	9	100	2627
8-Jan-12	10	98	2233
8-Jan-12	11	88	2357
8-Jan-12	12	73	880
8-Jan-12	13	70	1060
8-Jan-12	14	63	952
8-Jan-12	15	62	1074
8-Jan-12	16	69	935
8-Jan-12	17	75	1163
8-Jan-12	18	93	1181
8-Jan-12	19	102	1160
8-Jan-12	20	110	1911
8-Jan-12	21	116	2005
8-Jan-12	22	122	2098
8-Jan-12	23	126	2995
9-Jan-12	0	116	2996
9-Jan-12	1	125	3340
9-Jan-12	2	112	2967
9-Jan-12	3	124	3912
9-Jan-12	4	122	3709
9-Jan-12	5	116	4350
9-Jan-12	6	99	3439
9-Jan-12	7	102	3074
9-Jan-12	8	94	2974
9-Jan-12	9	81	3322
9-Jan-12	10	67	2963
9-Jan-12	11	35	764
9-Jan-12	12	44	1106
9-Jan-12	13	47	1009
9-Jan-12	14	47	790
9-Jan-12	15	36	561
