2011/09/30 22,68,1354
2011/09/30 23,99,1324
2011/10/01 00,99,1539
2011/10/01 01,100,1763
2011/10/01 02,96,1820
2011/10/01 03,91,1419
2011/10/01 04,77,1220
2011/10/01 05,70,1027
2011/10/01 06,62,1236
2011/10/01 07,63,1853
2011/10/01 08,48,1693
2011/10/01 09,39,703
2011/10/01 10,33,589
2011/10/01 11,33,630
2011/10/01 12,31,784
2011/10/01 13,35,796
2011/10/01 14,41,839
2011/10/01 15,48,984
2011/10/01 16,59,1202
2011/10/01 17,60,1210
2011/10/01 18,68,1803
2011/10/01 19,80,1660
2011/10/01 20,80,1247
2011/10/01 21,86,1263
2011/10/01 22,85,1063
2011/10/01 23,76,1137
2011/10/02 00,66,1169
2011/10/02 01,61,934
2011/10/02 02,65,1361
2011/10/02 03,68,1747
2011/10/02 04,59,1698
2011/10/02 05,55,1391
2011/10/02 06,41,758
2011/10/02 07,36,971
2011/10/02 08,40,842
2011/10/02 09,34,885
2011/10/02 10,33,751
2011/10/02 11,29,764
2011/10/02 12,31,848
2011/10/02 13,25,893
2011/10/02 14,32,1065
2011/10/02 15,36,1100
2011/10/02 16,47,1427
2011/10/02 17,54,1415
2011/10/02 18,57,1333
2011/10/02 19,53,1032
2011/10/02 20,51,1445
2011/10/02 21,64,1324
2011/10/02 22,58,1243
2011/10/02 23,60,935
2011/10/03 00,54,682
2011/10/03 01,55,856
2011/10/03 02,50,786
2011/10/03 03,50,1021
2011/10/03 04,44,914
2011/10/03 05,40,847
2011/10/03 06,39,888
2011/10/03 07,32,784
2011/10/03 08,23,622
2011/10/03 09,19,577
2011/10/03 10,16,526
2011/10/03 11,18,577
2011/10/03 12,20,802
2011/10/03 13,22,683
2011/10/03 14,23,644
2011/10/03 15,27,684
2011/10/03 16,29,732
2011/10/03 17,36,626
2011/10/03 18,32,637
2011/10/03 19,41,696
2011/10/03 20,42,954
2011/10/03 21,37,2326
2011/10/03 22,44,1985
2011/10/03 23,37,769
2011/10/04 00,47,862
2011/10/04 01,51,1046
2011/10/04 02,48,1080
2011/10/04 03,43,774
2011/10/04 04,41,544
2011/10/04 05,33,542
2011/10/04 06,29,496
2011/10/04 07,25,465
2011/10/04 08,16,411
2011/10/04 09,17,308
2011/10/04 10,18,367
2011/10/04 11,21,381
2011/10/04 12,22,388
2011/10/04 13,25,423
2011/10/04 14,27,492
2011/10/04 15,31,571
2011/10/04 16,29,777
2011/10/04 17,39,802
2011/10/04 18,39,611
2011/10/04 19,34,731
2011/10/04 20,34,737
2011/10/04 21,35,475
2011/10/04 22,31,506
2011/10/04 23,45,751
2011/10/05 00,41,579
2011/10/05 01,32,411
2011/10/05 02,30,328
2011/10/05 03,26,327
2011/10/05 04,26,544
2011/10/05 05,23,572
2011/10/05 06,19,341
2011/10/05 07,11,393
2011/10/05 08,12,348
2011/10/05 09,12,265
2011/10/05 10,15,299
2011/10/05 11,22,337
2011/10/05 12,17,377
2011/10/05 13,18,383
2011/10/05 14,20,510
2011/10/05 15,21,537
2011/10/05 16,25,690
2011/10/05 17,34,751
2011/10/05 18,40,824
2011/10/05 19,36,474
2011/10/05 20,37,532
2011/10/05 21,38,467
2011/10/05 22,34,415
2011/10/05 23,29,400
2011/10/06 00,28,642
2011/10/06 01,24,3173
2011/10/06 02,27,3552
2011/10/06 03,34,526
2011/10/06 04,19,282
2011/10/06 05,14,537
2011/10/06 06,21,319
2011/10/06 07,20,270
2011/10/06 08,19,282
2011/10/06 09,16,286
2011/10/06 10,18,240
2011/10/06 11,21,335
2011/10/06 12,17,355
2011/10/06 13,16,320
2011/10/06 14,19,373
2011/10/06 15,23,731
2011/10/06 16,23,400
2011/10/06 17,27,348
2011/10/06 18,22,547
2011/10/06 19,22,576
2011/10/06 20,31,396
2011/10/06 21,24,320
2011/10/06 22,33,353
2011/10/06 23,33,361
2011/10/07 00,38,333
2011/10/07 01,38,345
2011/10/07 02,34,663
2011/10/07 03,27,639
2011/10/07 04,23,328
2011/10/07 05,24,408
2011/10/07 06,19,454
2011/10/07 07,19,353
2011/10/07 08,22,430
2011/10/07 09,23,550
2011/10/07 10,24,532
2011/10/07 11,21,597
2011/10/07 12,25,647
2011/10/07 13,28,788
2011/10/07 14,27,683
2011/10/07 15,34,833
2011/10/07 16,29,719
2011/10/07 17,35,585
2011/10/07 18,44,572
2011/10/07 19,44,657
2011/10/07 20,36,655
2011/10/07 21,39,561
2011/10/07 22,48,1054
2011/10/07 23,51,1075
2011/10/08 00,40,752
2011/10/08 01,36,375
2011/10/08 02,38,401
2011/10/08 03,31,399
2011/10/08 04,23,348
2011/10/08 05,21,441
2011/10/08 06,23,681
2011/10/08 07,23,498
2011/10/08 08,25,365
2011/10/08 09,19,406
2011/10/08 10,24,505
2011/10/08 11,23,395
2011/10/08 12,22,411
2011/10/08 13,24,571
2011/10/08 14,29,815
2011/10/08 15,41,885
2011/10/08 16,47,741
2011/10/08 17,39,810
2011/10/08 18,34,739
2011/10/08 19,28,730
2011/10/08 20,24,592
2011/10/08 21,32,544
2011/10/08 22,38,621
2011/10/08 23,34,521
2011/10/09 00,30,373
2011/10/09 01,27,447
2011/10/09 02,25,382
2011/10/09 03,26,313
2011/10/09 04,20,372
2011/10/09 05,14,345
2011/10/09 06,17,284
2011/10/09 07,20,547
2011/10/09 08,20,537
2011/10/09 09,19,526
2011/10/09 10,21,521
2011/10/09 11,23,478
2011/10/09 12,25,508
2011/10/09 13,23,411
2011/10/09 14,30,416
2011/10/09 15,32,447
2011/10/09 16,30,462
2011/10/09 17,30,557
2011/10/09 18,24,650
2011/10/09 19,17,518
2011/10/09 20,23,1846
2011/10/09 21,21,2600
2011/10/09 22,24,363
2011/10/09 23,21,312
2011/10/10 00,21,331
2011/10/10 01,19,306
2011/10/10 02,19,348
2011/10/10 03,16,267
2011/10/10 04,14,249
2011/10/10 05,10,186
2011/10/10 06,7,233
2011/10/10 07,5,213
2011/10/10 08,3,166
2011/10/10 09,4,149
2011/10/10 10,6,210
2011/10/10 11,6,223
2011/10/10 12,5,243
2011/10/10 13,6,203
2011/10/10 14,9,214
2011/10/10 15,7,194
2011/10/10 16,10,182
2011/10/10 17,9,158
2011/10/10 21,12,186
2011/10/10 22,12,243
2011/10/10 23,10,206
2011/10/11 00,7,362
2011/10/11 01,6,132
2011/10/11 02,8,143
2011/10/11 03,11,134
2011/10/11 04,11,166
2011/10/11 05,9,122
2011/10/11 06,8,91
2011/10/11 07,5,99
2011/10/11 08,3,96
2011/10/11 09,5,117
2011/10/11 10,5,129
2011/10/11 11,4,142
2011/10/11 12,4,174
2011/10/11 13,5,148
2011/10/11 14,6,156
2011/10/11 15,6,161
2011/10/11 16,4,169
2011/10/11 17,3,190
2011/10/11 18,6,168
2011/10/11 19,9,144
2011/10/11 20,8,124
2011/10/11 21,10,132
2011/10/11 22,9,117
2011/10/11 23,8,143
2011/10/12 00,7,97
2011/10/12 01,7,79
2011/10/12 02,8,257
2011/10/12 03,8,271
2011/10/12 04,7,137
2011/10/12 05,2,106
2011/10/12 06,3,115
2011/10/12 07,4,102
2011/10/12 08,5,104
2011/10/12 09,8,1697
2011/10/12 10,5,1901
2011/10/12 11,4,2212
2011/10/12 12,5,2455
2011/10/12 13,5,2473
2011/10/12 14,5,2950
2011/10/12 15,4,3226
2011/10/12 16,8,3662
2011/10/12 17,10,3593
2011/10/12 18,5,3381
2011/10/12 19,9,132
2011/10/12 20,10,119
2011/10/12 21,9,237
2011/10/12 22,9,151
2011/10/12 23,7,130
2011/10/13 00,7,97
2011/10/13 01,9,80
2011/10/13 02,8,218
2011/10/13 03,6,195
2011/10/13 04,6,199
2011/10/13 05,4,83
2011/10/13 06,2,62
2011/10/13 07,5,60
2011/10/13 08,5,46
2011/10/13 09,7,38
2011/10/13 10,4,55
2011/10/13 11,4,57
2011/10/13 12,3,11
2011/10/13 13,3,42
2011/10/13 14,3,77
2011/10/13 15,6,72
2011/10/13 16,6,67
2011/10/13 17,7,93
2011/10/13 18,4,103
2011/10/13 19,5,145
2011/10/13 20,11,152
2011/10/13 21,8,123
2011/10/13 22,10,110
2011/10/13 23,10,131
2011/10/14 00,13,108
2011/10/14 01,11,91
2011/10/14 02,6,147
2011/10/14 03,6,137
2011/10/14 04,8,153
2011/10/14 05,7,127
2011/10/14 06,6,57
2011/10/14 07,5,47
2011/10/14 08,5,39
2011/10/14 09,5,30
2011/10/14 10,5,362
2011/10/14 11,3,21
2011/10/14 12,4,44
2011/10/14 13,3,59
2011/10/14 14,3,60
2011/10/14 15,4,53
2011/10/14 16,6,52
2011/10/14 17,7,68
2011/10/14 18,6,57
2011/10/14 19,5,63
2011/10/14 20,5,80
2011/10/14 21,5,104
2011/10/14 22,6,69
2011/10/14 23,5,67
2011/10/15 00,4,72
2011/10/15 01,5,122
2011/10/15 02,4,144
2011/10/15 03,6,121
2011/10/15 04,13,145
2011/10/15 05,12,118
2011/10/15 06,7,110
2011/10/15 07,7,127
2011/10/15 08,6,148
2011/10/15 09,8,178
2011/10/15 10,9,212
2011/10/15 11,5,193
2011/10/15 12,10,217
2011/10/15 13,7,307
2011/10/15 14,7,342
2011/10/15 15,9,355
2011/10/15 16,14,382
2011/10/15 17,11,520
2011/10/15 18,13,536
2011/10/15 19,9,868
2011/10/15 20,8,1993
2011/10/15 21,12,1727
2011/10/15 22,9,126
2011/10/15 23,6,72
2011/10/16 00,7,99
2011/10/16 01,11,116
2011/10/16 02,13,97
2011/10/16 03,7,72
2011/10/16 04,8,85
2011/10/16 05,6,19
2011/10/16 06,4,14
2011/10/16 07,4,24
2011/10/16 08,5,68
2011/10/16 09,4,65
2011/10/16 10,5,82
2011/10/16 11,3,63
2011/10/16 12,2,64
2011/10/16 13,4,73
2011/10/16 14,5,72
2011/10/16 15,4,67
2011/10/16 16,7,83
2011/10/16 17,8,104
2011/10/16 18,7,247
2011/10/16 19,6,123
2011/10/16 20,6,107
2011/10/16 21,4,106
2011/10/16 22,5,84
2011/10/16 23,5,79
2011/10/17 00,6,70
2011/10/17 01,4,42
2011/10/17 02,5,33
2011/10/17 03,3,12
2011/10/17 04,3,12
2011/10/17 05,5,11
2011/10/17 06,4,81
2011/10/17 07,2,62
2011/10/17 08,1,63
2011/10/17 09,2,86
2011/10/17 10,3,75
2011/10/17 11,2,93
2011/10/17 12,4,99
2011/10/17 13,4,143
2011/10/17 14,3,118
2011/10/17 15,4,193
2011/10/17 16,4,237
2011/10/17 17,6,238
2011/10/17 18,7,201
2011/10/17 19,10,187
2011/10/17 20,4,132
2011/10/17 21,2,101
2011/10/17 22,5,86
2011/10/17 23,5,91
2011/10/18 00,7,100
2011/10/18 01,8,83
2011/10/18 02,5,15
2011/10/18 03,5,103
2011/10/18 04,6,55
2011/10/18 05,11,77
2011/10/18 06,8,106
2011/10/18 07,6,109
2011/10/18 08,6,115
2011/10/18 09,5,107
2011/10/18 10,3,78
2011/10/18 11,1,96
2011/10/18 12,1,97
2011/10/18 13,1,114
2011/10/18 14,1,104
2011/10/18 15,4,155
2011/10/18 16,9,146
2011/10/18 17,8,126
2011/10/18 18,6,411
2011/10/18 19,6,469
2011/10/18 20,5,138
2011/10/18 21,6,89
2011/10/18 22,6,73
2011/10/18 23,9,91
2011/10/19 00,4,70
2011/10/19 01,3,77
2011/10/19 02,3,61
2011/10/19 03,6,78
2011/10/19 04,6,109
2011/10/19 05,5,90
2011/10/19 06,3,56
2011/10/19 07,2,10
2011/10/19 08,2,80
2011/10/19 09,3,88
2011/10/19 10,3,81
2011/10/19 11,4,92
2011/10/19 12,4,109
2011/10/19 13,5,105
2011/10/19 14,3,121
2011/10/19 15,5,129
2011/10/19 16,6,127
2011/10/19 17,5,94
2011/10/19 18,6,190
2011/10/19 19,7,245
2011/10/19 20,6,195
2011/10/19 21,5,75
2011/10/19 22,7,74
2011/10/19 23,7,77
2011/10/20 00,9,69
2011/10/20 01,8,73
2011/10/20 02,6,76
2011/10/20 03,11,92
2011/10/20 04,11,124
2011/10/20 05,10,117
2011/10/20 06,5,73
2011/10/20 07,2,71
2011/10/20 08,2,85
2011/10/20 09,4,64
2011/10/20 10,3,85
2011/10/20 11,2,99
2011/10/20 12,4,73
2011/10/20 13,4,125
2011/10/20 14,3,136
2011/10/20 15,2,133
2011/10/20 16,6,94
2011/10/20 17,6,96
2011/10/20 18,7,103
2011/10/20 19,6,120
2011/10/20 20,5,115
2011/10/20 21,7,91
2011/10/20 22,9,76
2011/10/20 23,8,95
2011/10/21 00,5,83
2011/10/21 01,4,139
2011/10/21 02,3,222
2011/10/21 03,5,221
2011/10/21 04,7,173
2011/10/21 05,12,132
2011/10/21 06,5,21
2011/10/21 07,7,20
2011/10/21 08,5,85
2011/10/21 09,5,96
2011/10/21 10,3,120
2011/10/21 11,3,91
2011/10/21 12,4,114
2011/10/21 13,3,115
2011/10/21 14,4,93
2011/10/21 15,3,102
2011/10/21 16,4,202
2011/10/21 17,5,236
2011/10/21 18,8,245
2011/10/21 19,12,731
2011/10/21 20,9,96
2011/10/21 21,12,462
2011/10/21 22,11,125
2011/10/21 23,9,140
2011/10/22 00,8,91
2011/10/22 01,8,85
2011/10/22 02,13,127
2011/10/22 03,11,177
2011/10/22 04,12,176
2011/10/22 05,12,125
2011/10/22 06,8,120
2011/10/22 07,5,157
2011/10/22 08,2,74
2011/10/22 09,4,81
2011/10/22 10,7,114
2011/10/22 11,3,78
2011/10/22 12,5,111
2011/10/22 13,4,105
2011/10/22 14,8,101
2011/10/22 15,7,139
2011/10/22 16,8,133
2011/10/22 17,10,151
2011/10/22 18,12,170
2011/10/22 19,11,182
2011/10/22 20,16,193
2011/10/22 21,15,153
2011/10/22 22,13,146
2011/10/22 23,12,160
2011/10/23 00,11,156
2011/10/23 01,9,157
2011/10/23 02,11,139
2011/10/23 03,11,147
2011/10/23 04,11,211
2011/10/23 05,11,231
2011/10/23 06,7,319
2011/10/23 07,7,322
2011/10/23 08,4,195
2011/10/23 09,4,92
2011/10/23 10,5,154
2011/10/23 11,7,180
2011/10/23 12,8,160
2011/10/23 13,8,156
2011/10/23 14,8,153
2011/10/23 15,10,165
2011/10/23 16,9,206
2011/10/23 17,11,188
2011/10/23 18,12,211
2011/10/23 19,11,232
2011/10/23 20,17,255
2011/10/23 21,9,204
2011/10/23 22,9,173
2011/10/23 23,7,190
2011/10/24 00,5,214
2011/10/24 01,9,130
2011/10/24 02,12,191
2011/10/24 03,8,172
2011/10/24 04,10,164
2011/10/24 05,10,199
2011/10/24 06,7,169
2011/10/24 07,7,169
2011/10/24 08,6,149
2011/10/24 09,3,312
2011/10/24 10,3,148
2011/10/24 11,3,205
2011/10/24 12,5,229
2011/10/24 13,5,300
2011/10/24 14,8,367
2011/10/24 15,14,1553
2011/10/24 16,26,2586
2011/10/24 17,26,3192
2011/10/24 18,25,1547
2011/10/24 19,33,2586
2011/10/24 20,25,1451
2011/10/24 21,17,1822
2011/10/24 22,23,967
2011/10/24 23,25,855
2011/10/25 00,24,609
2011/10/25 01,31,877
2011/10/25 02,37,1806
2011/10/25 03,57,1808
2011/10/25 04,104,5637
2011/10/25 05,130,6348
2011/10/25 06,129,7469
2011/10/25 07,118,6604
2011/10/25 08,109,5263
2011/10/25 09,90,4926
2011/10/25 10,65,4614
2011/10/25 11,62,3418
2011/10/25 12,63,2937
2011/10/25 13,56,3013
2011/10/25 14,60,3012
2011/10/25 15,61,3139
2011/10/25 16,76,3609
2011/10/25 17,93,3619
2011/10/25 18,102,4127
2011/10/25 19,108,4680
2011/10/25 20,111,4904
2011/10/25 21,110,6841
2011/10/25 22,116,3558
2011/10/25 23,132,3292
2011/10/26 00,122,6409
2011/10/26 01,121,8620
2011/10/26 02,137,7718
2011/10/26 03,129,6647
2011/10/26 04,111,5492
2011/10/26 05,94,4233
2011/10/26 06,77,1991
2011/10/26 07,68,2079
2011/10/26 08,43,1619
2011/10/26 09,38,1549
2011/10/26 10,37,1849
2011/10/26 11,38,1924
2011/10/26 12,35,1825
2011/10/26 13,45,1781
2011/10/26 14,54,2247
2011/10/26 15,51,2761
2011/10/26 16,55,2787
2011/10/26 17,68,2880
2011/10/26 18,71,3489
2011/10/26 19,72,4455
2011/10/26 20,77,3998
2011/10/26 21,84,3779
2011/10/26 22,88,2961
2011/10/26 23,88,2664
2011/10/27 00,97,2753
2011/10/27 01,113,11711
2011/10/27 02,108,13591
2011/10/27 03,120,8166
2011/10/27 04,109,7750
2011/10/27 05,103,5883
2011/10/27 06,77,2761
2011/10/27 07,58,2673
2011/10/27 08,51,2538
2011/10/27 09,47,2640
2011/10/27 10,50,3084
2011/10/27 11,40,3416
2011/10/27 12,53,3349
2011/10/27 13,51,3423
2011/10/27 14,59,3682
2011/10/27 15,64,4040
2011/10/27 16,69,4112
2011/10/27 17,65,4360
2011/10/27 18,69,5170
2011/10/27 19,79,4897
2011/10/27 20,99,5494
2011/10/27 21,88,5046
2011/10/27 22,111,3653
2011/10/27 23,97,2011
2011/10/28 00,95,2099
2011/10/28 01,96,2070
2011/10/28 02,89,2230
2011/10/28 03,75,2281
2011/10/28 04,74,1844
2011/10/28 05,71,1679
2011/10/28 06,65,1430
2011/10/28 07,59,1486
2011/10/28 08,64,1279
2011/10/28 09,52,1294
2011/10/28 10,59,1349
2011/10/28 11,50,1241
2011/10/28 12,55,1286
2011/10/28 13,68,1545
2011/10/28 14,55,1986
2011/10/28 15,53,1913
2011/10/28 16,64,2079
2011/10/28 17,71,2174
2011/10/28 18,78,1669
2011/10/28 19,87,2062
2011/10/28 20,87,1851
2011/10/28 21,91,1975
2011/10/28 22,89,2383
2011/10/28 23,100,2605
2011/10/29 00,101,2131
2011/10/29 01,98,2384
2011/10/29 02,96,1834
2011/10/29 03,89,2121
2011/10/29 04,81,2874
2011/10/29 05,81,2640
2011/10/29 06,81,2198
2011/10/29 07,67,1956
2011/10/29 08,64,2007
2011/10/29 09,62,1324
2011/10/29 10,52,1259
2011/10/29 11,46,1158
2011/10/29 12,39,1261
2011/10/29 13,46,1573
2011/10/29 14,51,1458
2011/10/29 15,56,1249
2011/10/29 16,69,1257
2011/10/29 17,72,1351
2011/10/29 18,77,1452
2011/10/29 19,79,2055
2011/10/29 20,77,1467
2011/10/29 21,84,1469
2011/10/29 22,98,1911
2011/10/29 23,92,1504
2011/10/30 00,83,1421
2011/10/30 01,89,1386
2011/10/30 02,95,2690
2011/10/30 03,79,2723
2011/10/30 04,80,2823
2011/10/30 05,84,1716
2011/10/30 06,78,2040
2011/10/30 07,55,1426
2011/10/30 08,46,1383
2011/10/30 09,44,1538
2011/10/30 10,38,1295
2011/10/30 11,43,1213
2011/10/30 12,38,1420
2011/10/30 13,32,1079
2011/10/30 14,40,1237
2011/10/30 15,55,1579
2011/10/30 16,61,1863
2011/10/30 17,66,1630
2011/10/30 18,74,1685
2011/10/30 19,70,2030
2011/10/30 20,74,2037
2011/10/30 21,67,2018
2011/10/30 22,62,1695
2011/10/30 23,60,1587
2011/10/31 00,69,1829
2011/10/31 01,72,1276
2011/10/31 02,75,1558
2011/10/31 03,77,1936
2011/10/31 04,65,1922
2011/10/31 05,64,1960
2011/10/31 06,56,1690
2011/10/31 07,49,1439
2011/10/31 08,38,1365
2011/10/31 09,30,704
2011/10/31 10,32,727
2011/10/31 11,29,681
2011/10/31 12,33,914
2011/10/31 13,38,963
2011/10/31 14,38,1263
2011/10/31 15,38,1353
2011/10/31 16,39,1429
2011/10/31 17,50,1313
2011/10/31 18,60,1700
2011/10/31 19,65,1735
2011/10/31 20,73,2573
2011/10/31 21,73,4364
2011/10/31 22,72,4342
2011/10/31 23,68,1810
2011/11/01 00,63,1826
2011/11/01 01,64,1586
2011/11/01 02,71,1664
2011/11/01 03,66,2031
2011/11/01 04,55,1451
2011/11/01 05,44,1163
2011/11/01 06,41,1076
2011/11/01 07,36,1067
2011/11/01 08,28,754
2011/11/01 09,32,847
2011/11/01 10,29,740
2011/11/01 11,26,717
2011/11/01 12,31,865
2011/11/01 13,33,1114
2011/11/01 14,38,1193
2011/11/01 15,49,1960
2011/11/01 16,42,1799
2011/11/03 15,35,812
2011/11/03 16,43,1223
2011/11/03 17,44,1237
2011/11/03 18,56,1084
2011/11/03 19,60,1264
2011/11/03 20,69,1510
2011/11/03 21,69,1527
2011/11/03 22,76,1934
2011/11/03 23,81,1725
2011/11/04 00,88,1511
2011/11/04 01,74,1366
2011/11/04 02,61,1582
2011/11/04 03,57,1641
2011/11/04 04,67,1851
2011/11/04 05,59,1632
2011/11/04 06,52,1412
2011/11/04 07,37,815
2011/11/04 08,26,520
2011/11/04 09,25,470
2011/11/04 10,20,373
2011/11/04 11,22,403
2011/11/04 12,24,405
2011/11/04 13,30,525
2011/11/04 14,33,576
2011/11/04 15,39,793
2011/11/04 16,41,891
2011/11/04 17,45,968
2011/11/04 18,44,831
2011/11/04 19,43,836
2011/11/04 20,51,959
2011/11/04 21,66,929
2011/11/04 22,61,1157
2011/11/04 23,65,1247
2011/11/05 00,76,1396
2011/11/05 01,67,1469
2011/11/05 02,67,1660
2011/11/05 03,65,1517
2011/11/05 04,65,1592
2011/11/05 05,76,1627
2011/11/05 06,66,1285
2011/11/05 07,58,1061
2011/11/05 08,46,994
2011/11/05 09,40,889
2011/11/05 10,40,746
2011/11/05 11,35,621
2011/11/05 12,37,651
2011/11/05 13,39,834
2011/11/05 14,39,794
2011/11/05 15,39,649
2011/11/05 16,43,724
2011/11/05 17,52,789
2011/11/05 18,64,1148
2011/11/05 19,64,1282
2011/11/05 20,58,1735
2011/11/05 21,67,1731
2011/11/05 22,63,1494
2011/11/05 23,79,1271
2011/11/06 00,77,1464
2011/11/06 01,66,1476
2011/11/06 02,75,1698
2011/11/06 03,72,1878
2011/11/06 04,79,1836
2011/11/06 05,72,2446
2011/11/06 06,60,1993
2011/11/06 07,58,1737
2011/11/06 08,44,1122
2011/11/06 09,41,1118
2011/11/06 10,35,819
2011/11/06 11,30,865
2011/11/06 12,31,852
2011/11/06 13,32,800
2011/11/06 14,39,776
2011/11/06 15,39,1025
2011/11/06 16,45,1239
2011/11/06 17,42,1251
2011/11/06 18,56,1327
2011/11/06 19,61,1276
2011/11/06 20,54,1054
2011/11/06 21,58,1062
2011/11/06 22,60,1248
2011/11/06 23,55,1350
2011/11/07 00,51,1195
2011/11/07 01,49,1196
2011/11/07 02,56,1308
2011/11/07 03,53,1212
2011/11/07 04,46,1078
2011/11/07 05,47,805
2011/11/07 06,57,706
2011/11/07 07,48,714
2011/11/07 08,42,721
2011/11/07 09,41,884
2011/11/07 10,32,669
2011/11/07 11,27,516
2011/11/07 12,25,459
2011/11/07 13,22,551
2011/11/07 14,21,474
2011/11/07 15,27,611
2011/11/07 16,33,583
2011/11/07 17,31,804
2011/11/07 18,28,1065
2011/11/07 19,34,1012
2011/11/07 20,44,924
2011/11/07 21,40,1017
2011/11/07 22,39,1077
2011/11/07 23,40,938
2011/11/08 00,42,1004
2011/11/08 01,44,830
2011/11/08 02,46,771
2011/11/08 03,39,827
2011/11/08 04,37,740
2011/11/08 05,45,908
2011/11/08 06,48,996
2011/11/08 07,47,777
2011/11/08 08,43,647
2011/11/08 09,32,480
2011/11/08 10,32,370
2011/11/08 11,28,334
2011/11/08 12,36,434
2011/11/08 13,25,478
2011/11/08 14,31,528
2011/11/08 15,26,591
2011/11/08 16,27,594
2011/11/08 17,35,691
2011/11/08 18,38,573
2011/11/08 19,40,596
2011/11/08 20,36,531
2011/11/08 21,38,526
2011/11/08 22,43,578
2011/11/08 23,38,515
2011/11/09 00,40,493
2011/11/09 01,42,431
2011/11/09 02,43,456
2011/11/09 03,48,587
2011/11/09 04,35,434
2011/11/09 05,57,532
2011/11/09 06,45,596
2011/11/09 07,45,586
2011/11/09 08,38,456
2011/11/09 09,29,599
2011/11/09 10,27,195
2011/11/09 11,26,198
2011/11/09 12,26,530
2011/11/09 13,19,441
2011/11/09 14,16,352
2011/11/09 15,15,382
2011/11/09 16,24,458
2011/11/09 17,26,476
2011/11/09 18,30,557
2011/11/09 19,28,664
2011/11/09 20,34,589
2011/11/09 21,38,1592
2011/11/09 22,38,1527
2011/11/09 23,40,1303
2011/11/10 00,39,579
2011/11/10 01,43,593
2011/11/10 02,44,399
2011/11/10 03,42,379
2011/11/10 04,40,346
2011/11/10 05,43,457
2011/11/10 06,40,546
2011/11/10 07,38,571
2011/11/10 08,35,541
2011/11/10 09,31,276
2011/11/10 10,27,300
2011/11/10 11,18,336
2011/11/10 12,15,344
2011/11/10 13,14,348
2011/11/10 14,19,424
2011/11/10 15,22,398
2011/11/10 16,20,490
2011/11/10 17,24,545
2011/11/10 18,24,386
2011/11/10 19,19,371
2011/11/10 20,23,513
2011/11/10 21,25,681
2011/11/10 22,30,884
2011/11/10 23,34,748
2011/11/11 00,37,798
2011/11/11 01,37,753
2011/11/11 02,36,564
2011/11/11 03,38,650
2011/11/11 04,33,678
2011/11/11 05,35,700
2011/11/11 06,42,306
2011/11/11 07,44,394
2011/11/11 08,34,202
2011/11/11 09,21,123
2011/11/11 10,19,138
2011/11/11 11,23,156
2011/11/11 12,21,271
2011/11/11 13,21,345
2011/11/11 14,18,355
2011/11/11 15,22,454
2011/11/11 16,25,569
2011/11/11 17,29,627
2011/11/11 18,40,788
2011/11/11 19,30,267
2011/11/11 20,28,273
2011/11/11 21,32,433
2011/11/11 22,40,406
2011/11/11 23,33,444
2011/11/12 00,36,304
2011/11/12 01,36,351
2011/11/12 02,29,338
2011/11/12 03,37,629
2011/11/12 04,37,965
2011/11/12 05,33,607
2011/11/12 06,32,262
2011/11/12 07,26,1199
2011/11/12 08,23,1052
2011/11/12 09,20,296
2011/11/12 10,18,291
2011/11/12 11,17,169
2011/11/12 12,17,184
2011/11/12 13,21,163
2011/11/12 14,23,197
2011/11/12 15,26,281
2011/11/12 16,27,272
2011/11/12 17,28,306
2011/11/12 18,27,275
2011/11/12 19,29,382
2011/11/12 20,39,408
2011/11/12 21,28,322
2011/11/12 22,31,340
2011/11/12 23,30,260
2011/11/13 00,35,347
2011/11/13 01,38,583
2011/11/13 02,36,702
2011/11/13 03,26,209
2011/11/13 04,23,120
2011/11/13 05,33,829
2011/11/13 06,28,271
2011/11/13 07,32,155
2011/11/13 08,31,168
2011/11/13 12,16,293
2011/11/13 13,22,434
2011/11/13 14,22,365
2011/11/13 15,29,341
2011/11/13 16,29,372
2011/11/13 17,32,725
2011/11/13 18,35,670
2011/11/13 19,29,918
2011/11/13 20,40,669
2011/11/13 21,43,585
2011/11/13 22,37,711
2011/11/13 23,22,357
2011/11/14 00,28,310
2011/11/14 01,28,282
2011/11/14 02,28,480
2011/11/14 03,27,476
2011/11/14 04,21,181
2011/11/14 05,19,162
2011/11/14 06,19,170
2011/11/14 07,17,143
2011/11/14 08,14,187
2011/11/14 09,13,105
2011/11/14 10,14,92
2011/11/14 11,14,92
2011/11/14 12,16,485
2011/11/14 13,19,371
2011/11/14 14,22,393
2011/11/14 15,28,455
2011/11/14 16,25,480
2011/11/14 17,19,478
2011/11/14 18,21,458
2011/11/14 19,26,418
2011/11/14 20,22,427
2011/11/14 21,33,593
2011/11/14 22,36,549
2011/11/14 23,37,662
2011/11/15 00,37,636
2011/11/15 01,27,291
2011/11/15 02,29,476
2011/11/15 03,32,394
2011/11/15 04,30,318
2011/11/15 05,25,303
2011/11/15 06,15,338
2011/11/15 07,8,213
2011/11/15 08,9,201
2011/11/15 09,12,205
2011/11/15 10,10,216
2011/11/15 11,16,232
2011/11/15 12,18,291
2011/11/15 13,19,373
2011/11/15 14,19,415
2011/11/15 15,25,438
2011/11/15 16,22,298
2011/11/15 17,21,328
2011/11/15 18,22,404
2011/11/15 19,21,523
2011/11/15 20,25,651
2011/11/15 21,22,342
2011/11/15 22,25,335
2011/11/15 23,24,355
2011/11/16 00,32,423
2011/11/16 01,31,605
2011/11/16 02,27,545
2011/11/16 03,24,554
2011/11/16 04,27,239
2011/11/16 05,27,285
2011/11/16 06,20,275
2011/11/16 07,17,148
2011/11/16 08,15,191
2011/11/16 09,13,173
2011/11/16 10,15,197
2011/11/16 11,11,237
2011/11/16 12,13,207
2011/11/16 13,15,271
2011/11/16 14,20,290
2011/11/16 15,19,314
2011/11/16 16,17,343
2011/11/16 17,19,416
2011/11/16 18,22,349
2011/11/16 19,20,365
2011/11/16 20,24,297
2011/11/16 21,27,320
2011/11/16 22,33,396
2011/11/16 23,22,235
2011/11/17 00,25,247
2011/11/17 01,26,255
2011/11/17 02,27,302
2011/11/17 03,34,302
2011/11/17 04,29,299
2011/11/17 05,26,234
2011/11/17 06,29,244
2011/11/17 07,28,324
2011/11/17 08,25,237
2011/11/17 09,19,301
2011/11/17 10,20,252
2011/11/17 11,21,266
2011/11/17 12,23,289
2011/11/17 13,23,676
2011/11/17 14,19,586
2011/11/17 15,22,534
2011/11/17 16,20,544
2011/11/17 17,19,504
2011/11/17 18,18,372
2011/11/17 19,23,532
2011/11/17 20,28,473
2011/11/17 21,27,634
2011/11/17 22,33,488
2011/11/17 23,35,355
2011/11/18 00,37,515
2011/11/18 01,37,655
2011/11/18 02,38,671
2011/11/18 03,42,737
2011/11/18 04,35,921
2011/11/18 05,28,798
2011/11/18 06,25,244
2011/11/18 07,12,172
2011/11/18 08,12,164
2011/11/18 09,11,222
2011/11/18 10,10,140
2011/11/18 11,9,173
2011/11/18 12,9,150
2011/11/18 13,20,215
2011/11/18 14,25,455
2011/11/18 15,18,726
2011/11/18 16,19,1096
2011/11/18 17,21,517
2011/11/18 18,19,707
2011/11/18 19,20,843
2011/11/18 20,27,334
2011/11/18 21,27,358
2011/11/18 22,20,304
2011/11/18 23,24,388
2011/11/19 00,31,585
2011/11/19 01,31,269
2011/11/19 02,35,295
2011/11/19 03,30,284
2011/11/19 04,25,257
2011/11/19 05,30,242
2011/11/19 06,30,188
2011/11/19 07,27,179
2011/11/19 08,21,161
2011/11/19 09,16,176
2011/11/19 10,15,259
2011/11/19 11,18,300
2011/11/19 12,18,138
2011/11/19 13,26,191
2011/11/19 14,26,221
2011/11/19 15,30,299
2011/11/19 16,25,488
2011/11/19 17,27,366
2011/11/19 18,21,347
2011/11/19 19,28,351
2011/11/19 20,27,310
2011/11/19 21,31,421
2011/11/19 22,34,440
2011/11/19 23,24,277
2011/11/20 00,22,319
2011/11/20 01,21,259
2011/11/20 02,26,400
2011/11/20 03,23,237
2011/11/20 04,24,230
2011/11/20 05,21,214
2011/11/20 06,17,186
2011/11/20 07,17,202
2011/11/20 08,17,258
2011/11/20 09,17,256
2011/11/20 10,17,329
2011/11/20 11,17,267
2011/11/20 12,17,313
2011/11/20 13,18,284
2011/11/20 14,20,337
2011/11/20 15,21,339
2011/11/20 16,20,314
2011/11/20 17,17,287
2011/11/20 18,19,259
2011/11/20 19,18,373
2011/11/20 20,23,317
2011/11/20 21,30,272
2011/11/20 22,31,249
2011/11/20 23,22,268
2011/11/21 00,21,230
2011/11/21 01,20,259
2011/11/21 02,20,322
2011/11/21 03,25,396
2011/11/21 04,23,312
2011/11/21 05,16,225
2011/11/21 06,13,217
2011/11/21 07,13,222
2011/11/21 08,12,219
2011/11/21 09,14,226
2011/11/21 10,15,266
2011/11/21 11,16,227
2011/11/21 12,21,266
2011/11/21 13,25,256
2011/11/21 14,29,504
2011/11/21 15,20,393
2011/11/21 16,20,424
2011/11/21 17,19,515
2011/11/21 18,16,529
2011/11/21 19,24,536
2011/11/21 20,26,653
2011/11/21 21,28,648
2011/11/21 22,29,616
2011/11/21 23,36,553
2011/11/22 00,33,399
2011/11/22 01,31,341
2011/11/22 02,27,181
2011/11/22 03,27,194
2011/11/22 04,22,299
2011/11/22 05,21,355
2011/11/22 06,18,311
2011/11/22 07,15,216
2011/11/22 08,8,143
2011/11/22 09,15,151
2011/11/22 10,16,216
2011/11/22 11,17,208
2011/11/22 12,21,307
2011/11/22 13,22,326
2011/11/22 14,27,425
2011/11/22 15,31,482
2011/11/22 16,27,561
2011/11/22 17,26,387
2011/11/22 18,27,379
2011/11/22 19,29,466
2011/11/22 20,23,570
2011/11/22 21,29,512
2011/11/22 22,35,493
2011/11/22 23,38,519
2011/11/23 00,29,314
2011/11/23 01,32,305
2011/11/23 02,32,276
2011/11/23 03,30,300
2011/11/23 04,35,305
2011/11/23 05,23,259
2011/11/23 06,29,288
2011/11/23 07,23,194
2011/11/23 08,20,253
2011/11/23 09,12,194
2011/11/23 10,14,197
2011/11/23 11,19,259
2011/11/23 12,13,171
2011/11/23 13,14,179
2011/11/23 14,16,267
2011/11/23 15,20,312
2011/11/23 16,18,507
2011/11/23 17,26,581
2011/11/23 18,29,712
2011/11/23 19,22,592
2011/11/23 20,25,591
2011/11/23 21,21,605
2011/11/23 22,27,672
2011/11/23 23,30,451
2011/11/24 00,28,317
2011/11/24 01,30,361
2011/11/24 02,34,364
2011/11/24 03,26,382
2011/11/24 04,26,385
2011/11/24 05,28,433
2011/11/24 06,28,376
2011/11/24 07,24,266
2011/11/24 08,21,244
2011/11/24 09,21,258
2011/11/24 10,19,277
2011/11/24 11,18,246
2011/11/24 12,16,238
2011/11/24 13,17,263
2011/11/24 14,18,360
2011/11/24 15,22,395
2011/11/24 16,23,283
2011/11/24 17,28,322
2011/11/24 18,26,284
2011/11/24 19,30,398
2011/11/24 20,29,413
2011/11/24 21,27,415
2011/11/24 22,26,283
2011/11/24 23,23,319
2011/11/25 00,24,420
2011/11/25 01,26,441
2011/11/25 02,24,345
2011/11/25 03,20,303
2011/11/25 04,30,406
2011/11/25 05,29,346
2011/11/25 06,29,400
2011/11/25 07,26,375
2011/11/25 08,21,307
2011/11/25 09,17,239
2011/11/25 10,18,222
2011/11/25 11,19,217
2011/11/25 12,18,253
2011/11/25 13,20,257
2011/11/25 14,24,265
2011/11/25 15,26,250
2011/11/25 16,27,283
2011/11/25 17,25,314
2011/11/25 18,23,280
2011/11/25 19,21,346
2011/11/25 20,21,461
2011/11/25 21,27,512
2011/11/25 22,33,302
2011/11/25 23,31,348
2011/11/26 00,30,382
2011/11/26 01,27,431
2011/11/26 02,22,322
2011/11/26 03,24,306
2011/11/26 04,27,367
2011/11/26 05,26,259
2011/11/26 06,25,251
2011/11/26 07,20,201
2011/11/26 08,18,130
2011/11/26 09,17,184
2011/11/26 10,15,182
2011/11/26 11,23,240
2011/11/26 12,20,212
2011/11/26 13,19,235
2011/11/26 14,22,223
2011/11/26 15,22,256
2011/11/26 16,25,278
2011/11/26 17,23,266
2011/11/26 18,23,271
2011/11/26 19,24,296
2011/11/26 20,23,346
2011/11/26 21,24,467
2011/11/26 22,22,472
2011/11/26 23,22,400
2011/11/27 00,19,426
2011/11/27 01,34,393
2011/11/27 02,30,486
2011/11/27 03,33,593
2011/11/27 04,34,513
2011/11/27 05,33,546
2011/11/27 06,19,357
2011/11/27 07,21,431
2011/11/27 08,21,338
2011/11/27 09,21,364
2011/11/27 10,22,415
2011/11/27 11,20,295
2011/11/27 12,20,318
2011/11/27 13,21,429
2011/11/27 14,20,488
2011/11/27 15,24,290
2011/11/27 16,21,374
2011/11/27 17,23,321
2011/11/27 18,20,333
2011/11/27 19,28,441
2011/11/27 20,31,577
2011/11/27 21,35,574
2011/11/27 22,35,576
2011/11/27 23,34,543
2011/11/28 00,29,425
2011/11/28 01,27,691
2011/11/28 02,20,649
2011/11/28 03,21,616
2011/11/28 04,18,592
2011/11/28 05,22,510
2011/11/28 06,19,300
2011/11/28 07,19,138
2011/11/28 08,21,132
2011/11/28 09,21,171
2011/11/28 10,16,237
2011/11/28 11,24,313
2011/11/28 12,24,272
2011/11/28 13,28,278
2011/11/28 14,27,509
2011/11/28 15,21,487
2011/11/28 16,24,565
2011/11/28 17,22,334
2011/11/28 18,22,331
2011/11/28 19,24,307
2011/11/28 20,25,452
2011/11/28 21,27,513
2011/11/28 22,28,538
2011/11/28 23,23,448
2011/11/29 00,26,478
2011/11/29 01,24,463
2011/11/29 02,27,454
2011/11/29 03,25,439
2011/11/29 04,28,213
2011/11/29 05,27,270
2011/11/29 06,34,615
2011/11/29 07,29,598
2011/11/29 08,18,468
2011/11/29 09,17,352
2011/11/29 10,15,253
2011/11/29 11,18,214
2011/11/29 12,17,211
2011/11/29 13,20,284
2011/11/29 14,20,442
2011/11/29 15,24,533
2011/11/29 16,21,534
2011/11/29 17,22,399
2011/11/29 18,27,382
2011/11/29 19,26,437
2011/11/29 20,29,635
2011/11/29 21,29,532
2011/11/29 22,24,420
2011/11/29 23,22,364
2011/11/30 00,24,433
2011/11/30 01,32,341
2011/11/30 02,34,435
2011/11/30 03,24,479
2011/11/30 04,27,470
2011/11/30 05,25,533
2011/11/30 06,26,163
2011/11/30 07,26,159
2011/11/30 08,18,132
2011/11/30 09,14,150
2011/11/30 10,18,218
2011/11/30 11,20,279
2011/11/30 12,20,255
2011/11/30 13,17,310
2011/11/30 14,24,311
2011/11/30 15,22,329
2011/11/30 16,21,332
2011/11/30 17,14,305
2011/11/30 18,19,601
2011/11/30 19,20,708
2011/11/30 20,19,748
2011/11/30 21,29,1232
2011/11/30 22,36,853
2011/11/30 23,34,934
2011/12/01 00,31,668
2011/12/01 01,32,358
2011/12/01 02,20,351
2011/12/01 03,21,475
2011/12/01 04,31,903
2011/12/01 05,36,821
2011/12/01 06,31,692
2011/12/01 07,30,495
2011/12/01 08,23,296
2011/12/01 09,24,256
2011/12/01 10,18,257
2011/12/01 11,19,292
2011/12/01 12,18,278
2011/12/01 13,21,238
2011/12/01 14,20,248
2011/12/01 15,23,246
2011/12/01 16,25,296
2011/12/01 17,28,342
2011/12/01 18,24,478
2011/12/01 19,28,400
2011/12/01 20,32,415
2011/12/01 21,36,452
2011/12/01 22,34,458
2011/12/01 23,38,400
2011/12/02 00,50,557
2011/12/02 01,40,415
2011/12/02 02,45,788
2011/12/02 03,42,705
2011/12/02 04,28,544
2011/12/02 05,35,465
2011/12/02 06,32,238
2011/12/02 07,27,249
2011/12/02 08,21,246
2011/12/02 09,20,321
2011/12/02 10,20,225
2011/12/02 11,15,197
2011/12/02 12,14,213
2011/12/02 13,17,266
2011/12/02 14,21,260
2011/12/02 15,31,361
2011/12/02 16,26,354
2011/12/02 17,21,357
2011/12/02 18,23,358
2011/12/02 19,29,570
2011/12/02 20,32,485
2011/12/02 21,29,572
2011/12/02 22,26,425
2011/12/02 23,32,428
2011/12/03 00,36,387
2011/12/03 01,35,470
2011/12/03 02,36,570
2011/12/03 03,34,778
2011/12/03 04,42,666
2011/12/03 05,33,484
2011/12/03 06,33,427
2011/12/03 07,37,393
2011/12/03 08,27,540
2011/12/03 09,25,500
2011/12/03 10,25,564
2011/12/03 11,24,602
2011/12/03 12,24,278
2011/12/03 13,29,316
2011/12/03 14,27,316
2011/12/03 15,29,352
2011/12/03 16,23,234
2011/12/03 17,20,241
2011/12/03 18,32,267
2011/12/03 19,40,409
2011/12/03 20,34,397
2011/12/03 21,36,432
2011/12/03 22,41,460
2011/12/03 23,38,719
2011/12/04 00,40,792
2011/12/04 01,39,768
2011/12/04 02,40,495
2011/12/04 03,33,557
2011/12/04 04,34,580
2011/12/04 05,37,576
2011/12/04 06,35,612
2011/12/04 07,30,266
2011/12/04 08,24,191
2011/12/04 09,26,263
2011/12/04 10,25,966
2011/12/04 11,29,488
2011/12/04 12,26,367
2011/12/04 13,25,266
2011/12/04 14,27,294
2011/12/04 15,22,396
2011/12/04 16,24,272
2011/12/04 17,31,351
2011/12/04 18,30,380
2011/12/04 19,27,447
2011/12/04 20,33,454
2011/12/04 21,34,421
2011/12/04 22,33,372
2011/12/04 23,33,396
2011/12/05 00,29,498
2011/12/05 01,35,597
2011/12/05 02,41,587
2011/12/05 03,36,466
2011/12/05 04,30,479
2011/12/05 05,29,349
2011/12/05 06,28,389
2011/12/05 07,28,402
2011/12/05 08,24,387
2011/12/05 09,25,393
2011/12/05 10,22,292
2011/12/05 11,23,258
2011/12/05 12,17,283
2011/12/05 13,16,277
2011/12/05 14,20,314
2011/12/05 15,27,359
2011/12/05 16,21,375
2011/12/05 17,22,337
2011/12/05 18,22,374
2011/12/05 19,27,374
2011/12/05 20,33,843
2011/12/05 21,28,709
2011/12/05 22,28,365
2011/12/05 23,22,489
2011/12/06 00,25,679
2011/12/06 01,27,654
2011/12/06 02,34,523
2011/12/06 03,39,894
2011/12/06 04,38,700
2011/12/06 05,34,608
2011/12/06 06,29,500
2011/12/06 07,30,494
2011/12/06 08,33,477
2011/12/06 09,17,248
2011/12/06 10,19,235
2011/12/06 11,19,263
2011/12/06 12,19,298
2011/12/06 13,20,368
2011/12/06 14,19,547
2011/12/06 15,18,506
2011/12/06 16,23,741
2011/12/06 17,31,846
2011/12/06 18,34,617
2011/12/06 19,34,586
2011/12/06 20,39,500
2011/12/06 21,39,618
2011/12/06 22,34,670
2011/12/06 23,27,513
2011/12/07 00,35,700
2011/12/07 01,41,724
2011/12/07 02,41,706
2011/12/07 03,53,851
2011/12/07 04,61,1114
2011/12/07 05,50,1152
2011/12/07 06,55,975
2011/12/07 07,51,630
2011/12/07 08,31,312
2011/12/07 09,24,481
2011/12/07 10,19,247
2011/12/07 11,18,272
2011/12/07 12,19,350
2011/12/07 13,20,399
2011/12/07 14,22,428
2011/12/07 15,23,318
2011/12/07 16,23,407
2011/12/07 17,28,407
2011/12/07 18,26,406
2011/12/07 19,28,531
2011/12/07 20,34,456
2011/12/07 21,41,582
2011/12/07 22,41,589
2011/12/07 23,37,509
2011/12/08 00,40,511
2011/12/08 01,53,500
2011/12/08 02,51,653
2011/12/08 03,53,819
2011/12/08 04,45,832
2011/12/08 05,41,608
2011/12/08 06,40,554
2011/12/08 07,34,270
2011/12/08 08,24,193
2011/12/08 09,14,208
2011/12/08 10,17,220
2011/12/08 11,17,290
2011/12/08 12,16,251
2011/12/08 13,13,203
2011/12/08 14,17,191
2011/12/08 15,23,230
2011/12/08 16,25,293
2011/12/08 17,24,411
2011/12/08 18,38,422
2011/12/08 19,43,634
2011/12/08 20,34,585
2011/12/08 21,48,664
2011/12/08 22,50,765
2011/12/08 23,38,491
2011/12/09 00,42,506
2011/12/09 01,37,468
2011/12/09 02,37,421
2011/12/09 03,42,504
2011/12/09 04,34,458
2011/12/09 05,35,497
2011/12/09 06,34,494
2011/12/09 07,32,466
2011/12/09 08,24,351
2011/12/09 09,25,243
2011/12/09 10,22,243
2011/12/09 11,20,254
2011/12/09 12,20,273
2011/12/09 13,17,263
2011/12/09 14,13,220
2011/12/09 15,15,215
2011/12/09 16,23,338
2011/12/09 17,32,350
2011/12/09 18,37,431
2011/12/09 19,33,526
2011/12/09 20,41,615
2011/12/09 21,44,537
2011/12/09 22,41,490
2011/12/09 23,39,531
2011/12/10 00,52,587
2011/12/10 01,50,545
2011/12/10 02,62,591
2011/12/10 03,55,675
2011/12/10 04,56,663
2011/12/10 05,58,1181
2011/12/10 06,46,1238
2011/12/10 07,40,952
2011/12/10 08,25,537
2011/12/10 09,27,455
2011/12/10 10,25,406
2011/12/10 11,32,368
2011/12/10 12,31,335
2011/12/10 13,19,316
2011/12/10 14,21,365
2011/12/10 15,26,386
2011/12/10 16,32,622
2011/12/10 17,35,460
2011/12/10 18,32,561
2011/12/10 19,33,578
2011/12/10 20,38,498
2011/12/10 21,43,431
2011/12/10 22,38,427
2011/12/10 23,39,473
2011/12/11 00,38,533
2011/12/11 01,42,633
2011/12/11 02,48,1091
2011/12/11 03,38,541
2011/12/11 04,49,507
2011/12/11 05,40,493
2011/12/11 06,41,594
2011/12/11 07,36,567
2011/12/11 08,36,382
2011/12/11 09,30,220
2011/12/11 10,25,207
2011/12/11 11,20,182
2011/12/11 12,23,228
2011/12/11 13,19,209
2011/12/11 14,22,348
2011/12/11 15,15,262
2011/12/11 16,24,319
2011/12/11 17,27,264
2011/12/11 18,34,371
2011/12/11 19,43,422
2011/12/11 20,44,534
2011/12/11 21,44,764
2011/12/11 22,44,820
2011/12/11 23,43,741
2011/12/12 00,40,496
2011/12/12 01,35,663
2011/12/12 02,48,673
2011/12/12 03,42,508
2011/12/12 04,39,580
2011/12/12 05,46,589
2011/12/12 06,44,634
2011/12/12 07,30,367
2011/12/12 08,28,201
2011/12/12 09,25,159
2011/12/12 10,29,175
2011/12/12 11,30,279
2011/12/12 12,22,271
2011/12/12 13,20,267
2011/12/12 14,19,237
2011/12/12 15,20,240
2011/12/12 16,22,317
2011/12/12 17,28,449
2011/12/12 18,36,542
2011/12/12 19,34,672
2011/12/12 20,39,780
2011/12/12 21,33,735
2011/12/12 22,32,539
2011/12/12 23,31,554
2011/12/13 00,39,550
2011/12/13 01,40,436
2011/12/13 02,37,548
2011/12/13 03,45,855
2011/12/13 04,41,864
2011/12/13 05,33,846
2011/12/13 06,26,833
2011/12/13 07,26,366
2011/12/13 08,23,386
2011/12/13 09,24,353
2011/12/13 10,28,305
2011/12/13 11,33,379
2011/12/13 12,37,528
2011/12/13 13,37,516
2011/12/13 14,31,497
2011/12/13 15,34,557
2011/12/13 16,44,673
2011/12/13 17,47,664
2011/12/13 18,48,798
2011/12/13 19,35,528
2011/12/13 20,29,650
2011/12/13 21,34,786
2011/12/13 22,54,1406
2011/12/13 23,62,1531
2011/12/14 00,59,1132
2011/12/14 01,65,1125
2011/12/14 02,64,1119
2011/12/14 03,47,789
2011/12/14 04,52,828
2011/12/14 05,46,631
2011/12/14 06,37,622
2011/12/14 07,36,615
2011/12/14 08,32,545
2011/12/14 09,32,560
2011/12/14 10,29,562
2011/12/14 11,23,539
2011/12/14 12,25,452
2011/12/14 13,23,407
2011/12/14 14,20,334
2011/12/14 15,33,431
2011/12/14 16,33,486
2011/12/14 17,31,715
2011/12/14 18,35,776
2011/12/14 19,40,776
2011/12/14 20,47,866
2011/12/14 21,53,718
2011/12/14 22,46,549
2011/12/14 23,48,538
2011/12/15 00,49,676
2011/12/15 01,39,562
2011/12/15 02,43,538
2011/12/15 03,51,679
2011/12/15 04,56,577
2011/12/15 05,48,474
2011/12/15 06,40,391
2011/12/15 07,41,386
2011/12/15 08,35,421
2011/12/15 09,32,400
2011/12/15 10,26,261
2011/12/15 11,24,388
2011/12/15 12,20,260
2011/12/15 13,23,305
2011/12/15 14,25,345
2011/12/15 15,23,385
2011/12/15 16,28,480
2011/12/15 17,28,552
2011/12/15 18,32,911
2011/12/15 19,42,556
2011/12/15 20,40,642
2011/12/15 21,37,526
2011/12/15 22,30,508
2011/12/15 23,30,549
2011/12/16 00,35,608
2011/12/16 01,44,438
2011/12/16 02,46,533
2011/12/16 03,44,634
2011/12/16 04,40,755
2011/12/16 05,35,591
2011/12/16 06,40,519
2011/12/16 07,26,281
2011/12/16 08,28,279
2011/12/16 09,29,340
2011/12/16 10,23,560
2011/12/16 11,17,401
2011/12/16 12,21,410
2011/12/16 13,14,389
2011/12/16 14,22,384
2011/12/16 15,27,452
2011/12/16 16,25,490
2011/12/16 17,19,576
2011/12/16 18,25,477
2011/12/16 19,25,381
2011/12/16 20,30,394
2011/12/16 21,40,391
2011/12/16 22,39,739
2011/12/16 23,42,1174
2011/12/17 00,41,960
2011/12/17 01,38,800
2011/12/17 02,41,520
2011/12/17 03,40,799
2011/12/17 04,39,591
2011/12/17 05,30,441
2011/12/17 06,35,541
2011/12/17 07,31,598
2011/12/17 08,25,335
2011/12/17 09,27,436
2011/12/17 10,26,212
2011/12/17 11,22,215
2011/12/17 12,25,307
2011/12/17 13,22,325
2011/12/17 14,18,478
2011/12/17 15,16,498
2011/12/17 16,20,452
2011/12/17 17,25,540
2011/12/17 18,25,767
2011/12/17 19,39,635
2011/12/17 20,40,413
2011/12/17 21,34,510
2011/12/17 22,44,522
2011/12/17 23,45,543
2011/12/18 00,45,518
2011/12/18 01,34,606
2011/12/18 02,35,395
2011/12/18 03,33,595
2011/12/18 04,37,392
2011/12/18 05,35,341
2011/12/18 06,38,446
2011/12/18 07,32,323
2011/12/18 08,31,301
2011/12/18 09,32,384
2011/12/18 10,31,405
2011/12/18 11,27,277
2011/12/18 12,25,289
2011/12/18 13,22,274
2011/12/18 14,21,244
2011/12/18 15,17,168
2011/12/18 16,27,302
2011/12/18 17,27,325
2011/12/18 18,28,374
2011/12/18 19,27,442
2011/12/18 20,29,357
2011/12/18 21,29,446
2011/12/18 22,28,453
2011/12/18 23,37,578
2011/12/19 00,34,529
2011/12/19 01,25,493
2011/12/19 02,33,516
2011/12/19 03,31,479
2011/12/19 04,29,517
2011/12/19 05,27,444
2011/12/19 06,30,593
2011/12/19 07,27,443
2011/12/19 08,28,412
2011/12/19 09,27,696
2011/12/19 10,24,227
2011/12/19 11,22,352
2011/12/19 12,20,293
2011/12/19 13,17,372
2011/12/19 14,20,353
2011/12/19 15,20,617
2011/12/19 16,22,628
2011/12/19 17,27,702
2011/12/19 18,29,849
2011/12/19 19,36,640
2011/12/19 20,33,920
2011/12/19 21,33,796
2011/12/19 22,36,681
2011/12/19 23,45,610
2011/12/20 00,42,537
2011/12/20 01,42,608
2011/12/20 02,40,645
2011/12/20 03,44,769
2011/12/20 04,40,662
2011/12/20 05,41,766
2011/12/20 06,30,502
2011/12/20 07,31,428
2011/12/20 08,25,286
2011/12/20 09,18,390
2011/12/20 10,13,373
2011/12/20 11,15,304
2011/12/20 12,15,319
2011/12/20 13,10,294
2011/12/20 14,9,203
2011/12/20 15,12,445
2011/12/20 16,15,435
2011/12/20 17,13,499
2011/12/20 18,16,818
2011/12/20 19,22,655
2011/12/20 20,32,1136
2011/12/20 21,38,867
2011/12/20 22,37,719
2011/12/20 23,35,631
2011/12/21 00,44,818
2011/12/21 01,33,544
2011/12/21 02,37,565
2011/12/21 03,37,461
2011/12/21 04,43,498
2011/12/21 05,25,432
2011/12/21 06,30,425
2011/12/21 07,23,607
2011/12/21 08,17,438
2011/12/21 09,16,417
2011/12/21 10,21,270
2011/12/21 11,19,249
2011/12/21 12,18,227
2011/12/21 13,18,311
2011/12/21 14,21,313
2011/12/21 15,20,479
2011/12/21 16,20,531
2011/12/21 17,26,641
2011/12/21 18,18,533
2011/12/21 19,22,563
2011/12/21 20,29,594
2011/12/21 21,33,476
2011/12/21 22,34,537
2011/12/21 23,37,484
2011/12/22 00,33,531
2011/12/22 01,29,665
2011/12/22 02,28,524
2011/12/22 03,32,498
2011/12/22 04,36,524
2011/12/22 05,42,942
2011/12/22 06,38,707
2011/12/22 07,32,582
2011/12/22 08,29,577
2011/12/22 09,25,606
2011/12/22 10,24,468
2011/12/22 11,21,286
2011/12/22 12,22,326
2011/12/22 13,19,295
2011/12/22 14,23,280
2011/12/22 15,26,578
2011/12/22 16,27,662
2011/12/22 17,28,749
2011/12/22 18,29,503
2011/12/22 19,27,575
2011/12/22 20,27,781
2011/12/22 21,37,574
2011/12/22 22,36,632
2011/12/22 23,40,685
2011/12/23 00,30,466
2011/12/23 01,35,537
2011/12/23 02,33,518
2011/12/23 03,34,517
2011/12/23 04,27,429
2011/12/23 05,32,483
2011/12/23 06,26,440
2011/12/23 07,23,327
2011/12/23 08,24,605
2011/12/23 09,22,277
2011/12/23 10,17,264
2011/12/23 11,18,240
2011/12/23 12,16,291
2011/12/23 13,18,327
2011/12/23 14,22,458
2011/12/23 15,23,598
2011/12/23 16,23,699
2011/12/23 17,19,661
2011/12/23 18,21,680
2011/12/23 19,26,647
2011/12/23 20,27,803
2011/12/23 21,30,829
2011/12/23 22,25,741
2011/12/23 23,25,612
2011/12/24 00,32,746
2011/12/24 01,35,648
2011/12/24 02,33,605
2011/12/24 03,31,475
2011/12/24 04,31,476
2011/12/24 05,27,463
2011/12/24 06,24,669
2011/12/24 07,27,408
2011/12/24 08,22,375
2011/12/24 09,23,388
2011/12/24 10,19,380
2011/12/24 11,14,283
2011/12/24 12,16,282
2011/12/24 13,15,274
2011/12/24 14,15,325
2011/12/24 15,10,243
2011/12/24 16,15,388
2011/12/24 17,18,398
2011/12/24 18,22,516
2011/12/24 19,19,433
2011/12/24 20,14,453
2011/12/24 21,19,385
2011/12/24 22,20,403
2011/12/24 23,18,570
2011/12/25 00,27,465
2011/12/25 01,24,639
2011/12/25 02,27,888
2011/12/25 03,34,840
2011/12/25 04,29,832
2011/12/25 05,27,702
2011/12/25 06,23,601
2011/12/25 07,26,561
2011/12/25 08,25,458
2011/12/25 09,22,733
2011/12/25 10,17,333
2011/12/25 11,14,461
2011/12/25 12,8,282
2011/12/25 13,17,340
2011/12/25 14,15,261
2011/12/25 15,16,344
2011/12/25 16,16,255
2011/12/25 17,16,371
2011/12/25 18,19,420
2011/12/25 19,17,459
2011/12/25 20,23,665
2011/12/25 21,14,637
2011/12/25 22,21,616
2011/12/25 23,24,612
2011/12/26 00,23,624
2011/12/26 01,25,712
2011/12/26 02,28,682
2011/12/26 03,25,508
2011/12/26 04,31,598
2011/12/26 05,34,938
2011/12/26 06,28,539
2011/12/26 07,20,320
2011/12/26 08,24,481
2011/12/26 09,21,405
2011/12/26 10,15,400
2011/12/26 11,18,515
2011/12/26 12,16,353
2011/12/26 13,12,306
2011/12/26 14,16,281
2011/12/26 15,15,314
2011/12/26 16,16,304
2011/12/26 17,21,343
2011/12/26 18,27,615
2011/12/26 19,25,457
2011/12/26 20,30,497
2011/12/26 21,26,562
2011/12/26 22,20,414
2011/12/26 23,30,583
2011/12/27 00,35,548
2011/12/27 01,30,502
2011/12/27 02,33,952
2011/12/27 03,36,793
2011/12/27 04,42,642
2011/12/27 05,45,648
2011/12/27 06,40,567
2011/12/27 07,24,478
2011/12/27 08,24,414
2011/12/27 09,25,444
2011/12/27 10,19,381
2011/12/27 11,15,275
2011/12/27 12,17,228
2011/12/27 13,15,561
2011/12/27 14,19,356
2011/12/27 15,17,368
2011/12/27 16,14,274
2011/12/27 17,18,539
2011/12/27 18,18,465
2011/12/27 19,26,589
2011/12/27 20,22,308
2011/12/27 21,30,489
2011/12/27 22,31,361
2011/12/27 23,36,447
2011/12/28 00,30,543
2011/12/28 01,32,830
2011/12/28 02,36,572
2011/12/28 03,30,699
2011/12/28 04,31,705
2011/12/28 05,33,599
2011/12/28 06,36,741
2011/12/28 07,28,464
2011/12/28 08,26,485
2011/12/28 09,21,412
2011/12/28 10,21,461
2011/12/28 11,21,413
2011/12/28 12,18,318
2011/12/28 13,19,282
2011/12/28 14,18,270
2011/12/28 15,18,293
2011/12/28 16,22,237
2011/12/28 17,22,245
2011/12/28 18,20,467
2011/12/28 19,26,461
2011/12/28 20,31,523
2011/12/28 21,26,519
2011/12/28 22,42,616
2011/12/28 23,36,648
2011/12/29 00,38,691
2011/12/29 01,43,597
2011/12/29 02,39,978
2011/12/29 03,47,747
2011/12/29 04,46,735
2011/12/29 05,42,810
2011/12/29 06,38,803
2011/12/29 07,40,495
2011/12/29 08,27,479
2011/12/29 09,23,321
2011/12/29 10,20,357
2011/12/29 11,17,372
2011/12/29 12,25,287
2011/12/29 13,22,314
2011/12/29 14,30,364
2011/12/29 15,23,297
2011/12/29 16,25,283
2011/12/29 17,14,205
2011/12/29 18,19,447
2011/12/29 19,23,520
2011/12/29 20,29,664
2011/12/29 21,35,620
2011/12/29 22,37,751
2011/12/29 23,38,763
2011/12/30 00,43,928
2011/12/30 01,45,739
2011/12/30 02,40,981
2011/12/30 03,38,948
2011/12/30 04,41,933
2011/12/30 05,46,789
2011/12/30 06,48,802
2011/12/30 07,36,434
2011/12/30 08,33,467
2011/12/30 09,28,576
2011/12/30 10,24,503
2011/12/30 11,25,679
2011/12/30 12,21,444
2011/12/30 13,23,455
2011/12/30 14,24,201
2011/12/30 15,22,401
2011/12/30 16,29,469
2011/12/30 17,27,566
2011/12/30 18,27,303
2011/12/30 19,29,556
2011/12/30 20,32,721
2011/12/30 21,31,772
2011/12/30 22,43,791
2011/12/30 23,48,833
2011/12/31 00,47,979
2011/12/31 01,48,697
2011/12/31 02,48,695
2011/12/31 03,46,705
2011/12/31 04,42,894
2011/12/31 05,41,910
2011/12/31 06,34,528
2011/12/31 07,36,573
2011/12/31 08,36,561
2011/12/31 09,36,756
2011/12/31 10,26,478
2011/12/31 11,25,563
2011/12/31 12,27,456
2011/12/31 13,25,407
2011/12/31 14,22,439
2011/12/31 15,24,537
2011/12/31 16,24,551
2011/12/31 17,24,384
2011/12/31 18,23,513
2011/12/31 19,20,291
2011/12/31 20,20,296
2011/12/31 21,23,1082
2011/12/31 22,27,527
2011/12/31 23,28,520
2012/01/01 00,33,770
2012/01/01 01,36,949
2012/01/01 02,29,504
2012/01/01 03,32,779
2012/01/01 04,29,1310
2012/01/01 05,31,604
2012/01/01 06,27,362
2012/01/01 07,25,353
2012/01/01 08,22,394
2012/01/01 09,20,280
2012/01/01 10,16,289
2012/01/01 11,8,279
2012/01/01 12,9,398
2012/01/01 13,18,324
2012/01/01 14,20,298
2012/01/01 15,23,316
2012/01/01 16,23,409
2012/01/01 17,26,557
2012/01/01 18,34,910
2012/01/01 19,36,771
2012/01/01 20,28,692
2012/01/01 21,30,665
2012/01/01 22,38,764
2012/01/01 23,38,757
2012/01/02 00,39,1137
2012/01/02 01,34,697
2012/01/02 02,33,659
2012/01/02 03,32,790
2012/01/02 04,41,1066
2012/01/02 05,37,854
2012/01/02 06,36,691
2012/01/02 07,29,657
2012/01/02 08,25,713
2012/01/02 09,22,382
2012/01/02 10,22,320
2012/01/02 11,23,402
2012/01/02 12,15,445
2012/01/02 13,16,348
2012/01/02 14,17,352
2012/01/02 15,17,396
2012/01/02 16,21,423
2012/01/02 17,20,490
2012/01/02 18,25,842
2012/01/02 19,32,730
2012/01/02 20,26,534
2012/01/02 21,30,599
2012/01/02 22,44,623
2012/01/02 23,38,740
2012/01/03 00,39,965
2012/01/03 01,42,1557
2012/01/03 02,42,900
2012/01/03 03,42,824
2012/01/03 04,44,583
2012/01/03 05,41,530
2012/01/03 06,32,873
2012/01/03 07,32,541
2012/01/03 08,33,510
2012/01/03 09,25,607
2012/01/03 10,20,459
2012/01/03 11,20,466
2012/01/03 12,17,291
2012/01/03 13,15,376
2012/01/03 14,18,492
2012/01/03 15,18,698
2012/01/03 16,17,447
2012/01/03 17,26,439
2012/01/03 18,30,519
2012/01/03 19,26,500
2012/01/03 20,35,575
2012/01/03 21,40,746
2012/01/03 22,34,718
2012/01/03 23,35,563
2012/01/04 00,37,578
2012/01/04 01,40,874
2012/01/04 02,39,605
2012/01/04 03,34,646
2012/01/04 04,35,607
2012/01/04 05,30,584
2012/01/04 06,39,784
2012/01/04 07,31,408
2012/01/04 08,23,318
2012/01/04 09,25,361
2012/01/04 10,19,324
2012/01/04 11,22,344
2012/01/04 12,22,381
2012/01/04 13,20,455
2012/01/04 14,17,424
2012/01/04 15,17,549
2012/01/04 16,16,494
2012/01/04 17,20,635
2012/01/04 18,20,694
2012/01/04 19,23,617
2012/01/04 20,27,391
2012/01/04 21,26,517
2012/01/04 22,35,1027
2012/01/04 23,36,1370
2012/01/05 00,40,1129
2012/01/05 01,39,992
2012/01/05 02,39,726
2012/01/05 03,40,1110
2012/01/05 04,44,945
2012/01/05 05,45,986
2012/01/05 06,36,1111
2012/01/05 07,28,455
2012/01/05 08,20,438
2012/01/05 09,18,672
2012/01/05 10,20,405
2012/01/05 11,17,380
2012/01/05 12,19,344
2012/01/05 13,17,575
2012/01/05 14,24,371
2012/01/05 15,27,823
2012/01/05 16,31,719
2012/01/05 17,23,657
2012/01/05 18,29,515
2012/01/05 19,32,624
2012/01/05 20,34,572
2012/01/05 21,36,718
2012/01/05 22,44,1295
2012/01/05 23,50,992
2012/01/06 00,47,847
2012/01/06 01,45,702
2012/01/06 02,43,733
2012/01/06 03,43,989
2012/01/06 04,39,783
2012/01/06 05,38,804
2012/01/06 06,29,1695
2012/01/06 07,28,1244
2012/01/06 08,31,1303
2012/01/06 09,21,557
2012/01/06 10,20,340
2012/01/06 11,23,409
2012/01/06 12,17,314
2012/01/06 13,15,486
2012/01/06 14,13,211
2012/01/06 15,16,320
2012/01/06 16,16,571
2012/01/06 17,22,236
2012/01/06 18,23,257
2012/01/06 19,29,388
2012/01/06 20,34,417
2012/01/06 21,36,682
2012/01/06 22,31,590
2012/01/06 23,37,1167
2012/01/07 00,39,722
2012/01/07 01,48,700
2012/01/07 02,41,971
2012/01/07 03,48,1101
2012/01/07 04,53,1467
2012/01/07 05,48,904
2012/01/07 06,38,844
2012/01/07 07,39,1334
2012/01/07 08,33,909
2012/01/07 09,26,525
2012/01/07 10,28,452
2012/01/07 11,28,386
2012/01/07 12,21,401
2012/01/07 13,22,402
2012/01/07 14,25,517
2012/01/07 15,24,525
2012/01/07 16,20,428
2012/01/07 17,24,495
2012/01/07 18,31,409
2012/01/07 19,33,573
2012/01/07 20,30,320
2012/01/07 21,39,642
2012/01/07 22,52,877
2012/01/07 23,49,725
2012/01/08 00,47,766
2012/01/08 01,50,949
2012/01/08 02,58,726
2012/01/08 03,46,844
2012/01/08 04,48,962
2012/01/08 05,50,797
2012/01/08 06,42,689
2012/01/08 07,40,719
2012/01/08 08,44,772
2012/01/08 09,36,596
2012/01/08 10,27,309
2012/01/08 11,31,498
2012/01/08 12,28,366
2012/01/08 13,32,387
2012/01/08 14,28,414
2012/01/08 15,29,426
2012/01/08 16,26,589
2012/01/08 17,30,748
2012/01/08 18,37,737
2012/01/08 19,44,752
2012/01/08 20,49,928
2012/01/08 21,56,975
2012/01/08 22,53,1596
2012/01/08 23,57,1077
2012/01/09 00,43,719
2012/01/09 01,32,496
2012/01/09 02,32,764
2012/01/09 03,35,843
2012/01/09 04,32,493
2012/01/09 05,40,580
2012/01/09 06,34,401
2012/01/09 07,35,744
2012/01/09 08,27,317
2012/01/09 09,19,238
2012/01/09 10,23,422
2012/01/09 11,17,211
2012/01/09 12,21,213
2012/01/09 13,16,187
2012/01/09 14,14,572
2012/01/09 15,13,197
