2011/09/30 22,1,37
2011/09/30 23,1,31
2011/10/01 00,1,16
2011/10/01 01,1,14
2011/10/01 02,1,13
2011/10/01 03,2,12
2011/10/01 04,4,19
2011/10/01 05,3,14
2011/10/01 06,3,21
2011/10/01 07,2,26
2011/10/01 08,2,24
2011/10/01 09,2,22
2011/10/01 10,2,27
2011/10/01 11,3,39
2011/10/01 12,3,45
2011/10/01 13,1,48
2011/10/01 14,1,91
2011/10/01 15,2,81
2011/10/01 16,2,77
2011/10/01 17,3,133
2011/10/01 18,4,160
2011/10/01 19,3,208
2011/10/01 20,4,212
2011/10/01 21,5,225
2011/10/01 22,4,225
2011/10/01 23,3,157
2011/10/02 00,4,135
2011/10/02 01,2,131
2011/10/02 02,3,104
2011/10/02 03,3,93
2011/10/02 04,4,68
2011/10/02 05,3,48
2011/10/02 06,3,68
2011/10/02 07,3,80
2011/10/02 08,3,84
2011/10/02 09,3,49
2011/10/02 10,4,61
2011/10/02 11,3,39
2011/10/02 12,2,48
2011/10/02 13,2,71
2011/10/02 14,2,76
2011/10/02 15,3,53
2011/10/02 16,2,67
2011/10/02 17,2,111
2011/10/02 18,4,52
2011/10/02 19,3,53
2011/10/02 20,3,273
2011/10/02 21,3,125
2011/10/02 22,3,78
2011/10/02 23,3,52
2011/10/03 00,2,42
2011/10/03 01,1,31
2011/10/03 02,2,80
2011/10/03 03,3,95
2011/10/03 04,3,110
2011/10/03 05,2,107
2011/10/03 06,3,79
2011/10/03 07,2,23
2011/10/03 08,3,32
2011/10/03 09,2,36
2011/10/03 10,2,46
2011/10/03 11,3,48
2011/10/03 12,3,71
2011/10/03 13,3,96
2011/10/03 14,2,74
2011/10/03 15,4,82
2011/10/03 16,2,86
2011/10/03 17,3,129
2011/10/03 18,3,91
2011/10/03 19,2,41
2011/10/03 20,3,38
2011/10/03 21,4,49
2011/10/03 22,5,42
2011/10/03 23,5,31
2011/10/04 00,4,37
2011/10/04 01,4,16
2011/10/04 02,6,40
2011/10/04 03,4,47
2011/10/04 04,3,56
2011/10/04 05,3,40
2011/10/04 06,3,27
2011/10/04 07,3,36
2011/10/04 08,3,36
2011/10/04 09,3,33
2011/10/04 10,3,41
2011/10/04 11,3,63
2011/10/04 12,3,64
2011/10/04 13,2,71
2011/10/04 14,2,64
2011/10/04 15,2,69
2011/10/04 16,3,79
2011/10/04 17,3,84
2011/10/04 18,4,50
2011/10/04 19,4,57
2011/10/04 20,4,49
2011/10/04 21,4,41
2011/10/04 22,2,23
2011/10/04 23,2,39
2011/10/05 00,2,17
2011/10/05 01,1,9
2011/10/05 02,2,14
2011/10/05 03,2,5
2011/10/05 04,1,4
2011/10/05 05,2,6
2011/10/05 06,2,8
2011/10/05 07,2,9
2011/10/05 08,3,29
2011/10/05 09,3,32
2011/10/05 10,3,46
2011/10/05 11,3,34
2011/10/05 12,3,52
2011/10/05 13,3,68
2011/10/05 14,2,52
2011/10/05 15,2,46
2011/10/05 16,2,26
2011/10/05 17,2,30
2011/10/05 18,2,26
2011/10/05 19,3,13
2011/10/05 20,3,16
2011/10/05 21,2,9
2011/10/05 22,3,15
2011/10/05 23,2,11
2011/10/06 00,2,11
2011/10/06 01,2,9
2011/10/06 02,5,25
2011/10/06 03,5,20
2011/10/06 04,3,12
2011/10/06 05,3,10
2011/10/06 06,2,8
2011/10/06 07,2,6
2011/10/06 08,2,7
2011/10/06 09,2,11
2011/10/06 10,2,14
2011/10/06 11,3,18
2011/10/06 12,3,32
2011/10/06 13,3,25
2011/10/06 14,3,29
2011/10/06 15,3,33
2011/10/06 16,3,25
2011/10/06 17,4,23
2011/10/06 18,3,8
2011/10/06 19,3,11
2011/10/06 20,4,16
2011/10/06 21,3,22
2011/10/06 22,3,528
2011/10/06 23,2,6
2011/10/07 00,1,3
2011/10/07 01,2,9
2011/10/07 02,5,13
2011/10/07 03,6,13
2011/10/07 04,6,31
2011/10/07 05,6,40
2011/10/07 06,3,18
2011/10/07 07,3,18
2011/10/07 08,3,20
2011/10/07 09,3,38
2011/10/07 10,3,27
2011/10/07 11,3,31
2011/10/07 12,3,31
2011/10/07 13,3,39
2011/10/07 14,2,46
2011/10/07 15,3,60
2011/10/07 16,3,106
2011/10/07 17,3,63
2011/10/07 18,3,35
2011/10/07 19,3,32
2011/10/07 20,4,37
2011/10/07 21,5,34
2011/10/07 22,8,43
2011/10/07 23,7,60
2011/10/08 00,8,54
2011/10/08 01,8,38
2011/10/08 02,8,125
2011/10/08 03,8,589
2011/10/08 04,4,253
2011/10/08 05,1,15
2011/10/08 06,1,14
2011/10/08 07,1,20
2011/10/08 08,1,15
2011/10/08 09,1,16
2011/10/08 10,2,35
2011/10/08 11,2,40
2011/10/08 12,2,48
2011/10/08 13,3,82
2011/10/08 14,5,115
2011/10/08 15,6,124
2011/10/08 16,6,135
2011/10/08 17,8,250
2011/10/08 18,5,74
2011/10/08 19,4,51
2011/10/08 20,2,2
2011/10/08 21,2,3
2011/10/08 22,1,2
2011/10/08 23,2,3
2011/10/09 00,5,24
2011/10/09 01,5,66
2011/10/09 02,5,76
2011/10/09 03,4,59
2011/10/09 04,2,8
2011/10/09 05,1,2
2011/10/09 06,2,8
2011/10/09 07,2,14
2011/10/09 08,2,23
2011/10/09 09,3,27
2011/10/09 10,3,71
2011/10/09 11,4,82
2011/10/09 12,4,72
2011/10/09 13,6,102
2011/10/09 14,6,54
2011/10/09 15,4,17
2011/10/09 16,4,159
2011/10/09 17,3,111
2011/10/09 18,2,10
2011/10/09 19,2,11
2011/10/09 20,1,85
2011/10/09 21,2,3
2011/10/09 22,3,73
2011/10/09 23,2,84
2011/10/10 00,3,19
2011/10/10 01,3,28
2011/10/10 02,2,43
2011/10/10 03,2,44
2011/10/10 04,2,40
2011/10/10 05,2,41
2011/10/10 06,2,64
2011/10/10 07,2,46
2011/10/10 08,2,87
2011/10/10 09,3,87
2011/10/10 10,3,77
2011/10/10 11,4,128
2011/10/10 12,5,180
2011/10/10 13,4,114
2011/10/10 14,4,128
2011/10/10 15,2,80
2011/10/10 16,4,93
2011/10/10 17,3,93
2011/10/10 21,3,63
2011/10/10 22,3,53
2011/10/10 23,2,33
2011/10/11 00,1,7
2011/10/11 01,1,4
2011/10/11 02,2,72
2011/10/11 03,2,76
2011/10/11 04,2,10
2011/10/11 05,2,22
2011/10/11 06,2,16
2011/10/11 07,2,11
2011/10/11 08,2,15
2011/10/11 09,2,39
2011/10/11 10,2,25
2011/10/11 11,2,55
2011/10/11 12,2,64
2011/10/11 13,1,30
2011/10/11 14,1,23
2011/10/11 15,1,23
2011/10/11 16,2,35
2011/10/11 17,4,63
2011/10/11 18,2,40
2011/10/11 19,2,81
2011/10/11 20,2,71
2011/10/11 21,1,14
2011/10/11 22,2,26
2011/10/11 23,3,26
2011/10/12 00,2,6
2011/10/12 01,1,5
2011/10/12 02,3,20
2011/10/12 03,5,18
2011/10/12 04,5,30
2011/10/12 05,4,22
2011/10/12 06,3,10
2011/10/12 07,2,13
2011/10/12 08,2,14
2011/10/12 09,2,16
2011/10/12 10,1,25
2011/10/12 11,1,23
2011/10/12 12,1,21
2011/10/12 13,1,25
2011/10/12 14,1,18
2011/10/12 15,1,15
2011/10/12 16,1,36
2011/10/12 17,2,41
2011/10/12 18,3,40
2011/10/12 19,4,27
2011/10/12 20,3,44
2011/10/12 21,3,59
2011/10/12 22,3,67
2011/10/12 23,2,14
2011/10/13 00,1,3
2011/10/13 02,1,3
2011/10/13 03,1,6
2011/10/13 04,1,13
2011/10/13 05,3,11
2011/10/13 06,3,10
2011/10/13 07,3,13
2011/10/13 08,2,10
2011/10/13 09,1,5
2011/10/13 10,1,1
2011/10/13 11,1,6
2011/10/13 12,2,17
2011/10/13 13,1,22
2011/10/13 14,1,17
2011/10/13 15,2,26
2011/10/13 16,2,32
2011/10/13 17,2,30
2011/10/13 18,2,34
2011/10/13 19,2,29
2011/10/13 20,2,18
2011/10/13 21,2,390
2011/10/13 22,2,995
2011/10/13 23,2,982
2011/10/14 00,2,773
2011/10/14 01,2,859
2011/10/14 03,1,4
2011/10/14 04,1,3
2011/10/14 05,2,7
2011/10/14 06,2,18
2011/10/14 07,2,10
2011/10/14 08,1,3
2011/10/14 09,2,8
2011/10/14 10,2,19
2011/10/14 11,2,16
2011/10/14 12,2,19
2011/10/14 13,3,13
2011/10/14 14,2,12
2011/10/14 15,1,8
2011/10/14 16,1,7
2011/10/14 17,4,19
2011/10/14 18,5,36
2011/10/14 19,5,25
2011/10/14 20,4,61
2011/10/14 21,3,40
2011/10/14 22,2,11
2011/10/14 23,4,12
2011/10/15 00,3,11
2011/10/15 01,4,39
2011/10/15 02,3,57
2011/10/15 03,2,2
2011/10/15 04,2,1
2011/10/15 05,2,4
2011/10/15 06,3,7
2011/10/15 07,1,6
2011/10/15 08,1,8
2011/10/15 09,2,10
2011/10/15 10,1,2
2011/10/15 11,2,12
2011/10/15 12,1,12
2011/10/15 13,1,17
2011/10/15 14,1,21
2011/10/15 15,2,14
2011/10/15 16,3,14
2011/10/15 17,2,9
2011/10/15 18,2,11
2011/10/15 19,3,13
2011/10/15 20,1,5
2011/10/15 21,1,8
2011/10/15 22,2,9
2011/10/15 23,4,47
2011/10/16 00,4,35
2011/10/16 01,3,34
2011/10/16 02,6,41
2011/10/16 03,5,17
2011/10/16 04,3,9
2011/10/16 05,2,6
2011/10/16 06,2,5
2011/10/16 07,2,4
2011/10/16 08,2,5
2011/10/16 09,1,4
2011/10/16 10,1,3
2011/10/16 11,2,5
2011/10/16 12,1,3
2011/10/16 13,1,4
2011/10/16 14,1,1
2011/10/16 15,1,1
2011/10/16 17,1,4
2011/10/16 18,1,5
2011/10/16 19,2,6
2011/10/16 20,2,16
2011/10/16 21,1,16
2011/10/16 22,2,20
2011/10/16 23,2,22
2011/10/17 00,2,21
2011/10/17 01,2,19
2011/10/17 02,5,75
2011/10/17 03,6,92
2011/10/17 04,6,116
2011/10/17 05,5,96
2011/10/17 06,5,82
2011/10/17 07,3,19
2011/10/17 08,2,28
2011/10/17 09,2,27
2011/10/17 10,1,22
2011/10/17 11,1,20
2011/10/17 12,1,15
2011/10/17 13,1,17
2011/10/17 14,1,19
2011/10/17 15,1,27
2011/10/17 16,1,25
2011/10/17 17,1,11
2011/10/17 18,1,12
2011/10/17 19,1,22
2011/10/17 20,1,16
2011/10/17 21,2,21
2011/10/17 22,1,24
2011/10/17 23,1,39
2011/10/18 01,1,1
2011/10/18 02,1,6
2011/10/18 03,1,18
2011/10/18 04,1,4
2011/10/18 06,1,3
2011/10/18 07,2,11
2011/10/18 08,2,2
2011/10/18 09,2,3
2011/10/18 10,2,5
2011/10/18 11,3,8
2011/10/18 12,4,22
2011/10/18 13,4,26
2011/10/18 14,2,21
2011/10/18 15,2,24
2011/10/18 16,2,28
2011/10/18 17,2,19
2011/10/18 18,1,8
2011/10/18 19,2,22
2011/10/18 20,1,20
2011/10/18 21,1,3
2011/10/18 22,1,7
2011/10/19 00,2,6
2011/10/19 01,2,10
2011/10/19 02,2,7
2011/10/19 03,2,5
2011/10/19 04,1,3
2011/10/19 05,1,4
2011/10/19 06,1,11
2011/10/19 07,1,10
2011/10/19 08,1,9
2011/10/19 09,1,10
2011/10/19 10,1,14
2011/10/19 11,1,19
2011/10/19 12,1,17
2011/10/19 13,1,21
2011/10/19 14,1,25
2011/10/19 15,1,23
2011/10/19 16,1,21
2011/10/19 17,1,9
2011/10/19 18,1,18
2011/10/19 19,1,22
2011/10/19 20,1,10
2011/10/19 21,2,5
2011/10/19 22,2,10
2011/10/19 23,1,2
2011/10/20 00,2,2
2011/10/20 01,1,2
2011/10/20 02,3,7
2011/10/20 03,3,12
2011/10/20 04,2,5
2011/10/20 05,2,6
2011/10/20 06,2,9
2011/10/20 07,2,7
2011/10/20 08,1,6
2011/10/20 09,1,6
2011/10/20 10,2,7
2011/10/20 11,2,8
2011/10/20 12,2,6
2011/10/20 13,1,6
2011/10/20 14,1,6
2011/10/20 15,1,8
2011/10/20 16,1,6
2011/10/20 17,1,7
2011/10/20 18,1,5
2011/10/20 19,2,16
2011/10/20 20,3,19
2011/10/20 21,2,6
2011/10/20 22,4,6
2011/10/20 23,3,3
2011/10/21 01,1,1
2011/10/21 02,1,2
2011/10/21 03,2,20
2011/10/21 04,3,21
2011/10/21 05,2,8
2011/10/21 06,2,28
2011/10/21 07,1,12
2011/10/21 08,2,35
2011/10/21 09,2,36
2011/10/21 10,1,17
2011/10/21 11,1,35
2011/10/21 12,1,33
2011/10/21 13,2,24
2011/10/21 14,1,1
2011/10/21 15,1,2
2011/10/21 16,1,1
2011/10/21 17,1,1
2011/10/21 18,3,13
2011/10/21 19,4,20
2011/10/21 20,2,13
2011/10/21 21,2,13
2011/10/21 22,3,17
2011/10/21 23,3,15
2011/10/22 00,4,18
2011/10/22 01,5,22
2011/10/22 02,5,18
2011/10/22 03,5,17
2011/10/22 04,4,16
2011/10/22 05,2,11
2011/10/22 06,2,15
2011/10/22 07,2,11
2011/10/22 08,2,14
2011/10/22 09,1,12
2011/10/22 10,2,17
2011/10/22 11,2,16
2011/10/22 12,2,12
2011/10/22 13,1,12
2011/10/22 14,1,3
2011/10/22 15,1,2
2011/10/22 16,1,10
2011/10/22 17,1,9
2011/10/22 18,1,9
2011/10/22 19,1,6
2011/10/22 20,1,2
2011/10/22 21,2,6
2011/10/22 22,2,6
2011/10/23 05,1,4
2011/10/23 06,2,5
2011/10/23 07,1,3
2011/10/23 08,1,4
2011/10/23 09,1,3
2011/10/23 12,1,8
2011/10/23 13,1,9
2011/10/23 14,1,11
2011/10/23 15,1,20
2011/10/23 16,1,25
2011/10/23 17,3,25
2011/10/23 18,2,2
2011/10/23 19,2,3
2011/10/23 20,2,3
2011/10/23 21,1,2
2011/10/23 22,1,1
2011/10/23 23,1,0
2011/10/24 03,1,1
2011/10/24 04,1,3
2011/10/24 05,1,4
2011/10/24 06,2,3
2011/10/24 07,2,3
2011/10/24 08,2,3
2011/10/24 09,2,1
2011/10/24 10,1,0
2011/10/24 18,1,1
2011/10/24 19,1,0
2011/10/24 20,1,1
2011/10/24 21,1,1
2011/10/25 00,1,0
2011/10/25 01,2,3
2011/10/25 02,1,2
2011/10/25 03,1,1
2011/10/25 05,1,0
2011/10/26 01,2,2
2011/10/26 02,2,4
2011/10/26 03,2,7
2011/10/26 04,4,8
2011/10/26 05,3,5
2011/10/26 06,1,2
2011/10/26 07,1,2
2011/10/26 08,1,2
2011/10/26 11,2,1
2011/10/26 12,1,1
2011/10/26 13,1,6
2011/10/26 14,1,7
2011/10/26 15,1,12
2011/10/26 16,1,12
2011/10/26 17,2,15
2011/10/26 18,2,14
2011/10/26 19,4,6
2011/10/26 20,3,8
2011/10/26 21,2,4
2011/10/26 23,1,0
2011/10/27 00,2,1
2011/10/27 01,1,2
2011/10/27 02,1,0
2011/10/27 03,2,23
2011/10/27 04,2,27
2011/10/27 05,2,20
2011/10/27 06,2,17
2011/10/27 07,1,1
2011/10/27 19,1,1
2011/10/27 20,1,1
2011/10/27 21,2,28
2011/10/27 22,2,62
2011/10/28 00,1,2
2011/10/28 01,2,5
2011/10/28 02,1,3
2011/10/28 03,1,2
2011/10/28 04,1,3
2011/10/28 05,1,3
2011/10/28 06,1,2
2011/10/28 07,1,0
2011/10/28 08,2,4
2011/10/28 12,1,0
2011/10/28 13,1,0
2011/10/28 14,1,0
2011/10/28 15,1,0
2011/10/28 20,1,0
2011/10/28 21,2,2
2011/10/28 22,2,8
2011/10/28 23,2,4
2011/10/29 00,2,5
2011/10/29 01,2,24
2011/10/29 02,3,51
2011/10/29 03,2,5
2011/10/29 04,1,4
2011/10/29 05,1,6
2011/10/29 06,1,8
2011/10/29 07,1,8
2011/10/29 08,2,9
2011/10/29 09,1,1
2011/10/29 10,1,0
2011/10/29 12,1,0
2011/10/29 16,1,4
2011/10/29 17,2,7
2011/10/29 18,4,10
2011/10/29 19,2,19
2011/10/29 20,3,20
2011/10/29 21,3,22
2011/10/29 22,2,4
2011/10/30 00,2,0
2011/10/30 01,1,0
2011/10/30 02,1,0
2011/10/30 03,2,19
2011/10/30 04,2,23
2011/10/30 05,1,3
2011/10/30 06,2,6
2011/10/30 07,2,4
2011/10/30 08,2,6
2011/10/30 09,1,2
2011/10/30 12,1,0
2011/10/30 18,1,0
2011/10/30 19,2,1
2011/10/30 20,1,1
2011/10/30 21,1,2
2011/10/30 22,1,4
2011/10/30 23,1,4
2011/10/31 00,1,0
2011/10/31 01,1,1
2011/10/31 02,2,45
2011/10/31 03,2,77
2011/10/31 04,2,49
2011/10/31 05,1,4
2011/10/31 06,1,4
2011/10/31 07,1,0
2011/10/31 09,1,6
2011/10/31 10,1,8
2011/10/31 11,1,6
2011/10/31 12,1,0
2011/10/31 13,1,0
2011/10/31 14,1,0
2011/10/31 16,2,1
2011/10/31 17,1,0
2011/10/31 23,3,2
2011/11/01 00,2,3
2011/11/01 01,1,3
2011/11/01 02,3,447
2011/11/01 03,3,62
2011/11/01 04,2,3
2011/11/01 05,2,3
2011/11/01 06,2,2
2011/11/01 07,2,4
2011/11/01 09,1,12
2011/11/01 11,1,1
2011/11/01 15,1,26
2011/11/01 16,1,23
2011/11/03 15,1,0
2011/11/03 19,1,25
2011/11/03 20,1,26
2011/11/03 21,1,19
2011/11/03 22,2,22
2011/11/03 23,3,21
2011/11/04 00,2,15
2011/11/04 01,2,9
2011/11/04 02,1,1
2011/11/04 03,2,1
2011/11/04 04,2,0
2011/11/04 05,2,1
2011/11/04 06,1,1
2011/11/04 07,1,2
2011/11/04 08,1,2
2011/11/04 17,1,3
2011/11/04 18,1,5
2011/11/04 19,1,9
2011/11/04 20,3,13
2011/11/04 21,2,14
2011/11/04 22,2,19
2011/11/04 23,2,17
2011/11/05 00,1,7
2011/11/05 01,1,5
2011/11/05 03,1,1
2011/11/05 04,1,0
2011/11/05 05,1,0
2011/11/05 06,3,5
2011/11/05 07,3,0
2011/11/05 08,2,0
2011/11/05 17,1,11
2011/11/05 18,1,15
2011/11/05 19,1,8
2011/11/05 20,1,2
2011/11/05 21,1,2
2011/11/05 23,2,8
2011/11/06 00,2,10
2011/11/06 01,2,9
2011/11/06 02,2,9
2011/11/06 03,1,6
2011/11/06 04,1,1
2011/11/06 05,2,4
2011/11/06 06,1,5
2011/11/06 07,1,3
2011/11/06 08,2,6
2011/11/06 09,1,2
2011/11/06 22,2,3
2011/11/06 23,1,1
2011/11/07 03,1,0
2011/11/07 04,3,36
2011/11/07 05,3,39
2011/11/07 06,1,37
2011/11/07 07,1,0
2011/11/07 08,2,1
2011/11/07 09,1,1
2011/11/07 10,1,1
2011/11/07 11,2,18
2011/11/07 12,1,23
2011/11/07 13,1,46
2011/11/07 14,1,38
2011/11/07 17,1,1
2011/11/07 18,1,1
2011/11/07 19,1,1
2011/11/07 21,1,1
2011/11/07 22,1,26
2011/11/07 23,1,21
2011/11/08 02,1,2
2011/11/08 03,3,7
2011/11/08 04,2,5
2011/11/08 05,1,1
2011/11/08 06,1,1
2011/11/08 07,1,2
2011/11/08 08,1,1
2011/11/08 11,2,2
2011/11/08 15,1,1
2011/11/08 16,1,1
2011/11/08 17,2,44
2011/11/08 18,2,37
2011/11/08 19,1,40
2011/11/08 20,2,48
2011/11/08 21,4,89
2011/11/08 22,5,81
2011/11/08 23,4,65
2011/11/09 00,3,47
2011/11/09 01,1,2
2011/11/09 03,1,6
2011/11/09 04,1,5
2011/11/09 05,2,0
2011/11/09 06,1,0
2011/11/09 07,2,1
2011/11/09 08,1,1
2011/11/09 09,1,1
2011/11/09 10,2,2
2011/11/09 11,1,1
2011/11/09 14,1,1
2011/11/09 15,2,4
2011/11/09 16,2,5
2011/11/09 17,3,1
2011/11/09 18,3,8
2011/11/09 19,4,8
2011/11/09 20,3,8
2011/11/09 22,2,2
2011/11/09 23,2,8
2011/11/10 00,2,8
2011/11/10 01,1,9
2011/11/10 02,2,9
2011/11/10 03,2,8
2011/11/10 04,2,10
2011/11/10 05,3,17
2011/11/10 06,4,18
2011/11/10 07,2,2
2011/11/10 08,2,1
2011/11/10 09,2,2
2011/11/10 11,1,1
2011/11/10 12,1,1
2011/11/10 13,1,1
2011/11/10 14,1,1
2011/11/10 15,2,2
2011/11/10 16,1,2
2011/11/10 17,1,4
2011/11/10 18,2,4
2011/11/10 19,2,3
2011/11/10 20,1,1
2011/11/11 01,1,2
2011/11/11 02,1,2
2011/11/11 03,1,363
2011/11/11 04,2,324
2011/11/11 05,2,486
2011/11/11 06,3,1352
2011/11/11 07,3,1512
2011/11/11 08,2,1144
2011/11/11 09,1,1
2011/11/11 11,1,1
2011/11/11 12,1,0
2011/11/11 13,1,1
2011/11/11 14,1,1
2011/11/11 15,1,0
2011/11/11 16,1,0
2011/11/11 17,1,1
2011/11/11 18,1,2
2011/11/11 19,3,4
2011/11/11 20,3,6
2011/11/11 21,4,11
2011/11/11 22,4,30
2011/11/11 23,5,65
2011/11/12 00,7,22
2011/11/12 01,4,16
2011/11/12 02,3,12
2011/11/12 03,4,15
2011/11/12 04,2,30
2011/11/12 05,4,47
2011/11/12 06,6,57
2011/11/12 07,4,56
2011/11/12 08,5,65
2011/11/12 09,4,101
2011/11/12 10,1,22
2011/11/12 14,1,2
2011/11/12 15,1,5
2011/11/12 16,1,7
2011/11/12 17,2,15
2011/11/12 18,1,4
2011/11/12 19,2,5
2011/11/12 20,6,29
2011/11/12 21,6,47
2011/11/12 22,4,45
2011/11/12 23,3,6
2011/11/13 00,4,30
2011/11/13 01,3,13
2011/11/13 02,1,0
2011/11/13 03,1,4
2011/11/13 05,1,13
2011/11/13 06,3,9
2011/11/13 07,2,8
2011/11/13 13,1,5
2011/11/13 14,1,2
2011/11/13 17,2,8
2011/11/13 18,1,7
2011/11/13 22,2,4
2011/11/13 23,2,9
2011/11/14 00,4,44
2011/11/14 01,5,52
2011/11/14 02,3,41
2011/11/14 03,2,34
2011/11/14 04,2,31
2011/11/14 05,2,5
2011/11/14 06,1,4
2011/11/14 12,1,0
2011/11/14 20,1,4
2011/11/14 21,2,12
2011/11/14 22,2,1
2011/11/14 23,1,2
2011/11/15 00,1,10
2011/11/15 01,2,44
2011/11/15 02,3,1804
2011/11/15 03,2,2056
2011/11/15 04,2,2031
2011/11/15 05,4,1749
2011/11/15 06,1,21
2011/11/15 07,1,35
2011/11/15 08,1,69
2011/11/15 09,1,43
2011/11/15 10,1,40
2011/11/15 11,1,45
2011/11/15 12,2,44
2011/11/15 13,2,49
2011/11/15 14,2,50
2011/11/15 15,1,49
2011/11/15 16,1,56
2011/11/15 17,2,66
2011/11/15 18,2,60
2011/11/15 19,4,102
2011/11/15 20,2,81
2011/11/15 21,3,66
2011/11/15 22,3,53
2011/11/15 23,1,60
2011/11/16 00,3,48
2011/11/16 01,2,46
2011/11/16 06,1,0
2011/11/16 17,1,0
2011/11/16 18,1,0
2011/11/16 20,3,4
2011/11/16 21,1,71
2011/11/16 22,1,76
2011/11/16 23,1,89
2011/11/17 03,1,26
2011/11/17 04,2,9
2011/11/17 05,2,9
2011/11/17 06,1,2
2011/11/17 07,1,3
2011/11/17 08,1,4
2011/11/17 09,1,1
2011/11/17 11,1,8
2011/11/17 12,1,9
2011/11/17 13,1,1
2011/11/17 17,3,1
2011/11/17 18,3,6
2011/11/17 19,2,4
2011/11/17 21,1,1
2011/11/17 23,1,3
2011/11/18 00,1,1
2011/11/18 02,1,0
2011/11/18 03,2,4
2011/11/18 04,1,6
2011/11/18 05,1,1
2011/11/18 08,1,5
2011/11/18 09,1,5
2011/11/18 18,2,7
2011/11/18 19,3,208
2011/11/18 20,24,1019
2011/11/18 21,28,1341
2011/11/18 22,28,1427
2011/11/18 23,30,1411
2011/11/19 00,27,1517
2011/11/19 01,28,1364
2011/11/19 02,26,1439
2011/11/19 03,28,1688
2011/11/19 04,24,1461
2011/11/19 05,16,1037
2011/11/19 06,16,1122
2011/11/19 07,15,1118
2011/11/19 08,14,814
2011/11/19 09,13,692
2011/11/19 10,13,853
2011/11/19 11,15,949
2011/11/19 12,17,1209
2011/11/19 13,18,935
2011/11/19 14,18,852
2011/11/19 15,13,745
2011/11/19 16,11,654
2011/11/19 17,17,1059
2011/11/19 18,24,973
2011/11/19 19,27,1037
2011/11/19 20,29,1097
2011/11/19 21,28,3593
2011/11/19 22,24,3565
2011/11/19 23,28,3860
2011/11/20 00,32,4021
2011/11/20 01,35,3680
2011/11/20 02,32,4451
2011/11/20 03,28,3512
2011/11/20 04,26,3593
2011/11/20 05,25,1173
2011/11/20 06,22,994
2011/11/20 07,20,985
2011/11/20 08,17,939
2011/11/20 09,17,1084
2011/11/20 10,16,1150
2011/11/20 11,16,1292
2011/11/20 12,12,1271
2011/11/20 13,12,828
2011/11/20 14,16,1069
2011/11/20 15,14,1453
2011/11/20 16,18,1560
2011/11/20 17,18,1840
2011/11/20 18,17,1638
2011/11/20 19,22,1785
2011/11/20 20,24,1978
2011/11/20 21,24,2190
2011/11/20 22,24,2140
2011/11/20 23,35,2027
2011/11/21 00,34,2144
2011/11/21 01,28,2210
2011/11/21 02,27,1764
2011/11/21 03,29,1881
2011/11/21 04,30,1593
2011/11/21 05,27,1480
2011/11/21 06,21,1054
2011/11/21 07,24,867
2011/11/21 08,17,699
2011/11/21 09,18,624
2011/11/21 10,15,652
2011/11/21 11,14,771
2011/11/21 12,12,788
2011/11/21 13,11,714
2011/11/21 14,14,715
2011/11/21 15,17,746
2011/11/21 16,21,1072
2011/11/21 17,17,1319
2011/11/21 18,24,1207
2011/11/21 19,30,1271
2011/11/21 20,32,1234
2011/11/21 21,28,1578
2011/11/21 22,18,3341
2011/11/21 23,26,1502
2011/11/22 00,33,1871
2011/11/22 01,35,2531
2011/11/22 02,35,4993
2011/11/22 03,31,4636
2011/11/22 04,32,1789
2011/11/22 05,31,1745
2011/11/22 06,22,1212
2011/11/22 07,22,1110
2011/11/22 08,18,731
2011/11/22 09,17,831
2011/11/22 10,12,870
2011/11/22 11,16,817
2011/11/22 12,13,1003
2011/11/22 13,15,712
2011/11/22 14,14,910
2011/11/22 15,18,1007
2011/11/22 16,18,941
2011/11/22 17,19,1028
2011/11/22 18,22,1420
2011/11/22 19,33,1932
2011/11/22 20,36,4125
2011/11/22 21,33,3959
2011/11/22 22,29,2175
2011/11/22 23,32,2908
2011/11/23 00,38,3846
2011/11/23 01,36,1829
2011/11/23 02,43,1817
2011/11/23 03,42,2153
2011/11/23 04,37,1795
2011/11/23 05,36,1430
2011/11/23 06,25,1452
2011/11/23 07,21,1150
2011/11/23 08,20,1017
2011/11/23 09,19,1223
2011/11/23 10,16,1304
2011/11/23 11,13,651
2011/11/23 12,14,655
2011/11/23 13,15,623
2011/11/23 14,9,517
2011/11/23 15,7,694
2011/11/23 16,12,865
2011/11/23 17,15,1012
2011/11/23 18,15,1439
2011/11/23 19,25,1931
2011/11/23 20,21,2040
2011/11/23 21,19,1978
2011/11/23 22,16,1001
2011/11/23 23,16,1072
2011/11/24 00,34,1321
2011/11/24 01,40,1880
2011/11/24 02,40,2255
2011/11/24 03,36,2266
2011/11/24 04,31,1286
2011/11/24 05,30,1123
2011/11/24 06,29,1118
2011/11/24 07,25,1147
2011/11/24 08,25,1437
2011/11/24 09,23,1257
2011/11/24 10,27,1310
2011/11/24 11,25,830
2011/11/24 12,21,960
2011/11/24 13,20,622
2011/11/24 14,25,892
2011/11/24 15,25,1175
2011/11/24 16,22,1250
2011/11/24 17,25,1513
2011/11/24 18,34,1775
2011/11/24 19,33,1872
2011/11/24 20,35,2074
2011/11/24 21,24,1502
2011/11/24 22,27,1478
2011/11/24 23,26,1570
2011/11/25 00,25,1832
2011/11/25 01,11,527
2011/11/25 02,14,542
2011/11/25 03,16,875
2011/11/25 04,23,1333
2011/11/25 05,30,1485
2011/11/25 06,29,1657
2011/11/25 07,30,1781
2011/11/25 08,22,1842
2011/11/25 09,21,1159
2011/11/25 10,21,793
2011/11/25 11,23,753
2011/11/25 12,23,800
2011/11/25 13,26,901
2011/11/25 14,31,1270
2011/11/25 15,36,894
2011/11/25 16,121,3466
2011/11/25 17,157,1378
2011/11/25 18,164,1470
2011/11/25 19,169,1970
2011/11/25 20,148,1982
2011/11/25 21,144,1583
2011/11/25 22,145,1593
2011/11/25 23,137,1598
2011/11/26 00,131,1453
2011/11/26 01,129,1577
2011/11/26 02,118,1607
2011/11/26 03,101,1113
2011/11/26 04,103,1048
2011/11/26 05,101,1044
2011/11/26 06,86,791
2011/11/26 07,74,776
2011/11/26 08,65,776
2011/11/26 09,18,298
2011/11/26 10,35,576
2011/11/26 11,64,597
2011/11/26 12,74,671
2011/11/26 13,76,763
2011/11/26 14,73,876
2011/11/26 15,81,949
2011/11/26 16,104,1151
2011/11/26 17,117,1714
2011/11/26 18,138,1810
2011/11/26 19,152,1944
2011/11/26 20,159,1665
2011/11/26 21,147,975
2011/11/26 22,159,1175
2011/11/26 23,141,1130
2011/11/27 00,137,1265
2011/11/27 01,130,1634
2011/11/27 02,135,1159
2011/11/27 03,118,1295
2011/11/27 04,116,1083
2011/11/27 05,107,1021
2011/11/27 06,96,946
2011/11/27 07,86,910
2011/11/27 08,73,740
2011/11/27 09,65,650
2011/11/27 10,59,823
2011/11/27 11,54,816
2011/11/27 12,62,1181
2011/11/27 13,64,959
2011/11/27 14,69,1065
2011/11/27 15,81,1391
2011/11/27 16,87,1629
2011/11/27 17,89,1683
2011/11/27 18,100,1239
2011/11/27 19,97,2846
2011/11/27 20,100,3026
2011/11/27 21,118,3056
2011/11/27 22,113,3469
2011/11/27 23,97,5162
2011/11/28 00,89,3459
2011/11/28 01,94,3476
2011/11/28 02,99,3386
2011/11/28 03,91,1372
2011/11/28 04,85,1188
2011/11/28 05,82,1334
2011/11/28 06,73,1370
2011/11/28 07,59,856
2011/11/28 08,52,791
2011/11/28 09,49,689
2011/11/28 10,35,690
2011/11/28 11,32,752
2011/11/28 12,26,684
2011/11/28 13,27,828
2011/11/28 14,30,898
2011/11/28 15,37,1086
2011/11/28 16,43,1134
2011/11/28 17,55,1441
2011/11/28 18,59,1058
2011/11/28 19,57,1143
2011/11/28 20,69,2898
2011/11/28 21,66,3109
2011/11/28 22,70,4448
2011/11/28 23,66,4576
2011/11/29 00,68,3182
2011/11/29 01,71,3444
2011/11/29 02,56,3465
2011/11/29 03,63,3598
2011/11/29 04,61,1929
2011/11/29 05,57,995
2011/11/29 06,40,965
2011/11/29 07,11,497
2011/11/29 08,7,520
2011/11/29 09,5,192
2011/11/29 10,6,221
2011/11/29 11,9,267
2011/11/29 12,11,298
2011/11/29 13,10,273
2011/11/29 14,12,336
2011/11/29 15,11,406
2011/11/29 16,13,451
2011/11/29 17,15,443
2011/11/29 18,14,441
2011/11/29 19,14,504
2011/11/29 20,17,663
2011/11/29 21,19,496
2011/11/29 22,15,408
2011/11/29 23,13,557
2011/11/30 00,16,456
2011/11/30 01,18,492
2011/11/30 02,18,606
2011/11/30 03,14,435
2011/11/30 04,14,424
2011/11/30 05,12,355
2011/11/30 06,8,336
2011/11/30 07,14,283
2011/11/30 08,11,283
2011/11/30 09,8,154
2011/11/30 10,8,169
2011/11/30 11,9,192
2011/11/30 12,7,172
2011/11/30 13,6,183
2011/11/30 14,12,264
2011/11/30 15,16,563
2011/11/30 16,13,665
2011/11/30 17,10,814
2011/11/30 18,13,699
2011/11/30 19,9,657
2011/11/30 20,13,542
2011/11/30 21,14,562
2011/11/30 22,10,663
2011/11/30 23,12,599
2011/12/01 00,13,595
2011/12/01 01,9,310
2011/12/01 02,13,282
2011/12/01 03,10,283
2011/12/01 04,12,294
2011/12/01 05,12,274
2011/12/01 06,11,201
2011/12/01 07,12,183
2011/12/01 08,10,144
2011/12/01 09,9,189
2011/12/01 10,9,180
2011/12/01 11,7,205
2011/12/01 12,6,180
2011/12/01 13,6,204
2011/12/01 14,7,222
2011/12/01 15,8,264
2011/12/01 16,10,350
2011/12/01 17,18,798
2011/12/01 18,26,1451
2011/12/01 19,28,1669
2011/12/01 20,28,1741
2011/12/01 21,31,1150
2011/12/01 22,27,1597
2011/12/01 23,24,1474
2011/12/02 00,20,1166
2011/12/02 01,29,1501
2011/12/02 02,31,3843
2011/12/02 03,33,3629
2011/12/02 04,27,3802
2011/12/02 05,26,3441
2011/12/02 06,22,1391
2011/12/02 07,20,1300
2011/12/02 08,22,1408
2011/12/02 09,21,1503
2011/12/02 10,17,770
2011/12/02 11,11,715
2011/12/02 12,7,497
2011/12/02 13,7,507
2011/12/02 14,7,556
2011/12/02 15,8,396
2011/12/02 16,10,442
2011/12/02 17,14,490
2011/12/02 18,15,544
2011/12/02 19,46,926
2011/12/02 20,64,1319
2011/12/02 21,61,1252
2011/12/02 22,66,3072
2011/12/02 23,68,3149
2011/12/03 00,54,3261
2011/12/03 01,51,3795
2011/12/03 02,52,3531
2011/12/03 03,50,3401
2011/12/03 04,55,3244
2011/12/03 05,55,2013
2011/12/03 06,43,3350
2011/12/03 07,37,1555
2011/12/03 08,38,1440
2011/12/03 09,34,1273
2011/12/03 10,31,935
2011/12/03 11,33,926
2011/12/03 12,32,936
2011/12/03 13,30,582
2011/12/03 14,14,459
2011/12/03 15,22,711
2011/12/03 16,43,1053
2011/12/03 17,44,1310
2011/12/03 18,45,1664
2011/12/03 19,56,2173
2011/12/03 20,58,1400
2011/12/03 21,60,1471
2011/12/03 22,61,1622
2011/12/03 23,55,1569
2011/12/04 00,54,1377
2011/12/04 01,53,1634
2011/12/04 02,48,1736
2011/12/04 03,51,2112
2011/12/04 04,51,3015
2011/12/04 05,41,2904
2011/12/04 06,43,2300
2011/12/04 07,37,1823
2011/12/04 08,34,1669
2011/12/04 09,32,1663
2011/12/04 10,24,1861
2011/12/04 11,20,938
2011/12/04 12,21,906
2011/12/04 13,23,903
2011/12/04 14,24,1072
2011/12/04 15,29,1336
2011/12/04 16,33,1427
2011/12/04 17,40,1857
2011/12/04 18,45,2246
2011/12/04 19,43,2384
2011/12/04 20,46,2710
2011/12/04 21,48,2389
2011/12/04 22,43,2420
2011/12/04 23,44,2609
2011/12/05 00,44,2177
2011/12/05 01,44,2245
2011/12/05 02,40,2070
2011/12/05 03,36,2358
2011/12/05 04,43,2112
2011/12/05 05,40,1856
2011/12/05 06,43,2608
2011/12/05 07,13,1141
2011/12/05 08,10,274
2011/12/05 09,10,257
2011/12/05 10,11,271
2011/12/05 11,8,336
2011/12/05 12,8,374
2011/12/05 13,6,374
2011/12/05 14,6,423
2011/12/05 15,9,433
2011/12/05 16,8,520
2011/12/05 17,11,561
2011/12/05 18,10,507
2011/12/05 19,11,405
2011/12/05 20,14,382
2011/12/05 21,11,376
2011/12/05 22,7,329
2011/12/05 23,9,362
2011/12/06 00,9,441
2011/12/06 01,7,455
2011/12/06 02,10,1463
2011/12/06 03,9,1793
2011/12/06 04,12,1474
2011/12/06 05,12,470
2011/12/06 06,13,454
2011/12/06 07,8,299
2011/12/06 08,12,515
2011/12/06 09,11,322
2011/12/06 10,12,342
2011/12/06 11,10,358
2011/12/06 12,11,392
2011/12/06 13,12,379
2011/12/06 14,12,373
2011/12/06 15,12,480
2011/12/06 16,15,616
2011/12/06 17,10,653
2011/12/06 18,11,512
2011/12/06 19,16,593
2011/12/06 20,15,570
2011/12/06 21,17,555
2011/12/06 22,17,526
2011/12/06 23,17,657
2011/12/07 00,13,324
2011/12/07 01,10,334
2011/12/07 02,12,278
2011/12/07 03,13,281
2011/12/07 04,12,290
2011/12/07 05,12,262
2011/12/07 06,12,170
2011/12/07 07,12,175
2011/12/07 08,14,198
2011/12/07 09,10,210
2011/12/07 10,10,182
2011/12/07 11,10,173
2011/12/07 12,8,212
2011/12/07 13,8,207
2011/12/07 14,11,204
2011/12/07 15,10,215
2011/12/07 16,12,340
2011/12/07 17,12,357
2011/12/07 18,14,395
2011/12/07 19,16,398
2011/12/07 20,16,484
2011/12/07 21,13,586
2011/12/07 22,11,480
2011/12/07 23,9,414
2011/12/08 00,16,412
2011/12/08 01,8,333
2011/12/08 02,6,313
2011/12/08 03,11,353
2011/12/08 04,13,330
2011/12/08 05,11,326
2011/12/08 06,12,266
2011/12/08 07,12,251
2011/12/08 08,10,252
2011/12/08 09,8,166
2011/12/08 10,7,185
2011/12/08 11,6,201
2011/12/08 12,7,229
2011/12/08 13,8,323
2011/12/08 14,8,351
2011/12/08 15,8,417
2011/12/08 16,9,433
2011/12/08 17,11,510
2011/12/08 18,9,487
2011/12/08 19,10,491
2011/12/08 20,8,482
2011/12/08 21,11,549
2011/12/08 22,12,496
2011/12/08 23,13,444
2011/12/09 00,13,794
2011/12/09 01,12,918
2011/12/09 02,10,352
2011/12/09 03,10,386
2011/12/09 04,15,405
2011/12/09 05,15,379
2011/12/09 06,15,370
2011/12/09 07,14,518
2011/12/09 08,11,455
2011/12/09 09,11,310
2011/12/09 10,7,295
2011/12/09 11,7,287
2011/12/09 12,9,304
2011/12/09 13,9,345
2011/12/09 14,9,359
2011/12/09 15,10,393
2011/12/09 16,9,393
2011/12/09 17,14,430
2011/12/09 18,14,442
2011/12/09 19,14,498
2011/12/09 20,16,567
2011/12/09 21,13,560
2011/12/09 22,17,314
2011/12/09 23,18,309
2011/12/10 00,15,322
2011/12/10 01,12,401
2011/12/10 02,17,522
2011/12/10 03,15,356
2011/12/10 04,17,388
2011/12/10 05,14,288
2011/12/10 06,15,273
2011/12/10 07,12,249
2011/12/10 08,10,197
2011/12/10 09,9,245
2011/12/10 10,7,280
2011/12/10 11,8,294
2011/12/10 12,9,321
2011/12/10 13,6,324
2011/12/10 14,8,342
2011/12/10 15,10,357
2011/12/10 16,12,340
2011/12/10 17,11,332
2011/12/10 18,15,523
2011/12/10 19,14,461
2011/12/10 20,13,439
2011/12/10 21,10,418
2011/12/10 22,12,391
2011/12/10 23,13,304
2011/12/11 00,12,309
2011/12/11 01,13,308
2011/12/11 02,12,301
2011/12/11 03,10,258
2011/12/11 04,12,290
2011/12/11 05,12,246
2011/12/11 06,10,265
2011/12/11 07,10,278
2011/12/11 08,14,285
2011/12/11 09,12,365
2011/12/11 10,13,295
2011/12/11 11,12,321
2011/12/11 12,13,367
2011/12/11 13,9,354
2011/12/11 14,10,382
2011/12/11 15,12,406
2011/12/11 16,13,438
2011/12/11 17,13,457
2011/12/11 18,16,541
2011/12/11 19,14,643
2011/12/11 20,18,737
2011/12/11 21,14,626
2011/12/11 22,16,598
2011/12/11 23,14,579
2011/12/12 00,13,929
2011/12/12 01,11,948
2011/12/12 02,11,483
2011/12/12 03,14,467
2011/12/12 04,12,478
2011/12/12 05,11,398
2011/12/12 06,11,378
2011/12/12 07,12,338
2011/12/12 08,14,313
2011/12/12 09,13,317
2011/12/12 10,13,321
2011/12/12 11,13,325
2011/12/12 12,12,335
2011/12/12 13,11,371
2011/12/12 14,13,410
2011/12/12 15,13,499
2011/12/12 16,14,513
2011/12/12 17,16,630
2011/12/12 18,17,691
2011/12/12 19,15,685
2011/12/12 20,14,734
2011/12/12 21,16,450
2011/12/12 22,13,496
2011/12/12 23,17,519
2011/12/13 00,14,519
2011/12/13 01,21,649
2011/12/13 02,22,710
2011/12/13 03,19,687
2011/12/13 04,16,691
2011/12/13 05,14,507
2011/12/13 06,16,381
2011/12/13 07,18,462
2011/12/13 08,17,453
2011/12/13 09,20,509
2011/12/13 10,19,572
2011/12/13 11,25,728
2011/12/13 12,44,2556
2011/12/13 13,72,5989
2011/12/13 14,87,5988
2011/12/13 15,97,8641
2011/12/13 16,96,9893
2011/12/13 17,109,10052
2011/12/13 18,116,10536
2011/12/13 19,118,10441
2011/12/13 20,129,11239
2011/12/13 21,122,10858
2011/12/13 22,128,7212
2011/12/13 23,121,4530
2011/12/14 00,119,4717
2011/12/14 01,119,4519
2011/12/14 02,130,4920
2011/12/14 03,127,4676
2011/12/14 04,112,4480
2011/12/14 05,94,4061
2011/12/14 06,93,3951
2011/12/14 07,76,3281
2011/12/14 08,63,2221
2011/12/14 09,57,2289
2011/12/14 10,48,1906
2011/12/14 11,42,2138
2011/12/14 12,43,2137
2011/12/14 13,40,2499
2011/12/14 14,53,6287
2011/12/14 15,75,7135
2011/12/14 16,95,7934
2011/12/14 17,105,8032
2011/12/14 18,140,8173
2011/12/14 19,158,9163
2011/12/14 20,166,8448
2011/12/14 21,170,8443
2011/12/14 22,155,7261
2011/12/14 23,145,6671
2011/12/15 00,143,6872
2011/12/15 01,154,4156
2011/12/15 02,145,4444
2011/12/15 03,143,4280
2011/12/15 04,129,4543
2011/12/15 05,127,3589
2011/12/15 06,115,2807
2011/12/15 07,108,2724
2011/12/15 08,83,2612
2011/12/15 09,62,1942
2011/12/15 10,55,1558
2011/12/15 11,55,1423
2011/12/15 12,51,1794
2011/12/15 13,55,1798
2011/12/15 14,62,2288
2011/12/15 15,77,4188
2011/12/15 16,103,5077
2011/12/15 17,120,5536
2011/12/15 18,144,6214
2011/12/15 19,154,6303
2011/12/15 20,161,6281
2011/12/15 21,178,6307
2011/12/15 22,198,6361
2011/12/15 23,186,6910
2011/12/16 00,177,6878
2011/12/16 01,195,8913
2011/12/16 02,193,9983
2011/12/16 03,183,11664
2011/12/16 04,168,9832
2011/12/16 05,159,12852
2011/12/16 06,159,12157
2011/12/16 07,144,4181
2011/12/16 08,114,3560
2011/12/16 09,64,1374
2011/12/16 10,16,601
2011/12/16 11,16,676
2011/12/16 12,34,802
2011/12/16 13,81,1284
2011/12/16 14,93,1716
2011/12/16 15,114,3269
2011/12/16 16,129,3387
2011/12/16 17,149,5562
2011/12/16 18,174,8067
2011/12/16 19,191,7036
2011/12/16 20,209,6268
2011/12/16 21,201,9038
2011/12/16 22,201,5594
2011/12/16 23,219,5965
2011/12/17 00,193,5083
2011/12/17 01,190,5068
2011/12/17 02,188,4736
2011/12/17 03,189,4752
2011/12/17 04,186,4747
2011/12/17 05,185,4049
2011/12/17 06,180,4036
2011/12/17 07,163,3701
2011/12/17 08,150,3391
2011/12/17 09,139,1950
2011/12/17 10,117,1500
2011/12/17 11,102,1574
2011/12/17 12,107,1301
2011/12/17 13,98,1365
2011/12/17 14,99,1785
2011/12/17 15,101,2122
2011/12/17 16,112,2326
2011/12/17 17,120,2687
2011/12/17 18,129,2832
2011/12/17 19,148,2887
2011/12/17 20,162,3460
2011/12/17 21,171,3262
2011/12/17 22,167,2963
2011/12/17 23,165,2592
2011/12/18 00,183,2774
2011/12/18 01,182,2343
2011/12/18 02,178,1920
2011/12/18 03,176,3801
2011/12/18 04,178,4285
2011/12/18 05,167,3713
2011/12/18 06,147,3530
2011/12/18 07,138,1807
2011/12/18 08,126,2270
2011/12/18 09,98,2055
2011/12/18 10,95,2091
2011/12/18 11,83,2161
2011/12/18 12,80,1844
2011/12/18 13,82,1783
2011/12/18 14,83,2161
2011/12/18 15,93,2010
2011/12/18 16,96,2080
2011/12/18 17,113,2490
2011/12/18 18,127,3160
2011/12/18 19,150,3237
2011/12/18 20,146,4251
2011/12/18 21,149,4448
2011/12/18 22,153,4860
2011/12/18 23,161,4862
2011/12/19 00,171,4385
2011/12/19 01,151,4320
2011/12/19 02,138,3764
2011/12/19 03,147,3865
2011/12/19 04,142,4181
2011/12/19 05,140,3448
2011/12/19 06,128,3301
2011/12/19 07,121,2986
2011/12/19 08,106,2815
2011/12/19 09,86,2593
2011/12/19 10,75,2495
2011/12/19 11,69,2327
2011/12/19 12,68,2095
2011/12/19 13,61,979
2011/12/19 14,72,1230
2011/12/19 15,78,1518
2011/12/19 16,88,1695
2011/12/19 17,93,1715
2011/12/19 18,108,1920
2011/12/19 19,109,2031
2011/12/19 20,111,5123
2011/12/19 21,123,4439
2011/12/19 22,144,4477
2011/12/19 23,143,4452
2011/12/20 00,146,5029
2011/12/20 01,95,2697
2011/12/20 02,38,2420
2011/12/20 03,36,3125
2011/12/20 04,38,3206
2011/12/20 05,55,1747
2011/12/20 06,158,4894
2011/12/20 07,161,4494
2011/12/20 08,157,3804
2011/12/20 09,132,3260
2011/12/20 10,127,3059
2011/12/20 11,122,2507
2011/12/20 12,108,2421
2011/12/20 13,99,1329
2011/12/20 14,95,1515
2011/12/20 15,108,1827
2011/12/20 16,112,2232
2011/12/20 17,122,2155
2011/12/20 18,139,2336
2011/12/20 19,156,3905
2011/12/20 20,163,3738
2011/12/20 21,177,3996
2011/12/20 22,186,5783
2011/12/20 23,197,4420
2011/12/21 00,188,4335
2011/12/21 01,186,2888
2011/12/21 02,174,2632
2011/12/21 03,171,2767
2011/12/21 04,171,3349
2011/12/21 05,163,4717
2011/12/21 06,161,4908
2011/12/21 07,144,4004
2011/12/21 08,143,3653
2011/12/21 09,120,3053
2011/12/21 10,99,2752
2011/12/21 11,92,2368
2011/12/21 12,83,1233
2011/12/21 13,80,1146
2011/12/21 14,80,1394
2011/12/21 15,78,1188
2011/12/21 16,87,1389
2011/12/21 17,94,1847
2011/12/21 18,105,1945
2011/12/21 19,118,2941
2011/12/21 20,134,3846
2011/12/21 21,145,3431
2011/12/21 22,168,3656
2011/12/21 23,160,2567
2011/12/22 00,156,8350
2011/12/22 01,146,4698
2011/12/22 02,160,5861
2011/12/22 03,174,4703
2011/12/22 04,171,4776
2011/12/22 05,163,5863
2011/12/22 06,153,4786
2011/12/22 07,141,3947
2011/12/22 08,133,3348
2011/12/22 09,91,2971
2011/12/22 10,30,639
2011/12/22 11,30,515
2011/12/22 12,35,663
2011/12/22 13,53,1070
2011/12/22 14,60,1116
2011/12/22 15,65,1726
2011/12/22 16,77,2290
2011/12/22 17,89,2152
2011/12/22 18,105,2146
2011/12/22 19,125,2580
2011/12/22 20,136,3507
2011/12/22 21,158,3200
2011/12/22 22,149,4209
2011/12/22 23,162,4925
2011/12/23 00,160,6530
2011/12/23 01,156,8856
2011/12/23 02,152,7110
2011/12/23 03,144,6373
2011/12/23 04,164,6903
2011/12/23 05,165,8060
2011/12/23 06,148,3783
2011/12/23 07,122,3766
2011/12/23 08,107,3636
2011/12/23 09,101,3866
2011/12/23 10,85,2784
2011/12/23 11,74,1428
2011/12/23 12,68,1058
2011/12/23 13,62,1139
2011/12/23 14,70,1195
2011/12/23 15,74,1356
2011/12/23 16,79,1765
2011/12/23 17,82,1668
2011/12/23 18,85,1801
2011/12/23 19,99,1927
2011/12/23 20,121,2433
2011/12/23 21,133,3720
2011/12/23 22,136,2726
2011/12/23 23,125,4237
2011/12/24 00,134,5728
2011/12/24 01,133,4912
2011/12/24 02,123,4143
2011/12/24 03,118,4917
2011/12/24 04,120,4151
2011/12/24 05,127,3451
2011/12/24 06,124,3495
2011/12/24 07,114,3814
2011/12/24 08,112,3419
2011/12/24 09,93,2962
2011/12/24 10,88,2804
2011/12/24 11,72,1767
2011/12/24 12,56,1619
2011/12/24 13,66,1769
2011/12/24 14,57,1675
2011/12/24 15,61,1475
2011/12/24 16,71,2202
2011/12/24 17,73,2667
2011/12/24 18,79,2794
2011/12/24 19,69,2100
2011/12/24 20,87,2523
2011/12/24 21,81,2287
2011/12/24 22,83,3416
2011/12/24 23,92,3216
2011/12/25 00,109,4130
2011/12/25 01,111,3351
2011/12/25 02,94,3463
2011/12/25 03,86,3288
2011/12/25 04,82,3071
2011/12/25 05,81,3062
2011/12/25 06,83,3375
2011/12/25 07,92,2918
2011/12/25 08,83,2731
2011/12/25 09,71,2397
2011/12/25 10,64,2371
2011/12/25 11,60,2440
2011/12/25 12,54,1375
2011/12/25 13,59,1476
2011/12/25 14,54,1800
2011/12/25 15,63,2369
2011/12/25 16,73,2062
2011/12/25 17,75,1921
2011/12/25 18,83,2267
2011/12/25 19,82,2295
2011/12/25 20,92,2113
2011/12/25 21,90,2708
2011/12/25 22,100,3758
2011/12/25 23,100,3629
2011/12/26 00,105,3197
2011/12/26 01,109,5401
2011/12/26 02,107,3771
2011/12/26 03,122,3651
2011/12/26 04,136,4243
2011/12/26 05,141,4821
2011/12/26 06,129,4083
2011/12/26 07,108,3644
2011/12/26 08,102,3442
2011/12/26 09,89,2790
2011/12/26 10,75,2593
2011/12/26 11,77,2963
2011/12/26 12,61,2354
2011/12/26 13,50,1233
2011/12/26 14,56,1611
2011/12/26 15,61,1651
2011/12/26 16,67,1850
2011/12/26 17,84,2267
2011/12/26 18,94,3342
2011/12/26 19,111,3252
2011/12/26 20,123,3688
2011/12/26 21,125,3746
2011/12/26 22,140,4886
2011/12/26 23,144,4402
2011/12/27 00,153,4660
2011/12/27 01,154,3273
2011/12/27 02,132,2640
2011/12/27 03,141,2844
2011/12/27 04,145,6324
2011/12/27 05,154,5135
2011/12/27 06,134,4439
2011/12/27 07,131,6138
2011/12/27 08,113,3729
2011/12/27 09,96,3378
2011/12/27 10,85,3278
2011/12/27 11,63,2341
2011/12/27 12,22,404
2011/12/27 13,19,477
2011/12/27 14,25,520
2011/12/27 15,26,802
2011/12/27 16,35,972
2011/12/27 17,47,1895
2011/12/27 18,59,2927
2011/12/27 19,95,4010
2011/12/27 20,147,2663
2011/12/27 21,183,3436
2011/12/27 22,173,4314
2011/12/27 23,167,4000
2011/12/28 00,160,3225
2011/12/28 01,168,3039
2011/12/28 02,151,2863
2011/12/28 03,154,2578
2011/12/28 04,143,3641
2011/12/28 05,145,4344
2011/12/28 06,136,4191
2011/12/28 07,132,3508
2011/12/28 08,111,3727
2011/12/28 09,100,3341
2011/12/28 10,76,2661
2011/12/28 11,69,2362
2011/12/28 12,67,2921
2011/12/28 13,69,2332
2011/12/28 14,71,1007
2011/12/28 15,93,1790
2011/12/28 16,100,1736
2011/12/28 17,92,1302
2011/12/28 18,111,2159
2011/12/28 19,120,2107
2011/12/28 20,121,2178
2011/12/28 21,127,3683
2011/12/28 22,133,4075
2011/12/28 23,142,4769
2011/12/29 00,143,4899
2011/12/29 01,145,4589
2011/12/29 02,147,5231
2011/12/29 03,147,3831
2011/12/29 04,152,5253
2011/12/29 05,143,4677
2011/12/29 06,121,4536
2011/12/29 07,120,4451
2011/12/29 08,102,4099
2011/12/29 09,96,4238
2011/12/29 10,84,4002
2011/12/29 11,69,1482
2011/12/29 12,73,1419
2011/12/29 13,74,1473
2011/12/29 14,72,1494
2011/12/29 15,66,1283
2011/12/29 16,65,1252
2011/12/29 17,61,1219
2011/12/29 18,88,1636
2011/12/29 19,111,2271
2011/12/29 20,118,2699
2011/12/29 21,129,3753
2011/12/29 22,134,4058
2011/12/29 23,135,4014
2011/12/30 00,124,4448
2011/12/30 01,133,5443
2011/12/30 02,133,2791
2011/12/30 03,146,3059
2011/12/30 04,141,4810
2011/12/30 05,139,4183
2011/12/30 06,128,3661
2011/12/30 07,115,3866
2011/12/30 08,103,4480
2011/12/30 09,100,3903
2011/12/30 10,79,2672
2011/12/30 11,74,1595
2011/12/30 12,75,1587
2011/12/30 13,68,1279
2011/12/30 14,64,1362
2011/12/30 15,73,1638
2011/12/30 16,83,1840
2011/12/30 17,84,1927
2011/12/30 18,87,1875
2011/12/30 19,114,2789
2011/12/30 20,125,2873
2011/12/30 21,128,2859
2011/12/30 22,147,4676
2011/12/30 23,144,4445
2011/12/31 00,142,5082
2011/12/31 01,134,4974
2011/12/31 02,128,4645
2011/12/31 03,135,4563
2011/12/31 04,146,5019
2011/12/31 05,133,4463
2011/12/31 06,122,4185
2011/12/31 07,128,3413
2011/12/31 08,117,3233
2011/12/31 09,108,3596
2011/12/31 10,88,3974
2011/12/31 11,74,1640
2011/12/31 12,61,1577
2011/12/31 13,64,1472
2011/12/31 14,67,1946
2011/12/31 15,75,2237
2011/12/31 16,78,1923
2011/12/31 17,85,2584
2011/12/31 18,83,2552
2011/12/31 19,92,2610
2011/12/31 20,104,2538
2011/12/31 21,106,2600
2011/12/31 22,105,3421
2011/12/31 23,108,3358
2012/01/01 00,109,3328
2012/01/01 01,107,4224
2012/01/01 02,114,3705
2012/01/01 03,112,4542
2012/01/01 04,109,3815
2012/01/01 05,104,2701
2012/01/01 06,113,2632
2012/01/01 07,88,1647
2012/01/01 08,75,1723
2012/01/01 09,80,2511
2012/01/01 10,73,1056
2012/01/01 11,65,1035
2012/01/01 12,56,1059
2012/01/01 13,52,957
2012/01/01 14,59,1153
2012/01/01 15,69,1096
2012/01/01 16,76,1347
2012/01/01 17,87,1700
2012/01/01 18,92,1894
2012/01/01 19,103,2382
2012/01/01 20,109,2372
2012/01/01 21,132,3600
2012/01/01 22,126,3692
2012/01/01 23,136,4865
2012/01/02 00,135,4841
2012/01/02 01,126,4644
2012/01/02 02,137,5866
2012/01/02 03,139,4571
2012/01/02 04,141,4338
2012/01/02 05,149,4277
2012/01/02 06,146,4618
2012/01/02 07,139,3830
2012/01/02 08,117,4183
2012/01/02 09,102,3312
2012/01/02 10,92,3439
2012/01/02 11,80,2588
2012/01/02 12,63,1886
2012/01/02 13,58,1421
2012/01/02 14,64,1482
2012/01/02 15,64,1615
2012/01/02 16,73,2181
2012/01/02 17,78,2046
2012/01/02 18,100,2359
2012/01/02 19,109,2640
2012/01/02 20,129,2769
2012/01/02 21,136,2773
2012/01/02 22,150,7119
2012/01/02 23,154,4402
2012/01/03 00,138,4217
2012/01/03 01,132,4472
2012/01/03 02,147,5189
2012/01/03 03,149,6239
2012/01/03 04,159,7407
2012/01/03 05,136,5633
2012/01/03 06,123,5132
2012/01/03 07,112,5002
2012/01/03 08,100,3847
2012/01/03 09,85,3379
2012/01/03 10,69,2199
2012/01/03 11,65,2233
2012/01/03 12,59,1955
2012/01/03 13,61,1502
2012/01/03 14,63,1517
2012/01/03 15,64,1526
2012/01/03 16,69,1353
2012/01/03 17,78,3269
2012/01/03 18,90,2962
2012/01/03 19,91,3373
2012/01/03 20,110,3738
2012/01/03 21,122,4425
2012/01/03 22,129,4183
2012/01/03 23,134,4477
2012/01/04 00,140,3927
2012/01/04 01,127,4399
2012/01/04 02,145,5246
2012/01/04 03,150,4794
2012/01/04 04,142,3567
2012/01/04 05,139,2869
2012/01/04 06,120,2880
2012/01/04 07,121,2197
2012/01/04 08,104,1629
2012/01/04 09,79,1585
2012/01/04 10,27,653
2012/01/04 11,22,504
2012/01/04 12,41,825
2012/01/04 13,46,1286
2012/01/04 14,50,1088
2012/01/04 15,51,1069
2012/01/04 16,70,1592
2012/01/04 17,86,1981
2012/01/04 18,90,1811
2012/01/04 19,109,2040
2012/01/04 20,104,2250
2012/01/04 21,131,4674
2012/01/04 22,133,2659
2012/01/04 23,145,3370
2012/01/05 00,141,3042
2012/01/05 01,143,3033
2012/01/05 02,136,4113
2012/01/05 03,147,3755
2012/01/05 04,133,5301
2012/01/05 05,126,5560
2012/01/05 06,119,4312
2012/01/05 07,110,4385
2012/01/05 08,105,4216
2012/01/05 09,98,3430
2012/01/05 10,75,4041
2012/01/05 11,30,2451
2012/01/05 12,42,1222
2012/01/05 13,45,1295
2012/01/05 14,57,1012
2012/01/05 15,66,935
2012/01/05 16,63,936
2012/01/05 17,79,1493
2012/01/05 18,86,2381
2012/01/05 19,98,2779
2012/01/05 20,103,3181
2012/01/05 21,119,2583
2012/01/05 22,142,7099
2012/01/05 23,147,2765
2012/01/06 00,129,3199
2012/01/06 01,131,5244
2012/01/06 02,146,7013
2012/01/06 03,142,5883
2012/01/06 04,139,4235
2012/01/06 05,136,3833
2012/01/06 06,128,4928
2012/01/06 07,102,4000
2012/01/06 08,94,3367
2012/01/06 09,82,2922
2012/01/06 10,34,595
2012/01/06 11,29,678
2012/01/06 12,27,860
2012/01/06 13,66,799
2012/01/06 14,77,1061
2012/01/06 15,69,2252
2012/01/06 16,76,1023
2012/01/06 17,85,1417
2012/01/06 18,89,1350
2012/01/06 19,99,2121
2012/01/06 20,119,2284
2012/01/06 21,122,2506
2012/01/06 22,128,5898
2012/01/06 23,119,3907
2012/01/07 00,118,3913
2012/01/07 01,121,5382
2012/01/07 02,136,4812
2012/01/07 03,122,3510
2012/01/07 04,114,4925
2012/01/07 05,119,3696
2012/01/07 06,112,5223
2012/01/07 07,110,3865
2012/01/07 08,97,3527
2012/01/07 09,94,3525
2012/01/07 10,79,1757
2012/01/07 11,74,1609
2012/01/07 12,75,1513
2012/01/07 13,74,1253
2012/01/07 14,68,1491
2012/01/07 15,70,954
2012/01/07 16,71,1145
2012/01/07 17,83,1467
2012/01/07 18,90,1652
2012/01/07 19,91,1720
2012/01/07 20,95,1633
2012/01/07 21,116,2143
2012/01/07 22,133,3548
2012/01/07 23,124,4184
2012/01/08 00,133,3857
2012/01/08 01,116,4593
2012/01/08 02,118,3631
2012/01/08 03,112,3378
2012/01/08 04,113,3278
2012/01/08 05,107,3031
2012/01/08 06,115,3568
2012/01/08 07,101,2686
2012/01/08 08,99,2537
2012/01/08 09,100,2627
2012/01/08 10,98,2233
2012/01/08 11,88,2357
2012/01/08 12,73,880
2012/01/08 13,70,1060
2012/01/08 14,63,952
2012/01/08 15,62,1074
2012/01/08 16,69,935
2012/01/08 17,75,1163
2012/01/08 18,93,1181
2012/01/08 19,102,1160
2012/01/08 20,110,1911
2012/01/08 21,116,2005
2012/01/08 22,122,2098
2012/01/08 23,126,2995
2012/01/09 00,116,2996
2012/01/09 01,125,3340
2012/01/09 02,112,2967
2012/01/09 03,124,3912
2012/01/09 04,122,3709
2012/01/09 05,116,4350
2012/01/09 06,99,3439
2012/01/09 07,102,3074
2012/01/09 08,94,2974
2012/01/09 09,81,3322
2012/01/09 10,67,2963
2012/01/09 11,35,764
2012/01/09 12,44,1106
2012/01/09 13,47,1009
2012/01/09 14,47,790
2012/01/09 15,36,561
