2011/10/10 12,1,0
2011/10/11 02,1,3
2011/10/11 03,1,4
2011/10/11 04,1,5
2011/10/11 05,1,3
2011/10/11 06,1,3
2011/10/11 07,1,2
2011/10/20 04,1,5
2011/10/20 05,1,0
2011/12/03 19,1,1
2011/12/05 19,1,1
2011/12/05 20,1,1
2011/12/09 16,1,2
2011/12/11 17,1,1
2011/12/14 18,1,2
2011/12/21 11,1,1
2011/12/21 12,1,1
2011/12/22 01,1,3
2011/12/22 21,1,1
2011/12/23 21,1,331
2011/12/23 22,1,409
2011/12/23 23,1,469
2011/12/26 10,1,0
2011/12/26 11,1,0
2011/12/27 21,1,1
2011/12/27 22,1,1
2011/12/27 23,1,1
2011/12/28 10,1,1
