2011/10/01 02,1,2
2011/10/01 03,1,4
2011/10/01 04,1,6
2011/10/01 05,1,7
2011/10/01 06,1,3
2011/10/01 15,1,4
2011/10/01 16,1,4
2011/10/01 20,1,47
2011/10/01 21,1,133
2011/10/01 22,1,124
2011/10/01 23,1,121
2011/10/02 00,2,115
2011/10/02 01,1,6
2011/10/02 02,1,6
2011/10/02 03,1,5
2011/10/02 04,1,4
2011/10/02 07,1,1
2011/10/02 08,1,0
2011/10/02 09,1,0
2011/10/03 00,1,4
2011/10/03 01,1,9
2011/10/03 02,2,16
2011/10/03 03,2,14
2011/10/03 04,2,7
2011/10/03 05,1,5
2011/10/04 03,1,3
2011/10/04 04,1,4
2011/10/04 05,1,5
2011/10/04 06,1,4
2011/10/05 02,1,8
2011/10/05 03,1,7
2011/10/05 04,1,6
2011/10/05 15,1,50
2011/10/05 16,1,95
2011/10/05 17,1,102
2011/10/05 23,1,4
2011/10/06 00,1,5
2011/10/06 01,1,6
2011/10/06 02,1,5
2011/10/06 03,1,5
2011/10/06 04,1,4
2011/10/06 05,2,7
2011/10/07 19,1,3
2011/10/07 20,1,2
2011/10/07 21,1,2
2011/10/07 22,1,0
2011/10/07 23,1,0
2011/10/08 00,2,7
2011/10/08 01,2,5
2011/10/08 02,2,5
2011/10/08 03,1,0
2011/10/08 14,1,1
2011/10/08 19,1,2
2011/10/08 20,1,3
2011/10/08 21,1,3
2011/10/08 22,1,3
2011/10/08 23,2,8
2011/10/09 00,1,9
2011/10/09 01,1,10
2011/10/09 03,1,3
2011/10/09 04,1,1
2011/10/09 11,1,2
2011/10/09 12,1,3
2011/10/09 13,1,3
2011/10/10 04,1,1
2011/10/12 01,1,7
2011/10/12 02,1,7
2011/10/12 03,1,9
2011/10/12 17,1,12
2011/10/12 18,1,84
2011/10/12 19,1,116
2011/10/12 20,1,110
2011/10/13 00,1,10
2011/10/13 01,1,19
2011/10/13 02,1,20
2011/10/13 03,1,19
2011/10/14 02,1,5
2011/10/14 03,1,4
2011/10/14 07,1,27
2011/10/14 08,1,37
2011/10/14 09,1,49
2011/10/14 10,1,47
2011/10/14 11,1,37
2011/10/15 02,1,6
2011/10/15 03,1,12
2011/10/15 04,1,11
2011/10/15 05,1,9
2011/10/15 07,1,43
2011/10/15 08,1,41
2011/10/15 09,1,54
2011/10/15 10,1,49
2011/10/15 11,1,44
2011/10/15 12,1,13
2011/10/15 13,1,12
2011/10/16 05,1,7
2011/10/16 06,1,8
2011/10/16 07,1,9
2011/10/16 21,1,12
2011/10/16 22,1,12
2011/10/17 02,1,4
2011/10/17 03,1,3
2011/10/17 07,1,53
2011/10/17 08,1,98
2011/10/17 09,1,112
2011/10/17 10,1,108
2011/10/17 11,1,94
2011/10/17 22,1,103
2011/10/17 23,1,118
2011/10/18 06,1,8
2011/10/18 07,2,42
2011/10/18 08,2,76
2011/10/18 09,1,87
2011/10/18 10,2,110
2011/10/18 11,1,109
2011/10/18 23,1,1
2011/10/19 00,1,1
2011/10/19 01,1,2
2011/10/19 02,1,0
2011/10/19 03,1,1
2011/10/19 07,1,45
2011/10/19 09,1,7
2011/10/19 10,1,7
2011/10/19 11,1,9
2011/10/19 12,1,12
2011/10/19 13,1,11
2011/10/19 14,1,8
2011/10/20 09,1,8
2011/10/20 10,1,11
2011/10/20 11,1,12
2011/10/20 12,1,9
2011/10/20 15,1,0
2011/10/20 22,1,4
2011/10/20 23,1,3
2011/10/21 04,1,3
2011/10/21 05,1,4
2011/10/21 07,1,28
2011/10/21 08,1,55
2011/10/21 09,1,76
2011/10/21 10,1,58
2011/10/21 11,1,47
2011/10/21 17,2,14
2011/10/21 18,2,16
2011/10/21 19,2,13
2011/10/21 20,1,7
2011/10/21 21,1,7
2011/10/21 22,1,7
2011/10/22 02,1,4
2011/10/22 03,2,12
2011/10/22 04,1,10
2011/10/22 07,1,48
2011/10/22 08,1,88
2011/10/22 09,1,112
2011/10/22 10,1,88
2011/10/22 13,1,1
2011/10/22 14,1,1
2011/10/22 18,1,1
2011/10/22 19,1,10
2011/10/22 20,1,18
2011/10/22 21,1,26
2011/10/22 22,1,24
2011/10/22 23,1,3
2011/10/23 00,2,12
2011/10/23 01,2,9
2011/10/23 02,1,3
2011/10/23 03,1,2
2011/10/23 04,3,5
2011/10/23 05,3,7
2011/10/23 06,2,5
2011/10/23 07,1,1
2011/10/23 11,1,14
2011/10/23 12,2,16
2011/10/23 13,2,13
2011/10/23 14,1,11
2011/10/23 15,1,11
2011/10/23 16,2,19
2011/10/23 17,1,8
2011/10/23 18,1,3
2011/10/23 19,2,9
2011/10/23 20,2,11
2011/10/23 21,1,27
2011/10/23 22,1,30
2011/10/23 23,1,45
2011/10/24 00,3,31
2011/10/24 01,3,13
2011/10/24 02,3,19
2011/10/24 03,3,38
2011/10/24 04,3,37
2011/10/24 05,1,3
2011/10/24 06,1,3
2011/10/24 07,1,9
2011/10/24 08,1,37
2011/10/24 09,1,34
2011/10/24 10,2,35
2011/10/24 11,2,35
2011/10/24 12,1,3
2011/10/24 16,1,28
2011/10/24 17,2,121
2011/10/24 18,2,134
2011/10/24 19,2,131
2011/10/24 20,1,19
2011/10/24 21,1,19
2011/10/25 00,1,4
2011/10/25 01,1,9
2011/10/25 02,2,8
2011/10/25 03,2,6
2011/10/25 04,2,8
2011/10/25 05,1,3
2011/10/25 11,1,0
2011/10/25 12,1,2
2011/10/25 13,1,3
2011/10/25 17,1,2
2011/10/25 18,1,4
2011/10/25 19,1,3
2011/10/25 20,1,4
2011/10/26 01,1,1
2011/10/26 02,1,1
2011/10/26 03,1,0
2011/10/26 10,2,25
2011/10/26 11,2,25
2011/10/26 12,1,6
2011/10/26 13,1,4
2011/10/26 14,1,2
2011/10/26 15,1,1
2011/10/26 16,1,1
2011/10/27 00,1,3
2011/10/27 01,1,3
2011/10/27 02,1,2
2011/10/27 03,2,13
2011/10/27 04,1,3
2011/10/27 05,2,15
2011/10/27 06,2,19
2011/10/27 07,2,62
2011/10/27 08,2,112
2011/10/27 09,1,127
2011/10/27 10,2,116
2011/10/27 11,2,82
2011/10/27 12,1,2
2011/10/27 13,1,2
2011/10/27 16,1,2
2011/10/27 17,1,0
2011/10/27 18,2,10
2011/10/28 00,2,9
2011/10/28 01,1,2
2011/10/28 02,3,38
2011/10/28 03,3,40
2011/10/28 04,2,31
2011/10/28 05,2,31
2011/10/28 06,2,25
2011/10/28 07,1,16
2011/10/28 08,1,0
2011/10/28 09,1,2
2011/10/28 10,1,6
2011/10/28 11,1,9
2011/10/29 01,2,1
2011/10/29 02,2,8
2011/10/29 03,2,5
2011/10/29 04,1,3
2011/10/29 05,1,4
2011/10/29 06,1,4
2011/10/29 07,1,3
2011/10/29 08,1,2
2011/10/29 16,1,7
2011/10/29 17,1,9
2011/10/29 18,1,10
2011/10/29 19,1,8
2011/10/29 20,1,7
2011/10/30 02,1,4
2011/10/30 03,1,5
2011/10/30 05,2,6
2011/10/30 06,3,11
2011/10/30 07,4,62
2011/10/30 08,4,67
2011/10/30 09,3,65
2011/10/30 10,1,56
2011/10/30 11,1,47
2011/10/31 01,1,4
2011/10/31 02,1,4
2011/10/31 03,1,1
2011/10/31 04,1,2
2011/10/31 05,1,2
2011/10/31 06,1,2
2011/10/31 07,1,2
2011/10/31 08,1,2
2011/10/31 09,1,4
2011/11/01 01,1,22
2011/11/01 02,1,30
2011/11/01 03,1,26
2011/11/01 04,2,28
2011/11/01 05,2,27
2011/11/01 06,2,28
2011/11/01 07,3,71
2011/11/01 08,2,56
2011/11/01 09,2,58
2011/11/01 10,1,61
2011/11/01 11,1,52
2011/11/03 19,1,9
2011/11/03 20,1,6
2011/11/03 21,1,7
2011/11/03 22,1,25
2011/11/03 23,1,9
2011/11/04 07,1,22
2011/11/04 08,1,36
2011/11/04 09,1,46
2011/11/04 10,1,36
2011/11/04 13,1,1
2011/11/04 15,1,4
2011/11/04 16,1,8
2011/11/04 17,1,7
2011/11/04 18,1,0
2011/11/04 19,1,0
2011/11/05 07,1,0
2011/11/06 00,1,11
2011/11/06 01,1,15
2011/11/06 02,1,14
2011/11/06 03,1,8
2011/11/06 08,1,11
2011/11/06 09,1,20
2011/11/06 10,1,22
2011/11/06 11,1,17
2011/11/06 14,1,5
2011/11/06 15,1,6
2011/11/06 16,3,30
2011/11/06 17,3,39
2011/11/06 18,1,1
2011/11/06 19,1,2
2011/11/07 08,1,17
2011/11/07 09,1,24
2011/11/07 10,1,27
2011/11/07 14,1,4
2011/11/07 16,1,19
2011/11/07 17,1,45
2011/11/07 18,2,62
2011/11/07 19,2,74
2011/11/07 20,1,70
2011/11/07 21,1,59
2011/11/07 22,1,55
2011/11/07 23,1,59
2011/11/08 06,1,40
2011/11/08 07,1,40
2011/11/08 13,1,1
2011/11/08 14,1,3
2011/11/08 18,1,1
2011/11/08 19,1,2
2011/11/08 20,1,2
2011/11/08 21,1,2
2011/11/08 22,1,2
2011/11/09 00,1,3
2011/11/09 09,2,36
2011/11/09 10,2,39
2011/11/09 11,2,38
2011/11/09 12,2,38
2011/11/10 02,1,0
2011/11/10 03,1,18
2011/11/10 04,1,20
2011/11/10 09,1,0
2011/11/10 10,1,29
2011/11/10 11,1,47
2011/11/10 12,1,43
2011/11/10 13,1,35
2011/11/11 01,1,13
2011/11/11 02,1,12
2011/11/11 03,1,10
2011/11/11 09,1,4
2011/11/11 10,1,4
2011/11/11 19,1,1
2011/11/11 20,1,4
2011/11/11 21,1,3
2011/11/12 16,1,29
2011/11/12 17,1,29
2011/11/12 18,1,33
2011/11/12 19,1,40
2011/11/12 20,1,56
2011/11/12 21,2,94
2011/11/12 22,2,106
2011/11/12 23,2,114
2011/11/13 00,2,111
2011/11/13 01,1,51
2011/11/13 07,2,7
2011/11/13 08,1,25
2011/11/13 12,1,20
2011/11/13 13,1,40
2011/11/13 14,1,49
2011/11/13 15,1,52
2011/11/13 16,1,49
2011/11/13 17,1,51
2011/11/13 18,1,65
2011/11/13 19,1,60
2011/11/15 00,1,3
2011/11/15 01,1,2
2011/11/15 15,1,10
2011/11/15 16,1,12
2011/11/15 17,1,15
2011/11/15 18,1,12
2011/11/15 19,1,4
2011/11/15 20,1,8
2011/11/15 21,1,13
2011/11/15 22,1,8
2011/11/15 23,1,7
2011/11/16 00,2,7
2011/11/16 01,2,4
2011/11/16 02,2,4
2011/11/16 03,1,1
2011/11/17 01,1,2
2011/11/17 02,1,2
2011/11/17 03,1,1
2011/11/18 01,1,2
2011/11/18 02,2,18
2011/11/18 03,2,27
2011/11/18 04,2,31
2011/11/18 05,1,26
2011/11/18 06,1,22
2011/11/18 07,1,20
2011/11/18 08,1,22
2011/11/19 07,1,10
2011/11/19 08,1,13
2011/11/19 09,1,15
2011/11/20 00,1,6
2011/11/20 01,1,9
2011/11/20 02,1,7
2011/11/20 19,1,21
2011/11/21 02,1,1
2011/11/21 03,2,1
2011/11/21 04,1,4
2011/11/21 05,1,6
2011/11/21 06,1,5
2011/11/21 07,1,4
2011/11/22 18,1,46
2011/11/23 05,1,5
2011/11/23 06,1,10
2011/11/23 07,1,12
2011/11/23 08,1,12
2011/11/23 09,1,10
2011/11/23 17,1,13
2011/11/23 18,1,8
2011/11/24 04,1,1
2011/11/24 05,1,3
2011/11/24 06,2,4
2011/11/24 07,1,2
2011/11/24 22,1,1
2011/11/25 00,1,3
2011/11/25 01,1,2
2011/11/25 02,1,2
2011/11/25 03,1,2
2011/11/25 04,1,2
2011/11/25 13,1,2
2011/11/25 14,1,3
2011/11/25 15,1,2
2011/11/26 03,1,2
2011/11/26 04,1,1
2011/11/26 06,1,2
2011/11/26 07,1,4
2011/11/26 08,1,4
2011/11/26 12,1,3
2011/11/26 13,1,4
2011/11/26 14,1,4
2011/11/26 15,1,2
2011/11/27 05,1,3
2011/11/27 06,1,2
2011/11/27 07,2,7
2011/11/27 08,1,2
2011/11/28 05,2,16
2011/11/28 06,2,16
2011/11/28 07,1,5
2011/11/28 08,1,7
2011/11/28 09,1,6
2011/11/29 06,1,1
2011/11/29 07,1,10
2011/11/29 08,1,14
2011/12/01 04,1,2
2011/12/01 05,1,2
2011/12/01 06,1,2
2011/12/02 09,1,5
2011/12/02 10,1,6
2011/12/03 17,1,22
2011/12/03 18,1,29
2011/12/03 19,1,21
2011/12/03 20,1,17
2011/12/03 21,1,7
2011/12/04 00,1,2
2011/12/04 01,1,2
2011/12/04 02,1,2
2011/12/04 03,2,5
2011/12/04 04,1,1
2011/12/04 05,1,14
2011/12/04 06,1,30
2011/12/04 07,1,23
2011/12/04 08,1,18
2011/12/04 09,1,13
2011/12/04 14,1,2
2011/12/05 00,1,0
2011/12/05 01,1,2
2011/12/05 02,1,4
2011/12/05 03,1,4
2011/12/06 01,1,1
2011/12/06 02,1,2
2011/12/06 19,1,49
2011/12/06 20,1,26
2011/12/06 21,1,22
2011/12/07 17,1,6
2011/12/07 18,1,7
2011/12/07 19,1,7
2011/12/08 13,1,6
2011/12/08 14,1,19
2011/12/08 15,1,60
2011/12/08 16,1,65
2011/12/08 17,1,52
2011/12/08 18,1,37
2011/12/08 19,2,3
2011/12/08 20,1,2
2011/12/08 21,2,13
2011/12/08 22,2,15
2011/12/08 23,1,11
2011/12/09 17,2,5
2011/12/09 18,2,166
2011/12/09 19,2,42
2011/12/09 20,2,46
2011/12/09 21,1,33
2011/12/10 14,1,10
2011/12/10 15,1,12
2011/12/10 16,1,11
2011/12/10 17,1,7
2011/12/10 18,1,9
2011/12/10 19,1,12
2011/12/10 20,1,14
2011/12/10 21,1,11
2011/12/11 16,1,7
2011/12/11 17,1,8
2011/12/11 18,2,7
2011/12/11 19,2,11
2011/12/11 20,2,11
2011/12/11 21,2,12
2011/12/12 01,1,1
2011/12/12 02,1,3
2011/12/12 03,1,1
2011/12/12 13,1,1
2011/12/12 16,1,5
2011/12/12 17,1,5
2011/12/12 18,1,7
2011/12/12 19,1,6
2011/12/12 21,1,2
2011/12/12 22,1,3
2011/12/12 23,1,2
2011/12/13 00,1,0
2011/12/13 01,1,1
2011/12/13 03,1,2
2011/12/13 04,1,1
2011/12/14 23,1,1
2011/12/15 00,1,2
2011/12/15 01,1,1
2011/12/15 02,1,1
2011/12/15 19,1,1
2011/12/15 20,1,1
2011/12/16 02,1,0
2011/12/17 12,1,12
2011/12/17 13,1,17
2011/12/17 14,1,16
2011/12/17 15,1,16
2011/12/17 16,1,6
2011/12/17 19,1,2
2011/12/17 21,1,1
2011/12/18 22,1,7
2011/12/18 23,1,11
2011/12/22 01,1,0
2011/12/22 02,1,1
2011/12/22 08,1,0
2011/12/22 12,1,0
2011/12/22 13,1,0
2011/12/22 16,1,2
2011/12/22 23,1,2
2011/12/23 00,1,2
2011/12/23 05,1,5
2011/12/23 06,1,10
2011/12/23 07,1,10
2011/12/23 08,1,6
2011/12/23 09,1,6
2011/12/23 10,1,3
2011/12/23 12,1,2
2011/12/23 13,1,3
2011/12/23 14,1,3
2011/12/23 17,1,2
2011/12/23 18,1,1
2011/12/24 10,1,48
2011/12/24 11,2,54
2011/12/24 12,2,53
2011/12/24 13,1,4
2011/12/24 21,1,1
2011/12/24 22,1,1
2011/12/25 02,1,7
2011/12/25 03,1,9
2011/12/25 04,1,8
2011/12/25 05,1,5
2011/12/25 12,1,1
2011/12/25 15,1,4
2011/12/25 16,1,4
2011/12/25 17,1,6
2011/12/25 18,1,6
2011/12/25 20,1,2
2011/12/25 22,2,7
2011/12/25 23,3,11
2011/12/26 00,2,14
2011/12/26 01,2,14
2011/12/26 02,1,13
2011/12/26 20,1,1
2011/12/26 21,1,3
2011/12/26 22,2,4
2011/12/26 23,3,14
2011/12/27 00,3,14
2011/12/27 01,1,9
2011/12/27 02,1,1
2011/12/27 07,1,2
2011/12/27 08,1,2
2011/12/27 16,1,1
2011/12/27 17,1,2
2011/12/27 18,1,2
2011/12/27 19,1,2
2011/12/27 20,1,5
2011/12/27 21,2,16
2011/12/27 22,1,1
2011/12/27 23,2,12
2011/12/28 00,2,16
2011/12/28 01,2,16
2011/12/28 02,2,15
2011/12/28 04,1,58
2011/12/28 18,1,146
2011/12/28 19,1,201
2011/12/28 20,1,9
2011/12/28 21,1,9
2011/12/28 22,1,9
2011/12/28 23,2,28
2011/12/29 00,1,6
2011/12/29 01,1,4
2011/12/29 04,1,26
2011/12/29 08,1,18
2011/12/29 09,1,19
2011/12/29 10,1,19
2011/12/29 12,1,1
2011/12/29 13,3,4
2011/12/29 17,1,125
2011/12/29 18,1,135
2011/12/29 19,1,320
2011/12/29 20,1,243
2011/12/29 21,3,109
2011/12/29 22,3,74
2011/12/29 23,2,18
2011/12/30 00,2,7
2011/12/30 01,1,1
2011/12/30 02,2,8
2011/12/30 03,1,6
2011/12/30 05,1,11
2011/12/30 06,1,11
2011/12/30 07,1,13
2011/12/30 08,1,16
2011/12/30 14,1,26
2011/12/30 15,1,46
2011/12/30 21,1,2
2011/12/30 22,1,2
2012/01/01 03,1,4
2012/01/01 04,1,5
2012/01/01 19,1,3
2012/01/01 20,1,2
2012/01/02 04,2,32
2012/01/02 05,1,22
2012/01/02 18,1,24
2012/01/02 19,1,37
2012/01/02 20,1,66
2012/01/02 21,1,44
2012/01/02 22,1,19
2012/01/03 03,1,1
2012/01/04 00,1,1
2012/01/04 01,1,1
2012/01/04 05,1,0
2012/01/04 06,1,2
2012/01/04 07,1,2
2012/01/04 18,1,1
2012/01/04 19,1,2
2012/01/04 20,1,1
2012/01/05 18,1,6
2012/01/05 19,1,5
2012/01/05 20,1,6
2012/01/05 21,1,6
2012/01/05 22,1,17
2012/01/05 23,1,10
2012/01/06 00,1,9
2012/01/06 01,1,9
2012/01/06 02,1,6
2012/01/06 03,1,4
2012/01/06 21,2,9
2012/01/06 22,2,10
2012/01/06 23,1,7
2012/01/07 00,1,8
2012/01/07 01,1,8
2012/01/07 02,1,7
2012/01/07 03,1,6
2012/01/07 04,1,5
2012/01/07 20,2,8
2012/01/07 21,2,6
2012/01/07 22,2,7
2012/01/08 01,1,6
2012/01/08 02,2,14
2012/01/08 03,2,14
2012/01/08 04,3,15
2012/01/08 05,1,9
2012/01/08 06,1,7
2012/01/08 07,1,6
2012/01/08 08,1,6
2012/01/08 09,1,6
2012/01/08 10,1,6
2012/01/08 11,1,6
2012/01/08 13,1,0
2012/01/08 14,2,3
2012/01/08 15,1,1
2012/01/08 21,1,9
2012/01/08 22,1,10
2012/01/08 23,1,12
2012/01/09 00,1,11
2012/01/09 01,1,10
2012/01/09 02,1,9
2012/01/09 03,1,11
2012/01/09 04,1,12
2012/01/09 05,1,11
2012/01/09 06,1,9
