2011/09/30 22,1,2221
2011/09/30 23,2,2240
2011/10/01 16,1,3
2011/10/01 17,1,3
2011/10/01 18,1,3
2011/10/01 19,1,2
2011/10/02 01,1,1
2011/10/02 16,1,0
2011/10/02 17,1,0
2011/10/02 18,2,2
2011/10/02 19,1,0
2011/10/05 00,1,7
2011/10/05 01,1,10
2011/10/05 02,2,7
2011/10/05 16,2,4
2011/10/05 17,2,7
2011/10/05 18,2,7
2011/10/05 22,1,5
2011/10/05 23,2,5
2011/10/06 00,1,3
2011/10/06 01,1,5
2011/10/06 02,1,5
2011/10/06 03,1,1
2011/10/06 04,1,2
2011/10/06 15,1,1
2011/10/06 16,1,2
2011/10/06 18,1,5
2011/10/06 19,1,7
2011/10/06 20,1,7
2011/10/06 21,1,7
2011/10/06 22,1,6
2011/10/07 02,1,3
2011/10/07 03,1,4
2011/10/07 04,1,3
2011/10/07 13,1,0
2011/10/07 14,1,1
2011/10/08 02,1,5
2011/10/08 03,2,5
2011/10/08 04,1,3
2011/10/08 07,1,1
2011/10/08 20,1,1
2011/10/08 21,1,0
2011/10/08 23,2,11
2011/10/09 00,1,10
2011/10/09 01,1,9
2011/10/09 02,1,7
2011/10/09 21,1,2
2011/10/09 22,1,3
2011/10/09 23,1,2
2011/10/10 00,1,3
2011/10/10 01,1,3
2011/10/10 02,1,3
2011/10/11 02,1,51
2011/10/11 03,1,47
2011/10/12 18,1,1
2011/10/12 19,1,1
2011/10/13 03,1,2
2011/10/13 06,1,1
2011/10/13 23,1,2
2011/10/14 00,2,12
2011/10/14 01,2,16
2011/10/14 02,1,9
2011/10/14 03,2,16
2011/10/14 04,2,17
2011/10/14 05,1,9
2011/10/14 17,1,7
2011/10/14 18,1,6
2011/10/14 19,1,5
2011/10/15 03,1,1
2011/10/15 04,1,1
2011/10/15 19,1,16
2011/10/15 20,1,14
2011/10/15 21,1,16
2011/10/16 03,1,4
2011/10/16 21,1,2
2011/10/17 08,1,1
2011/10/18 06,1,2
2011/10/18 07,1,2
2011/10/18 08,1,1
2011/10/18 19,2,7
2011/10/18 20,2,14
2011/10/18 21,1,10
2011/10/19 09,2,2
2011/10/19 10,2,2
2011/10/19 11,2,3
2011/10/19 21,1,3
2011/10/19 22,1,3
2011/10/20 13,1,1
2011/10/20 14,1,1
2011/10/20 15,1,2
2011/10/20 21,1,1
2011/10/20 22,1,1
2011/10/21 10,1,8
2011/10/21 17,1,1
2011/10/21 18,1,1
2011/10/22 05,1,3
2011/10/22 06,1,8
2011/10/22 07,1,3
2011/10/23 17,1,0
2011/10/23 18,2,2
2011/10/23 19,1,3
2011/10/23 20,2,3
2011/10/24 20,1,1
2011/10/24 21,1,3
2011/10/24 22,1,5
2011/10/25 16,1,1
2011/10/25 20,1,1
2011/10/26 21,2,1
2011/10/26 22,1,11
2011/10/26 23,1,8
2011/10/27 00,1,6
2011/10/27 01,1,4
2011/10/27 02,1,2
2011/10/27 06,1,1
2011/10/28 00,1,4
2011/10/28 01,1,6
2011/10/28 02,1,1
2011/10/28 17,1,2
2011/10/28 18,1,1
2011/10/28 19,1,3
2011/10/28 20,1,23
2011/10/28 21,1,15
2011/10/29 01,1,2
2011/10/29 02,1,13
2011/10/29 03,1,17
2011/10/29 04,1,14
2011/10/30 20,1,1
2011/10/31 04,1,4
2011/10/31 05,1,3
2011/10/31 07,1,7
2011/10/31 08,1,7
2011/10/31 09,1,4
2011/10/31 10,1,6
2011/11/03 16,1,0
2011/11/03 17,1,0
2011/11/03 21,1,8
2011/11/03 22,1,5
2011/11/03 23,1,4
2011/11/04 00,1,5
2011/11/04 05,1,3
2011/11/04 07,1,6
2011/11/04 08,1,7
2011/11/04 09,1,5
2011/11/04 12,1,4
2011/11/04 13,1,4
2011/11/04 14,1,4
2011/11/04 16,1,0
2011/11/04 17,1,0
2011/11/05 17,1,1
2011/11/05 18,1,1
2011/11/05 19,1,1
2011/11/06 19,2,10
2011/11/06 20,2,10
2011/11/06 21,1,1
2011/11/06 22,1,1
2011/11/08 00,1,8
2011/11/08 01,1,9
2011/11/08 04,1,5
2011/11/08 05,1,6
2011/11/08 06,1,4
2011/11/08 08,1,4
2011/11/08 09,1,8
2011/11/09 10,1,3
2011/11/09 14,1,6
2011/11/09 15,1,8
2011/11/09 16,1,9
2011/11/10 10,1,0
2011/11/11 18,1,2
2011/11/11 19,1,1
2011/11/12 00,1,6
2011/11/12 01,1,6
2011/11/12 04,1,4
2011/11/12 05,1,1
2011/11/12 16,1,1
2011/11/13 03,1,1
2011/11/13 04,1,2
2011/11/13 05,1,3
2011/11/13 06,1,4
2011/11/13 07,1,2
2011/11/16 00,1,3
2011/11/16 01,1,6
2011/11/16 02,1,5
2011/11/20 04,1,4
2011/11/25 03,1,4
2011/11/25 04,1,3
2011/11/25 11,1,124
2011/11/25 12,1,200
2011/11/25 13,1,187
2011/11/25 14,1,177
2011/11/25 15,1,179
2011/11/27 02,2,8
2011/11/27 03,1,9
2011/11/27 04,1,10
2011/11/28 05,1,34
2011/11/28 18,1,2
2011/11/28 19,1,1
2011/11/29 05,1,2
2011/11/30 05,1,31
2011/11/30 06,1,29
2011/11/30 18,1,2
2011/11/30 19,1,2
2011/12/04 12,1,12
2011/12/04 13,1,12
2011/12/04 14,1,10
2011/12/05 14,1,18
2011/12/05 17,1,10
2011/12/05 18,1,18
2011/12/05 19,1,14
2011/12/05 20,1,9
2011/12/05 21,1,11
2011/12/05 22,1,12
2011/12/07 06,1,1
2011/12/07 07,1,1
2011/12/07 08,1,7
2011/12/07 20,1,1
2011/12/07 21,1,1
2011/12/08 01,1,2
2011/12/08 02,1,3
2011/12/09 00,1,2
2011/12/09 01,1,3
2011/12/09 02,1,2
2011/12/09 03,1,19
2011/12/09 04,1,28
2011/12/09 05,1,4
2011/12/09 22,1,0
2011/12/09 23,1,3
2011/12/10 00,1,3
2011/12/10 02,1,3
2011/12/10 04,1,5
2011/12/10 18,1,0
2011/12/10 19,1,0
2011/12/11 01,1,1
2011/12/11 02,1,1
2011/12/11 04,1,2
2011/12/11 05,1,3
2011/12/12 00,1,1
2011/12/12 01,1,1
2011/12/12 18,1,1
2011/12/12 19,1,1
2011/12/15 03,1,5
2011/12/15 04,1,19
2011/12/15 05,1,19
2011/12/15 23,1,8
2011/12/16 00,1,16
2011/12/16 01,1,15
2011/12/16 05,1,2
2011/12/16 06,1,4
2011/12/16 18,1,1
2011/12/16 19,1,2
2011/12/16 20,1,2
2011/12/18 02,1,10
2011/12/18 03,1,10
2011/12/18 04,1,11
2011/12/18 05,1,7
2011/12/18 06,1,6
2011/12/21 11,1,5
2011/12/22 05,1,1
2011/12/24 22,1,2
2011/12/24 23,1,3
2011/12/28 20,1,2
2011/12/28 22,1,1
2011/12/29 23,1,1
2011/12/30 01,1,1
2011/12/30 02,1,1
2011/12/30 03,1,1
2011/12/30 23,1,1
2011/12/31 00,1,2
2011/12/31 01,2,2
2012/01/01 01,1,1
2012/01/01 02,1,1
2012/01/01 03,1,2
2012/01/01 04,1,0
2012/01/01 17,1,1
2012/01/01 22,1,322
2012/01/01 23,1,390
2012/01/02 00,1,381
2012/01/02 01,1,324
2012/01/02 02,1,235
2012/01/02 03,1,208
2012/01/03 08,1,3
2012/01/05 21,1,3
2012/01/05 22,1,2
2012/01/06 03,1,2
2012/01/08 06,1,3
2012/01/08 07,1,2
