2011/09/30 22,4,21
2011/09/30 23,4,26
2011/10/01 00,4,8
2011/10/01 01,2,3
2011/10/01 02,1,1
2011/10/01 03,1,0
2011/10/01 05,1,4
2011/10/01 06,1,3
2011/10/01 07,2,9
2011/10/01 08,1,2
2011/10/01 11,1,1
2011/10/01 17,1,2
2011/10/01 18,4,11
2011/10/01 19,4,22
2011/10/01 20,4,20
2011/10/01 21,3,23
2011/10/01 22,4,22
2011/10/01 23,1,2
2011/10/02 02,1,9
2011/10/02 03,2,8
2011/10/02 04,1,3
2011/10/02 05,1,3
2011/10/02 15,2,28
2011/10/02 16,2,2
2011/10/02 17,1,2
2011/10/02 18,1,1
2011/10/02 19,1,1
2011/10/02 22,2,6
2011/10/02 23,1,10
2011/10/03 00,1,18
2011/10/03 04,2,5
2011/10/03 05,1,4
2011/10/03 06,1,3
2011/10/03 13,1,1
2011/10/03 14,2,5
2011/10/03 15,1,1
2011/10/03 17,1,2
2011/10/03 18,3,14
2011/10/03 19,1,2
2011/10/03 21,1,2
2011/10/03 22,2,5
2011/10/03 23,1,2
2011/10/04 01,1,1
2011/10/04 02,2,3
2011/10/04 03,2,4
2011/10/04 13,1,1
2011/10/04 14,1,6
2011/10/04 15,1,4
2011/10/04 18,1,1
2011/10/04 19,1,1
2011/10/04 20,2,3
2011/10/04 21,1,2
2011/10/04 22,1,1
2011/10/05 11,2,6
2011/10/05 12,2,7
2011/10/05 22,1,1
2011/10/05 23,1,3
2011/10/06 00,1,3
2011/10/06 01,2,11
2011/10/06 02,3,16
2011/10/06 03,2,12
2011/10/06 04,1,7
2011/10/06 08,1,2
2011/10/06 09,2,3
2011/10/06 10,1,9
2011/10/06 11,1,2
2011/10/06 14,1,2
2011/10/06 15,1,4
2011/10/06 17,1,8
2011/10/06 18,1,14
2011/10/06 19,2,14
2011/10/06 20,2,3
2011/10/06 21,1,1
2011/10/06 22,1,1
2011/10/06 23,2,9
2011/10/07 00,1,2
2011/10/07 01,1,1
2011/10/07 02,2,15
2011/10/07 03,1,14
2011/10/07 10,3,4
2011/10/07 11,3,4
2011/10/07 12,2,7
2011/10/07 13,2,12
2011/10/07 14,1,11
2011/10/07 16,1,2
2011/10/07 17,2,4
2011/10/07 18,2,10
2011/10/07 19,2,8
2011/10/07 20,2,4
2011/10/07 21,2,3
2011/10/07 22,2,2
2011/10/07 23,1,2
2011/10/08 00,1,2
2011/10/08 01,1,1
2011/10/08 02,2,22
2011/10/08 03,3,32
2011/10/08 04,1,27
2011/10/08 05,1,28
2011/10/08 06,2,20
2011/10/08 07,1,2
2011/10/08 12,1,84
2011/10/08 13,3,154
2011/10/08 14,1,73
2011/10/08 15,1,3
2011/10/08 16,1,2
2011/10/08 17,2,2
2011/10/08 18,4,13
2011/10/08 19,2,5
2011/10/08 20,1,4
2011/10/08 21,2,2
2011/10/08 22,3,7
2011/10/08 23,1,6
2011/10/09 01,1,2
2011/10/09 02,1,2
2011/10/09 03,1,3
2011/10/09 04,3,5
2011/10/09 05,3,9
2011/10/09 09,1,1
2011/10/09 10,1,2
2011/10/09 11,1,2
2011/10/09 12,2,3
2011/10/09 13,1,4
2011/10/09 14,1,4
2011/10/09 15,1,2
2011/10/09 16,1,3
2011/10/09 18,2,1069
2011/10/09 19,2,1252
2011/10/09 20,3,1356
2011/10/09 21,2,1348
2011/10/09 22,1,1247
2011/10/09 23,2,2
2011/10/10 00,1,0
2011/10/10 03,1,2
2011/10/10 04,1,4
2011/10/10 05,1,4
2011/10/10 06,1,3
2011/10/10 07,1,3
2011/10/10 08,1,2
2011/10/10 10,2,28
2011/10/10 11,2,443
2011/10/10 12,2,448
2011/10/10 13,1,1
2011/10/10 15,1,4
2011/10/10 16,1,1
2011/10/10 17,1,1
2011/10/10 21,2,4
2011/10/10 22,1,5
2011/10/11 00,1,3
2011/10/11 01,2,3
2011/10/11 02,1,1
2011/10/11 03,3,7
2011/10/11 04,2,6
2011/10/11 09,1,2
2011/10/11 11,1,2
2011/10/11 12,1,3
2011/10/11 13,1,4
2011/10/11 14,1,3
2011/10/11 17,1,6
2011/10/11 18,2,5
2011/10/11 19,1,1
2011/10/11 20,2,3
2011/10/11 21,1,0
2011/10/11 22,1,3
2011/10/11 23,1,4
2011/10/12 00,2,3
2011/10/12 01,2,6
2011/10/12 02,2,5
2011/10/12 03,1,4
2011/10/12 04,1,4
2011/10/12 06,1,1
2011/10/12 07,1,1
2011/10/12 13,1,2
2011/10/12 14,1,2
2011/10/12 15,1,1
2011/10/12 16,3,4
2011/10/12 18,1,0
2011/10/12 19,1,1
2011/10/12 21,1,7
2011/10/12 22,3,16
2011/10/12 23,4,19
2011/10/13 00,4,22
2011/10/13 01,5,20
2011/10/13 02,3,8
2011/10/13 04,1,1
2011/10/13 07,1,2
2011/10/13 08,1,6
2011/10/13 09,1,8
2011/10/13 13,1,5
2011/10/13 14,1,4
2011/10/13 15,2,4
2011/10/13 16,1,3
2011/10/13 17,3,16
2011/10/13 18,3,13
2011/10/13 19,1,2
2011/10/13 22,2,874
2011/10/13 23,2,966
2011/10/14 00,1,978
2011/10/14 01,2,1019
2011/10/14 02,2,1021
2011/10/14 03,1,1018
2011/10/14 05,2,5
2011/10/14 06,2,7
2011/10/14 07,2,9
2011/10/14 08,2,8
2011/10/14 09,2,4
2011/10/14 10,1,2
2011/10/14 13,2,3
2011/10/14 14,1,2
2011/10/14 15,1,1
2011/10/14 17,1,2
2011/10/14 18,1,2
2011/10/14 19,1,4
2011/10/14 20,3,11
2011/10/14 21,3,10
2011/10/14 22,3,15
2011/10/14 23,3,17
2011/10/15 00,4,33
2011/10/15 01,4,28
2011/10/15 02,5,141
2011/10/15 03,5,152
2011/10/15 04,5,172
2011/10/15 05,4,43
2011/10/15 06,3,41
2011/10/15 07,1,19
2011/10/15 08,2,588
2011/10/15 09,1,483
2011/10/15 10,1,443
2011/10/15 11,1,430
2011/10/15 12,1,426
2011/10/15 13,1,429
2011/10/15 14,1,477
2011/10/15 15,1,441
2011/10/15 16,1,391
2011/10/15 18,1,0
2011/10/15 21,1,1
2011/10/15 22,2,7
2011/10/15 23,2,21
2011/10/16 00,1,20
2011/10/16 01,2,22
2011/10/16 02,2,28
2011/10/16 03,3,29
2011/10/16 04,3,51
2011/10/16 05,3,59
2011/10/16 06,2,47
2011/10/16 07,1,40
2011/10/16 08,3,60
2011/10/16 09,3,45
2011/10/16 10,4,38
2011/10/16 11,2,34
2011/10/16 12,2,28
2011/10/16 13,1,7
2011/10/16 14,1,6
2011/10/16 15,5,1545
2011/10/16 16,3,1689
2011/10/16 17,4,1752
2011/10/16 18,4,1863
2011/10/16 19,6,1563
2011/10/16 20,6,1583
2011/10/16 21,3,1346
2011/10/16 22,3,45
2011/10/16 23,3,49
2011/10/17 00,3,27
2011/10/17 01,3,34
2011/10/17 02,3,41
2011/10/17 03,2,29
2011/10/17 04,3,25
2011/10/17 05,1,15
2011/10/17 06,1,6
2011/10/17 07,2,12
2011/10/17 08,2,11
2011/10/17 09,1,7
2011/10/17 10,1,4
2011/10/17 11,2,3
2011/10/17 12,1,1
2011/10/17 13,3,6
2011/10/17 14,1,6
2011/10/17 18,2,3
2011/10/17 19,1,4
2011/10/17 20,3,6
2011/10/17 21,1,1
2011/10/18 00,1,10
2011/10/18 01,2,37
2011/10/18 02,3,50
2011/10/18 03,2,60
2011/10/18 04,1,65
2011/10/18 05,1,62
2011/10/18 06,1,26
2011/10/18 15,2,8
2011/10/18 17,1,5
2011/10/18 18,1,2
2011/10/18 22,1,2
2011/10/19 04,2,27
2011/10/19 05,1,18
2011/10/19 06,1,6
2011/10/19 11,1,1
2011/10/19 12,1,3
2011/10/19 14,1,0
2011/10/19 17,1,24
2011/10/19 18,1,21
2011/10/19 20,1,4
2011/10/19 22,1,14
2011/10/20 00,1,0
2011/10/20 02,1,8
2011/10/20 03,2,13
2011/10/20 04,2,14
2011/10/20 06,1,9
2011/10/20 14,1,0
2011/10/20 15,1,2
2011/10/20 16,1,4
2011/10/20 17,1,3
2011/10/20 19,1,6
2011/10/20 21,1,1
2011/10/20 22,3,7
2011/10/20 23,2,4
2011/10/21 00,3,12
2011/10/21 01,1,3
2011/10/21 03,2,32
2011/10/21 04,4,55
2011/10/21 05,4,69
2011/10/21 06,2,7
2011/10/21 07,1,4
2011/10/21 09,1,6
2011/10/21 10,1,6
2011/10/21 11,1,4
2011/10/21 14,1,1
2011/10/21 15,1,2
2011/10/21 19,3,10
2011/10/21 20,3,14
2011/10/21 21,4,18
2011/10/21 22,4,12
2011/10/21 23,6,14
2011/10/22 00,4,11
2011/10/22 01,4,17
2011/10/22 02,7,49
2011/10/22 03,9,182
2011/10/22 04,7,164
2011/10/22 05,6,128
2011/10/22 06,5,69
2011/10/22 07,4,67
2011/10/22 08,4,79
2011/10/22 09,4,79
2011/10/22 10,4,75
2011/10/22 11,1,4
2011/10/22 12,3,10
2011/10/22 13,1,6
2011/10/22 14,2,4
2011/10/22 15,1,5
2011/10/22 16,3,30
2011/10/22 17,3,32
2011/10/22 19,4,21
2011/10/22 20,4,14
2011/10/22 21,4,15
2011/10/22 22,1,2
2011/10/23 00,3,44
2011/10/23 01,1,62
2011/10/23 02,4,65
2011/10/23 03,4,63
2011/10/23 04,5,1720
2011/10/23 05,4,1568
2011/10/23 06,3,965
2011/10/23 07,2,12
2011/10/23 08,1,10
2011/10/23 15,1,2
2011/10/23 16,1,2
2011/10/23 17,2,3
2011/10/23 18,1,1
2011/10/23 21,1,1
2011/10/23 22,1,3
2011/10/23 23,1,1
2011/10/24 00,1,1
2011/10/24 01,1,1
2011/10/24 02,1,1
2011/10/24 04,1,1
2011/10/24 05,2,9
2011/10/24 06,2,9
2011/10/24 07,1,2
2011/10/24 13,1,1
2011/10/24 14,2,5
2011/10/24 15,1,2
2011/10/24 16,2,8
2011/10/24 17,3,8
2011/10/24 18,3,10
2011/10/24 19,3,7
2011/10/24 20,3,5
2011/10/24 21,3,4
2011/10/24 22,3,7
2011/10/24 23,2,7
2011/10/25 00,2,9
2011/10/25 01,1,7
2011/10/25 02,2,7
2011/10/25 03,3,20
2011/10/25 04,2,11
2011/10/25 05,1,2
2011/10/25 06,1,3
2011/10/25 07,1,3
2011/10/25 08,1,1
2011/10/25 09,1,2
2011/10/25 10,1,2
2011/10/25 11,1,1
2011/10/25 16,1,1
2011/10/25 17,1,3
2011/10/25 18,1,2
2011/10/25 20,3,13
2011/10/25 21,2,12
2011/10/25 22,1,10
2011/10/25 23,2,11
2011/10/26 00,3,6
2011/10/26 01,3,25
2011/10/26 02,4,37
2011/10/26 03,3,42
2011/10/26 04,1,23
2011/10/26 05,1,15
2011/10/26 06,2,2
2011/10/26 07,1,9
2011/10/26 08,1,9
2011/10/26 14,2,9
2011/10/26 15,2,19
2011/10/26 17,1,3
2011/10/26 18,2,12
2011/10/26 19,3,24
2011/10/26 20,3,31
2011/10/26 21,3,32
2011/10/26 22,1,12
2011/10/26 23,1,9
2011/10/27 04,1,8
2011/10/27 05,2,19
2011/10/27 11,1,0
2011/10/27 14,1,1
2011/10/27 15,2,3
2011/10/27 17,1,0
2011/10/27 18,2,3
2011/10/27 22,1,3
2011/10/27 23,1,2
2011/10/28 00,1,0
2011/10/28 02,1,32
2011/10/28 03,2,43
2011/10/28 04,5,64
2011/10/28 05,6,55
2011/10/28 06,2,3
2011/10/28 08,1,2
2011/10/28 09,1,4
2011/10/28 10,1,4
2011/10/28 11,1,6
2011/10/28 13,1,6
2011/10/28 14,1,9
2011/10/28 15,2,2
2011/10/28 16,1,2
2011/10/28 18,2,10
2011/10/28 19,2,6
2011/10/28 20,1,11
2011/10/28 21,4,22
2011/10/28 22,2,8
2011/10/28 23,4,20
2011/10/29 00,7,79
2011/10/29 01,8,101
2011/10/29 02,8,80
2011/10/29 03,8,85
2011/10/29 04,11,100
2011/10/29 05,8,95
2011/10/29 06,6,862
2011/10/29 07,6,723
2011/10/29 08,4,676
2011/10/29 09,3,536
2011/10/29 10,3,75
2011/10/29 11,2,69
2011/10/29 15,4,7
2011/10/29 16,5,10
2011/10/29 17,1,2
2011/10/29 18,2,5
2011/10/29 19,4,18
2011/10/29 20,8,26
2011/10/29 21,4,19
2011/10/29 22,9,272
2011/10/29 23,10,400
2011/10/30 00,11,375
2011/10/30 01,11,315
2011/10/30 02,9,556
2011/10/30 03,14,631
2011/10/30 04,12,603
2011/10/30 05,9,41
2011/10/30 06,9,54
2011/10/30 07,5,66
2011/10/30 08,6,330
2011/10/30 09,6,245
2011/10/30 10,1,1
2011/10/30 11,3,7
2011/10/30 12,1,3
2011/10/30 13,2,4
2011/10/30 14,3,12
2011/10/30 15,4,18
2011/10/30 16,3,17
2011/10/30 17,2,13
2011/10/30 18,3,27
2011/10/30 19,8,38
2011/10/30 20,6,32
2011/10/30 21,7,23
2011/10/30 22,10,39
2011/10/30 23,8,30
2011/10/31 00,6,45
2011/10/31 01,5,60
2011/10/31 02,9,100
2011/10/31 03,15,63
2011/10/31 04,15,799
2011/10/31 05,10,817
2011/10/31 06,7,656
2011/10/31 07,4,498
2011/10/31 08,2,57
2011/10/31 09,1,1
2011/10/31 12,2,24
2011/10/31 13,2,28
2011/10/31 14,3,27
2011/10/31 15,5,23
2011/10/31 16,2,6
2011/10/31 17,3,5
2011/10/31 18,6,31
2011/10/31 19,7,558
2011/10/31 20,10,289
2011/10/31 21,11,344
2011/10/31 22,7,527
2011/10/31 23,11,604
2011/11/01 00,22,952
2011/11/01 01,20,1012
2011/11/01 02,17,1232
2011/11/01 03,15,628
2011/11/01 04,15,597
2011/11/01 05,13,532
2011/11/01 06,9,118
2011/11/01 07,5,37
2011/11/01 08,5,40
2011/11/01 09,4,33
2011/11/01 14,2,1
2011/11/01 15,4,10
2011/11/01 16,3,7
2011/11/03 15,2,4
2011/11/03 16,3,10
2011/11/03 17,3,10
2011/11/03 18,3,4
2011/11/03 19,2,2
2011/11/03 20,1,4
2011/11/03 21,2,7
2011/11/03 22,4,17
2011/11/03 23,7,27
2011/11/04 00,6,27
2011/11/04 01,11,36
2011/11/04 02,8,26
2011/11/04 03,11,32
2011/11/04 04,7,34
2011/11/04 05,6,17
2011/11/04 06,6,17
2011/11/04 07,1,2
2011/11/04 08,4,31
2011/11/04 09,6,61
2011/11/04 10,5,64
2011/11/04 11,4,57
2011/11/04 12,2,8
2011/11/04 13,3,23
2011/11/04 14,3,20
2011/11/04 15,2,3
2011/11/04 16,2,2
2011/11/04 17,3,14
2011/11/04 18,2,3
2011/11/04 19,3,4
2011/11/04 20,4,8
2011/11/04 21,2,5
2011/11/04 22,4,19
2011/11/04 23,3,11
2011/11/05 00,7,35
2011/11/05 01,9,36
2011/11/05 02,9,27
2011/11/05 03,6,392
2011/11/05 04,11,392
2011/11/05 05,16,380
2011/11/05 06,15,285
2011/11/05 07,10,37
2011/11/05 08,9,88
2011/11/05 09,7,76
2011/11/05 10,8,81
2011/11/05 11,1,1
2011/11/05 12,2,3
2011/11/05 13,3,8
2011/11/05 14,3,12
2011/11/05 15,5,20
2011/11/05 16,3,11
2011/11/05 17,4,17
2011/11/05 18,7,27
2011/11/05 19,6,20
2011/11/05 20,4,13
2011/11/05 21,4,44
2011/11/05 22,6,61
2011/11/05 23,7,65
2011/11/06 00,11,76
2011/11/06 01,10,62
2011/11/06 02,12,75
2011/11/06 03,13,63
2011/11/06 04,10,43
2011/11/06 05,10,54
2011/11/06 06,14,68
2011/11/06 07,13,57
2011/11/06 08,11,38
2011/11/06 09,11,435
2011/11/06 10,8,416
2011/11/06 11,3,83
2011/11/06 12,3,15
2011/11/06 13,1,2
2011/11/06 14,4,3
2011/11/06 15,3,9
2011/11/06 16,3,12
2011/11/06 17,2,7
2011/11/06 18,3,7
2011/11/06 19,5,27
2011/11/06 20,4,25
2011/11/06 21,5,27
2011/11/06 22,5,26
2011/11/06 23,4,17
2011/11/07 00,6,25
2011/11/07 01,6,24
2011/11/07 02,8,30
2011/11/07 03,8,39
2011/11/07 04,8,41
2011/11/07 05,4,16
2011/11/07 06,1,2
2011/11/07 07,7,23
2011/11/07 08,6,29
2011/11/07 09,6,23
2011/11/07 10,2,6
2011/11/07 11,1,5
2011/11/07 12,1,3
2011/11/07 15,1,9
2011/11/07 16,1,13
2011/11/07 17,1,12
2011/11/07 18,2,2
2011/11/07 19,3,6
2011/11/07 20,3,6
2011/11/07 21,3,8
2011/11/07 23,5,23
2011/11/08 00,5,15
2011/11/08 01,3,7
2011/11/08 02,6,61
2011/11/08 03,7,67
2011/11/08 04,9,69
2011/11/08 05,6,58
2011/11/08 06,3,15
2011/11/08 07,3,14
2011/11/08 08,3,10
2011/11/08 09,2,4
2011/11/08 10,3,7
2011/11/08 11,2,4
2011/11/08 12,1,1
2011/11/08 13,1,0
2011/11/08 15,1,1
2011/11/08 16,5,6
2011/11/08 17,4,11
2011/11/08 18,4,10
2011/11/08 19,5,10
2011/11/08 20,3,7
2011/11/08 21,3,7
2011/11/08 22,3,8
2011/11/08 23,4,6
2011/11/09 00,5,11
2011/11/09 01,5,18
2011/11/09 02,4,71
2011/11/09 03,8,98
2011/11/09 04,5,75
2011/11/09 05,4,6
2011/11/09 06,7,19
2011/11/09 07,9,34
2011/11/09 08,6,22
2011/11/09 09,2,2
2011/11/09 10,1,2
2011/11/09 11,2,1
2011/11/09 13,1,2
2011/11/09 14,2,5
2011/11/09 15,2,3
2011/11/09 17,1,5
2011/11/09 18,2,9
2011/11/09 19,1,9
2011/11/09 20,3,8
2011/11/09 21,3,7
2011/11/09 22,3,7
2011/11/09 23,3,14
2011/11/10 00,4,10
2011/11/10 01,3,4
2011/11/10 02,3,5
2011/11/10 03,2,6
2011/11/10 04,3,14
2011/11/10 05,4,10
2011/11/10 06,1,2
2011/11/10 07,1,1
2011/11/10 08,1,1
2011/11/10 09,2,12
2011/11/10 10,1,5
2011/11/10 13,1,6
2011/11/10 14,1,15
2011/11/10 15,2,25
2011/11/10 16,2,26
2011/11/10 17,2,17
2011/11/10 18,3,6
2011/11/10 19,4,27
2011/11/10 20,4,33
2011/11/10 21,3,9
2011/11/10 22,1,1
2011/11/10 23,3,6
2011/11/11 00,2,10
2011/11/11 01,3,15
2011/11/11 02,2,8
2011/11/11 03,7,18
2011/11/11 04,5,104
2011/11/11 05,5,94
2011/11/11 06,8,121
2011/11/11 07,9,118
2011/11/11 08,6,15
2011/11/11 09,4,10
2011/11/11 10,4,4
2011/11/11 11,3,5
2011/11/11 12,2,6
2011/11/11 13,2,5
2011/11/11 14,1,2
2011/11/11 15,1,6
2011/11/11 16,2,7
2011/11/11 17,3,2
2011/11/11 18,3,5
2011/11/11 19,6,9
2011/11/11 20,5,13
2011/11/11 21,7,15
2011/11/11 22,6,19
2011/11/11 23,3,23
2011/11/12 00,4,28
2011/11/12 01,5,62
2011/11/12 02,6,67
2011/11/12 03,4,54
2011/11/12 04,4,45
2011/11/12 05,4,39
2011/11/12 06,2,6
2011/11/12 07,1,2
2011/11/12 08,1,3
2011/11/12 09,2,5
2011/11/12 10,1,4
2011/11/12 11,1,2
2011/11/12 12,2,2
2011/11/12 14,2,0
2011/11/12 16,1,3
2011/11/12 17,1,4
2011/11/12 18,1,5
2011/11/12 19,4,42
2011/11/12 20,2,4
2011/11/12 21,2,4
2011/11/12 22,2,4
2011/11/12 23,3,6
2011/11/13 00,5,11
2011/11/13 01,6,88
2011/11/13 02,5,77
2011/11/13 03,3,56
2011/11/13 04,2,8
2011/11/13 05,3,11
2011/11/13 06,6,22
2011/11/13 07,5,84
2011/11/13 08,5,176
2011/11/13 12,1,3
2011/11/13 13,1,4
2011/11/13 14,1,5
2011/11/13 15,1,6
2011/11/13 16,2,6
2011/11/13 17,2,6
2011/11/13 18,3,5
2011/11/13 19,3,5
2011/11/13 20,2,4
2011/11/13 22,3,9
2011/11/13 23,3,21
2011/11/14 00,4,12
2011/11/14 01,2,6
2011/11/14 02,2,4
2011/11/14 03,2,5
2011/11/14 04,2,5
2011/11/14 05,2,3
2011/11/14 07,2,6
2011/11/14 08,2,5
2011/11/14 13,1,0
2011/11/14 14,1,2
2011/11/14 15,2,0
2011/11/14 16,1,1
2011/11/14 17,2,3
2011/11/14 18,3,1
2011/11/14 19,2,12
2011/11/14 20,3,14
2011/11/14 21,4,25
2011/11/14 22,4,22
2011/11/14 23,2,18
2011/11/15 00,2,15
2011/11/15 01,5,24
2011/11/15 02,3,24
2011/11/15 03,3,21
2011/11/15 04,2,14
2011/11/15 05,2,12
2011/11/15 06,1,2
2011/11/15 08,1,2
2011/11/15 09,1,3
2011/11/15 10,1,2
2011/11/15 11,2,5
2011/11/15 12,1,3
2011/11/15 13,1,2
2011/11/15 16,2,2
2011/11/15 17,1,1
2011/11/15 18,3,4
2011/11/15 19,1,2
2011/11/15 20,3,28
2011/11/15 21,3,29
2011/11/15 22,3,15
2011/11/15 23,3,13
2011/11/16 00,1,4
2011/11/16 01,2,20
2011/11/16 02,2,20
2011/11/16 03,2,10
2011/11/16 04,2,2
2011/11/16 05,1,3
2011/11/16 06,3,5
2011/11/16 07,3,14
2011/11/16 08,2,13
2011/11/16 09,1,0
2011/11/16 12,1,2
2011/11/16 16,1,2
2011/11/16 17,3,5
2011/11/16 18,4,8
2011/11/16 19,1,2
2011/11/16 20,2,6
2011/11/16 21,3,3
2011/11/16 22,2,3
2011/11/16 23,1,2
2011/11/17 00,1,1
2011/11/17 01,3,13
2011/11/17 02,2,13
2011/11/17 03,2,117
2011/11/17 04,3,114
2011/11/17 05,2,7
2011/11/17 06,7,18
2011/11/17 07,8,39
2011/11/17 08,3,9
2011/11/17 09,1,1
2011/11/17 10,1,1
2011/11/17 11,1,2
2011/11/17 16,1,2
2011/11/17 18,1,2
2011/11/17 19,1,4
2011/11/17 20,1,6
2011/11/17 21,2,33
2011/11/17 22,4,38
2011/11/17 23,4,10
2011/11/18 00,1,4
2011/11/18 01,1,0
2011/11/18 02,2,4
2011/11/18 03,2,3
2011/11/18 04,1,1
2011/11/18 05,3,6
2011/11/18 06,4,8
2011/11/18 07,2,5
2011/11/18 08,2,7
2011/11/18 09,3,2
2011/11/18 10,1,1
2011/11/18 11,1,5
2011/11/18 12,2,5
2011/11/18 13,3,11
2011/11/18 14,2,4
2011/11/18 15,1,2
2011/11/18 16,2,4
2011/11/18 17,3,7
2011/11/18 18,4,11
2011/11/18 19,2,4
2011/11/18 20,2,4
2011/11/18 21,1,3
2011/11/18 22,2,5
2011/11/18 23,2,5
2011/11/19 00,1,2
2011/11/19 01,1,50
2011/11/19 02,3,49
2011/11/19 03,1,1
2011/11/19 06,1,2
2011/11/19 07,2,4
2011/11/19 08,1,3
2011/11/19 09,1,3
2011/11/19 11,2,5
2011/11/19 13,1,4
2011/11/19 14,1,4
2011/11/19 17,2,1
2011/11/19 21,1,4
2011/11/19 22,3,8
2011/11/19 23,1,3
2011/11/20 00,3,5
2011/11/20 01,3,5
2011/11/20 02,1,3
2011/11/20 03,1,2
2011/11/20 04,3,6
2011/11/20 05,4,7
2011/11/20 06,1,2
2011/11/20 07,2,5
2011/11/20 08,1,4
2011/11/20 10,1,3
2011/11/20 11,1,3
2011/11/20 19,1,1
2011/11/20 20,1,2
2011/11/20 21,1,2
2011/11/20 22,1,3
2011/11/20 23,1,4
2011/11/21 00,1,4
2011/11/21 01,1,1
2011/11/21 02,2,8
2011/11/21 03,2,10
2011/11/21 04,1,2
2011/11/21 05,2,5
2011/11/21 06,2,5
2011/11/21 07,1,4
2011/11/21 08,1,3
2011/11/21 10,1,1
2011/11/21 11,1,1
2011/11/21 15,1,8
2011/11/21 16,1,15
2011/11/21 17,2,14
2011/11/21 18,1,7
2011/11/21 19,1,3
2011/11/21 20,3,12
2011/11/21 21,3,12
2011/11/21 22,2,4
2011/11/21 23,4,55
2011/11/22 00,6,51
2011/11/22 01,4,29
2011/11/22 02,4,30
2011/11/22 03,2,11
2011/11/22 04,1,2
2011/11/22 05,1,1
2011/11/22 06,1,0
2011/11/22 07,1,2
2011/11/22 08,1,2
2011/11/22 09,2,7
2011/11/22 10,1,5
2011/11/22 13,2,10
2011/11/22 14,2,127
2011/11/22 15,1,135
2011/11/22 16,2,112
2011/11/22 17,1,3
2011/11/22 18,2,10
2011/11/22 19,1,10
2011/11/22 20,2,13
2011/11/22 21,2,5
2011/11/22 22,4,28
2011/11/22 23,4,24
2011/11/23 00,5,24
2011/11/23 01,4,18
2011/11/23 02,4,21
2011/11/23 03,2,8
2011/11/23 04,3,8
2011/11/23 05,2,4
2011/11/23 06,1,2
2011/11/23 07,2,46
2011/11/23 08,4,49
2011/11/23 09,2,6
2011/11/23 10,3,10
2011/11/23 11,1,3
2011/11/23 16,1,0
2011/11/23 17,2,6
2011/11/23 18,1,6
2011/11/23 19,2,5
2011/11/23 20,4,59
2011/11/23 21,3,22
2011/11/23 22,5,21
2011/11/23 23,6,23
2011/11/24 00,2,12
2011/11/24 01,2,8
2011/11/24 02,1,6
2011/11/24 03,1,6
2011/11/24 04,3,11
2011/11/24 05,2,5
2011/11/24 06,3,7
2011/11/24 07,1,2
2011/11/24 11,1,7
2011/11/24 12,1,6
2011/11/24 19,1,1
2011/11/24 20,2,6
2011/11/24 21,1,4
2011/11/24 22,1,2
2011/11/24 23,2,130
2011/11/25 00,4,121
2011/11/25 01,2,85
2011/11/25 02,3,58
2011/11/25 04,1,16
2011/11/25 05,3,29
2011/11/25 06,3,23
2011/11/25 07,3,20
2011/11/25 10,1,1
2011/11/25 14,1,0
2011/11/25 15,1,1
2011/11/25 16,3,2
2011/11/25 17,1,4
2011/11/25 18,1,4
2011/11/25 19,2,3
2011/11/25 20,1,5
2011/11/25 21,1,0
2011/11/25 22,1,0
2011/11/25 23,5,21
2011/11/26 00,4,12
2011/11/26 02,2,4
2011/11/26 03,4,65
2011/11/26 04,1,4
2011/11/26 05,2,11
2011/11/26 06,6,23
2011/11/26 07,6,20
2011/11/26 08,1,3
2011/11/26 09,1,3
2011/11/26 14,1,0
2011/11/26 15,1,0
2011/11/26 18,2,0
2011/11/26 19,2,2
2011/11/26 20,2,2
2011/11/26 21,1,0
2011/11/26 22,4,34
2011/11/26 23,5,42
2011/11/27 00,4,37
2011/11/27 01,1,35
2011/11/27 02,2,29
2011/11/27 03,3,6
2011/11/27 04,5,679
2011/11/27 05,5,648
2011/11/27 06,1,13
2011/11/27 08,1,0
2011/11/27 10,1,5
2011/11/27 11,1,2
2011/11/27 15,1,3
2011/11/27 16,1,6
2011/11/27 17,1,7
2011/11/27 18,1,5
2011/11/27 21,1,7
2011/11/27 22,2,9
2011/11/27 23,2,10
2011/11/28 00,3,15
2011/11/28 01,3,39
2011/11/28 02,2,40
2011/11/28 04,2,4
2011/11/28 05,2,2
2011/11/28 06,1,8
2011/11/28 07,1,3
2011/11/28 13,1,3
2011/11/28 14,2,6
2011/11/28 15,2,4
2011/11/28 16,2,7
2011/11/28 17,1,2
2011/11/28 18,1,5
2011/11/28 19,1,8
2011/11/28 20,2,22
2011/11/28 21,2,23
2011/11/28 22,1,13
2011/11/28 23,4,29
2011/11/29 00,4,15
2011/11/29 01,4,13
2011/11/29 02,2,4
2011/11/29 03,2,18
2011/11/29 04,3,13
2011/11/29 05,4,16
2011/11/29 06,1,10
2011/11/29 07,1,7
2011/11/29 09,4,26
2011/11/29 10,3,39
2011/11/29 11,1,2
2011/11/29 16,2,5
2011/11/29 17,3,20
2011/11/29 18,2,29
2011/11/29 19,2,19
2011/11/29 20,1,1
2011/11/29 21,3,7
2011/11/29 22,2,6
2011/11/29 23,1,0
2011/11/30 01,1,0
2011/11/30 02,1,0
2011/11/30 03,1,24
2011/11/30 04,1,37
2011/11/30 05,2,50
2011/11/30 06,1,1
2011/11/30 07,2,2
2011/11/30 08,1,0
2011/11/30 09,2,0
2011/11/30 10,1,1
2011/11/30 12,1,1
2011/11/30 13,2,5
2011/11/30 14,3,6
2011/11/30 15,1,4
2011/11/30 16,1,5
2011/11/30 17,1,4
2011/11/30 18,2,6
2011/11/30 19,1,2
2011/11/30 20,1,2
2011/11/30 23,1,6
2011/12/01 00,2,20
2011/12/01 01,2,25
2011/12/01 02,2,22
2011/12/01 04,2,3
2011/12/01 05,1,1
2011/12/01 07,1,0
2011/12/01 13,1,5
2011/12/01 14,1,3
2011/12/01 16,1,1
2011/12/01 17,2,7
2011/12/01 18,2,6
2011/12/01 19,4,9
2011/12/01 20,2,7
2011/12/01 21,1,4
2011/12/01 22,4,13
2011/12/01 23,4,23
2011/12/02 00,3,26
2011/12/02 01,4,23
2011/12/02 02,4,18
2011/12/02 03,3,13
2011/12/02 04,1,5
2011/12/02 05,1,2
2011/12/02 09,1,1
2011/12/02 12,1,1
2011/12/02 13,1,1
2011/12/02 14,1,8
2011/12/02 15,1,9
2011/12/02 17,1,3
2011/12/02 18,1,3
2011/12/02 19,3,5
2011/12/02 20,3,3
2011/12/02 21,1,3
2011/12/02 22,2,18
2011/12/02 23,2,19
2011/12/03 00,2,25
2011/12/03 01,3,7
2011/12/03 02,3,11
2011/12/03 03,3,14
2011/12/03 04,3,8
2011/12/03 05,3,3
2011/12/03 06,1,3
2011/12/03 07,2,5
2011/12/03 08,1,2
2011/12/03 09,2,3
2011/12/03 10,2,6
2011/12/03 12,1,4
2011/12/03 21,2,5
2011/12/03 22,2,6
2011/12/03 23,3,11
2011/12/04 00,2,8
2011/12/04 01,2,3
2011/12/04 02,2,16
2011/12/04 03,3,42
2011/12/04 04,3,40
2011/12/04 05,2,19
2011/12/04 06,1,5
2011/12/04 07,2,14
2011/12/04 08,2,16
2011/12/04 09,3,21
2011/12/04 10,2,17
2011/12/04 11,1,4
2011/12/04 12,1,1
2011/12/04 16,3,6
2011/12/04 17,1,2
2011/12/04 20,1,5
2011/12/04 21,2,13
2011/12/04 22,2,16
2011/12/04 23,1,6
2011/12/05 00,2,7
2011/12/05 01,3,14
2011/12/05 02,2,7
2011/12/05 03,2,12
2011/12/05 04,3,13
2011/12/05 05,1,6
2011/12/05 09,1,2
2011/12/05 10,1,2
2011/12/05 12,1,9
2011/12/05 20,1,1
2011/12/05 21,1,8
2011/12/05 22,1,8
2011/12/05 23,1,1
2011/12/06 00,2,5
2011/12/06 01,3,11
2011/12/06 02,2,8
2011/12/06 03,2,3
2011/12/06 04,1,0
2011/12/06 05,1,0
2011/12/06 06,1,1
2011/12/06 10,1,0
2011/12/06 11,1,5
2011/12/06 12,1,4
2011/12/06 13,1,2
2011/12/06 14,1,10
2011/12/06 16,1,3
2011/12/06 17,3,19
2011/12/06 18,2,32
2011/12/06 19,2,20
2011/12/06 20,1,6
2011/12/06 21,2,14
2011/12/06 22,3,26
2011/12/06 23,1,6
2011/12/07 00,2,12
2011/12/07 01,3,6
2011/12/07 02,3,10
2011/12/07 03,1,3
2011/12/07 04,2,6
2011/12/07 05,1,2
2011/12/07 16,2,8
2011/12/07 18,1,1
2011/12/07 19,2,13
2011/12/07 20,1,13
2011/12/07 21,1,6
2011/12/07 22,1,19
2011/12/07 23,1,29
2011/12/08 01,3,4
2011/12/08 02,3,12
2011/12/08 03,5,33
2011/12/08 04,2,28
2011/12/08 18,1,2
2011/12/08 19,3,4
2011/12/08 20,2,8
2011/12/08 21,3,10
2011/12/08 22,4,36
2011/12/08 23,2,41
2011/12/09 01,1,1
2011/12/09 02,1,2
2011/12/09 03,3,14
2011/12/09 04,1,1
2011/12/09 05,1,0
2011/12/09 06,1,3
2011/12/09 07,1,4
2011/12/09 08,2,8
2011/12/09 09,2,11
2011/12/09 10,1,10
2011/12/09 11,2,129
2011/12/09 12,3,41
2011/12/09 13,2,37
2011/12/09 14,1,24
2011/12/09 15,1,26
2011/12/09 16,1,24
2011/12/09 18,1,1
2011/12/09 19,1,2
2011/12/09 20,1,1
2011/12/09 21,1,2
2011/12/09 22,4,49
2011/12/09 23,3,61
2011/12/10 00,3,46
2011/12/10 01,2,31
2011/12/10 02,3,38
2011/12/10 03,6,112
2011/12/10 04,8,81
2011/12/10 05,5,78
2011/12/10 06,3,62
2011/12/10 07,4,55
2011/12/10 08,1,50
2011/12/10 13,2,22
2011/12/10 14,2,32
2011/12/10 15,3,35
2011/12/10 16,2,35
2011/12/10 17,1,33
2011/12/10 18,4,35
2011/12/10 19,4,33
2011/12/10 20,7,32
2011/12/10 21,5,11
2011/12/10 22,6,761
2011/12/10 23,6,819
2011/12/11 00,4,30
2011/12/11 01,1,2
2011/12/11 02,4,14
2011/12/11 03,3,17
2011/12/11 04,2,14
2011/12/11 05,1,9
2011/12/11 06,1,8
2011/12/11 07,1,1
2011/12/11 08,2,2
2011/12/11 09,1,1
2011/12/11 12,1,1
2011/12/11 13,1,1
2011/12/11 15,1,3
2011/12/11 16,2,4
2011/12/11 17,2,9
2011/12/11 18,4,11
2011/12/11 19,3,10
2011/12/11 20,1,3
2011/12/11 21,2,4
2011/12/11 22,1,3
2011/12/11 23,1,2
2011/12/12 00,1,1
2011/12/12 01,1,1
2011/12/12 02,1,3
2011/12/12 03,1,3
2011/12/12 04,1,2
2011/12/12 05,2,5
2011/12/12 08,1,1
2011/12/12 10,1,2
2011/12/12 11,1,1
2011/12/12 18,3,5
2011/12/12 19,3,7
2011/12/12 20,1,2
2011/12/12 21,2,1
2011/12/12 22,2,5
2011/12/12 23,5,46
2011/12/13 00,4,87
2011/12/13 01,2,98
2011/12/13 02,2,54
2011/12/13 03,2,16
2011/12/13 04,5,19
2011/12/13 05,1,0
2011/12/13 06,3,7
2011/12/13 07,3,6
2011/12/13 08,2,3
2011/12/13 09,1,1
2011/12/13 21,1,4
2011/12/13 22,5,45
2011/12/13 23,4,42
2011/12/14 00,2,42
2011/12/14 01,2,43
2011/12/14 02,2,34
2011/12/14 03,2,13
2011/12/14 04,4,19
2011/12/14 05,1,0
2011/12/14 08,1,1
2011/12/14 09,2,3
2011/12/14 10,2,4
2011/12/14 16,1,11
2011/12/14 17,1,11
2011/12/14 19,1,0
2011/12/14 20,2,6
2011/12/14 21,2,6
2011/12/14 22,3,16
2011/12/14 23,2,7
2011/12/15 00,4,7
2011/12/15 01,1,6
2011/12/15 02,4,41
2011/12/15 03,7,76
2011/12/15 04,4,143
2011/12/15 05,3,81
2011/12/15 06,1,41
2011/12/15 07,2,4
2011/12/15 08,1,4
2011/12/15 16,1,8
2011/12/15 18,1,7
2011/12/15 19,1,2
2011/12/15 20,2,7
2011/12/15 21,3,5
2011/12/15 22,2,5
2011/12/15 23,2,6
2011/12/16 00,2,6
2011/12/16 01,1,26
2011/12/16 02,3,36
2011/12/16 03,3,42
2011/12/16 04,4,37
2011/12/16 05,4,134
2011/12/16 06,4,84
2011/12/16 07,2,111
2011/12/16 08,3,86
2011/12/16 09,3,178
2011/12/16 10,1,79
2011/12/16 11,1,70
2011/12/16 14,1,2
2011/12/16 15,1,1
2011/12/16 17,1,0
2011/12/16 18,2,8
2011/12/16 19,2,7
2011/12/16 20,3,2
2011/12/16 21,4,2
2011/12/16 22,3,9
2011/12/16 23,3,10
2011/12/17 00,1,3
2011/12/17 01,4,13
2011/12/17 02,3,28
2011/12/17 03,3,50
2011/12/17 04,4,57
2011/12/17 05,4,46
2011/12/17 06,4,57
2011/12/17 07,5,56
2011/12/17 08,6,112
2011/12/17 09,5,65
2011/12/17 10,4,68
2011/12/17 11,2,70
2011/12/17 15,1,2
2011/12/17 19,2,14
2011/12/17 20,3,14
2011/12/17 21,3,9
2011/12/17 22,2,18
2011/12/17 23,2,17
2011/12/18 00,4,21
2011/12/18 01,5,23
2011/12/18 02,3,52
2011/12/18 03,5,62
2011/12/18 04,6,30
2011/12/18 05,5,32
2011/12/18 06,7,28
2011/12/18 07,8,336
2011/12/18 08,8,455
2011/12/18 09,5,430
2011/12/18 10,3,324
2011/12/18 11,2,258
2011/12/18 12,1,120
2011/12/18 13,2,10
2011/12/18 14,1,5
2011/12/18 15,2,10
2011/12/18 16,3,17
2011/12/18 17,1,6
2011/12/18 18,2,0
2011/12/18 19,3,13
2011/12/18 20,2,10
2011/12/18 23,1,15
2011/12/19 00,2,29
2011/12/19 01,3,29
2011/12/19 02,1,4
2011/12/19 03,1,1
2011/12/19 04,1,3
2011/12/19 05,1,5
2011/12/19 06,5,14
2011/12/19 07,3,9
2011/12/19 08,3,41
2011/12/19 09,3,48
2011/12/19 10,1,1
2011/12/19 16,1,4
2011/12/19 17,2,7
2011/12/19 18,1,3
2011/12/19 19,2,3
2011/12/19 20,4,8
2011/12/19 21,3,9
2011/12/19 22,2,6
2011/12/19 23,4,8
2011/12/20 00,4,13
2011/12/20 01,3,40
2011/12/20 02,5,51
2011/12/20 03,4,54
2011/12/20 04,3,14
2011/12/20 05,5,22
2011/12/20 06,4,85
2011/12/20 07,4,119
2011/12/20 08,5,57
2011/12/20 09,4,21
2011/12/20 10,4,14
2011/12/20 11,2,5
2011/12/20 12,5,9
2011/12/20 13,4,12
2011/12/20 14,5,16
2011/12/20 15,2,5
2011/12/20 16,1,2
2011/12/20 17,2,5
2011/12/20 18,2,4
2011/12/20 19,3,38
2011/12/20 20,1,16
2011/12/20 21,2,6
2011/12/20 22,3,8
2011/12/20 23,3,8
2011/12/21 00,5,23
2011/12/21 01,6,38
2011/12/21 02,8,23
2011/12/21 03,3,8
2011/12/21 04,2,4
2011/12/21 05,4,14
2011/12/21 06,4,19
2011/12/21 07,1,11
2011/12/21 08,1,14
2011/12/21 09,1,16
2011/12/21 10,2,45
2011/12/21 11,2,42
2011/12/21 12,3,41
2011/12/21 14,1,0
2011/12/21 15,1,3
2011/12/21 16,2,35
2011/12/21 17,2,1
2011/12/21 18,4,5
2011/12/21 19,4,9
2011/12/21 20,3,8
2011/12/21 21,4,14
2011/12/21 22,5,20
2011/12/21 23,4,16
2011/12/22 00,3,7
2011/12/22 01,2,2
2011/12/22 02,2,6
2011/12/22 03,5,11
2011/12/22 04,3,13
2011/12/22 05,1,2
2011/12/22 06,2,7
2011/12/22 07,6,32
2011/12/22 08,5,31
2011/12/22 09,4,35
2011/12/22 10,5,80
2011/12/22 11,2,58
2011/12/22 12,3,71
2011/12/22 13,1,70
2011/12/22 14,1,64
2011/12/22 15,1,1
2011/12/22 16,1,1
2011/12/22 18,3,5
2011/12/22 19,4,4
2011/12/22 20,2,10
2011/12/22 21,5,25
2011/12/22 22,3,11
2011/12/22 23,4,11
2011/12/23 00,6,40
2011/12/23 01,5,19
2011/12/23 02,5,15
2011/12/23 03,7,55
2011/12/23 04,5,51
2011/12/23 05,6,43
2011/12/23 06,2,27
2011/12/23 07,2,17
2011/12/23 08,5,92
2011/12/23 09,2,93
2011/12/23 10,2,96
2011/12/23 13,2,3
2011/12/23 18,1,1
2011/12/23 20,3,7
2011/12/23 21,4,19
2011/12/23 22,9,105
2011/12/23 23,7,25
2011/12/24 00,6,39
2011/12/24 01,6,35
2011/12/24 02,4,127
2011/12/24 03,13,89
2011/12/24 04,9,73
2011/12/24 05,8,78
2011/12/24 06,5,32
2011/12/24 07,3,18
2011/12/24 08,2,6
2011/12/24 09,1,0
2011/12/24 10,1,0
2011/12/24 12,1,2
2011/12/24 13,1,1
2011/12/24 14,1,2
2011/12/24 15,1,3
2011/12/24 16,2,5
2011/12/24 17,2,12
2011/12/24 20,1,1
2011/12/24 21,2,7
2011/12/24 22,4,21
2011/12/24 23,3,19
2011/12/25 00,1,12
2011/12/25 01,2,15
2011/12/25 02,1,6
2011/12/25 03,1,1
2011/12/25 04,3,37
2011/12/25 05,3,207
2011/12/25 06,2,191
2011/12/25 07,3,180
2011/12/25 08,5,27
2011/12/25 09,4,19
2011/12/25 17,2,3
2011/12/25 18,2,4
2011/12/25 19,2,5
2011/12/25 20,4,8
2011/12/25 21,2,2
2011/12/25 22,3,8
2011/12/25 23,4,12
2011/12/26 00,3,11
2011/12/26 01,2,10
2011/12/26 02,3,6
2011/12/26 03,3,21
2011/12/26 04,5,40
2011/12/26 05,4,33
2011/12/26 06,5,24
2011/12/26 07,6,17
2011/12/26 08,4,20
2011/12/26 09,3,31
2011/12/26 10,3,28
2011/12/26 11,3,11
2011/12/26 12,1,3
2011/12/26 13,1,5
2011/12/26 14,1,4
2011/12/26 15,2,4
2011/12/26 16,2,2
2011/12/26 17,1,0
2011/12/26 18,2,4
2011/12/26 19,2,2
2011/12/26 20,3,5
2011/12/26 21,7,12
2011/12/26 22,3,13
2011/12/26 23,5,13
2011/12/27 00,5,34
2011/12/27 01,7,41
2011/12/27 02,6,39
2011/12/27 03,5,18
2011/12/27 04,2,3
2011/12/27 05,3,19
2011/12/27 06,9,35
2011/12/27 07,5,27
2011/12/27 08,4,18
2011/12/27 09,2,12
2011/12/27 12,1,2
2011/12/27 15,2,1
2011/12/27 17,1,1
2011/12/27 18,3,10
2011/12/27 19,4,20
2011/12/27 20,5,32
2011/12/27 21,5,73
2011/12/27 22,4,51
2011/12/27 23,5,51
2011/12/28 00,8,43
2011/12/28 01,3,7
2011/12/28 02,2,157
2011/12/28 03,2,21
2011/12/28 04,6,25
2011/12/28 05,6,15
2011/12/28 06,3,13
2011/12/28 07,5,12
2011/12/28 08,4,11
2011/12/28 09,1,4
2011/12/28 10,1,4
2011/12/28 11,1,4
2011/12/28 12,5,5
2011/12/28 13,2,3
2011/12/28 14,2,3
2011/12/28 15,1,3
2011/12/28 16,1,0
2011/12/28 17,1,2
2011/12/28 18,1,4
2011/12/28 19,3,6
2011/12/28 20,4,21
2011/12/28 21,5,24
2011/12/28 22,2,3
2011/12/28 23,5,7
2011/12/29 00,4,25
2011/12/29 01,5,36
2011/12/29 02,9,46
2011/12/29 03,8,44
2011/12/29 04,9,85
2011/12/29 05,5,36
2011/12/29 06,5,581
2011/12/29 07,5,621
2011/12/29 08,5,477
2011/12/29 09,6,86
2011/12/29 10,3,73
2011/12/29 15,1,1
2011/12/29 19,2,9
2011/12/29 20,1,6
2011/12/29 21,2,7
2011/12/29 22,4,12
2011/12/29 23,6,37
2011/12/30 00,4,30
2011/12/30 01,4,14
2011/12/30 03,4,106
2011/12/30 04,6,60
2011/12/30 05,6,494
2011/12/30 06,5,526
2011/12/30 07,6,523
2011/12/30 08,2,10
2011/12/30 10,1,6
2011/12/30 11,2,10
2011/12/30 12,1,11
2011/12/30 13,1,5
2011/12/30 14,1,2
2011/12/30 17,2,65
2011/12/30 18,1,74
2011/12/30 19,2,75
2011/12/30 20,1,5
2011/12/30 21,2,5
2011/12/30 22,1,4
2011/12/30 23,5,21
2011/12/31 00,7,27
2011/12/31 01,7,35
2011/12/31 02,6,41
2011/12/31 03,8,50
2011/12/31 04,6,33
2011/12/31 05,6,13
2011/12/31 06,2,6
2011/12/31 07,1,6
2011/12/31 08,2,11
2011/12/31 09,4,15
2011/12/31 10,4,17
2011/12/31 11,4,32
2011/12/31 12,4,30
2011/12/31 13,2,16
2011/12/31 14,3,15
2011/12/31 15,4,9
2011/12/31 16,2,2
2011/12/31 17,2,132
2011/12/31 18,4,160
2011/12/31 19,2,170
2011/12/31 20,1,7
2011/12/31 21,3,12
2011/12/31 22,3,17
2011/12/31 23,2,10
2012/01/01 00,4,11
2012/01/01 01,3,9
2012/01/01 02,2,12
2012/01/01 03,3,11
2012/01/01 04,2,14
2012/01/01 05,6,472
2012/01/01 06,4,486
2012/01/01 07,3,124
2012/01/01 08,3,114
2012/01/01 09,4,124
2012/01/01 10,5,135
2012/01/01 11,5,126
2012/01/01 12,6,103
2012/01/01 13,2,11
2012/01/01 14,3,3
2012/01/01 15,1,3
2012/01/01 16,1,7
2012/01/01 17,1,8
2012/01/01 18,2,14
2012/01/01 19,1,3
2012/01/02 00,1,4
2012/01/02 01,3,15
2012/01/02 02,6,42
2012/01/02 03,7,38
2012/01/02 04,5,26
2012/01/02 05,8,260
2012/01/02 06,6,95
2012/01/02 07,3,58
2012/01/02 08,4,71
2012/01/02 09,3,15
2012/01/02 10,2,6
2012/01/02 11,2,7
2012/01/02 12,1,10
2012/01/02 13,1,9
2012/01/02 14,2,24
2012/01/02 16,1,1
2012/01/02 17,2,25
2012/01/02 18,3,30
2012/01/02 19,6,45
2012/01/02 20,3,11
2012/01/02 21,4,16
2012/01/02 22,4,15
2012/01/02 23,4,8
2012/01/03 00,1,2
2012/01/03 01,4,48
2012/01/03 02,2,42
2012/01/03 03,2,28
2012/01/03 04,2,29
2012/01/03 05,5,26
2012/01/03 06,7,40
2012/01/03 07,5,42
2012/01/03 08,3,31
2012/01/03 09,3,41
2012/01/03 10,3,40
2012/01/03 11,3,17
2012/01/03 15,1,0
2012/01/03 17,3,4
2012/01/03 18,3,3
2012/01/03 19,3,18
2012/01/03 20,6,27
2012/01/03 21,2,8
2012/01/03 22,4,27
2012/01/03 23,6,32
2012/01/04 00,2,17
2012/01/04 01,2,14
2012/01/04 02,3,14
2012/01/04 03,2,6
2012/01/04 04,5,9
2012/01/04 05,6,26
2012/01/04 06,6,30
2012/01/04 07,5,36
2012/01/04 08,6,45
2012/01/04 09,4,32
2012/01/04 10,1,21
2012/01/04 11,1,2
2012/01/04 12,2,6
2012/01/04 13,1,5
2012/01/04 15,2,1
2012/01/04 17,1,0
2012/01/04 20,1,6
2012/01/04 21,3,12
2012/01/04 22,2,17
2012/01/04 23,2,5
2012/01/05 00,3,9
2012/01/05 01,4,15
2012/01/05 02,3,13
2012/01/05 03,3,14
2012/01/05 04,2,16
2012/01/05 05,2,16
2012/01/05 06,3,12
2012/01/05 07,1,14
2012/01/05 08,2,21
2012/01/05 10,1,0
2012/01/05 13,1,1
2012/01/05 14,2,1
2012/01/05 15,2,4
2012/01/05 16,2,2
2012/01/05 17,2,7
2012/01/05 18,2,4
2012/01/05 19,4,4
2012/01/05 20,3,7
2012/01/05 21,3,5
2012/01/05 22,6,11
2012/01/05 23,3,5
2012/01/06 00,4,3
2012/01/06 01,1,2
2012/01/06 02,2,2
2012/01/06 03,3,26
2012/01/06 04,2,27
2012/01/06 05,4,32
2012/01/06 06,3,37
2012/01/06 07,1,17
2012/01/06 11,1,0
2012/01/06 13,1,1
2012/01/06 14,1,1
2012/01/06 16,1,2
2012/01/06 17,1,2
2012/01/06 20,1,3
2012/01/06 21,1,5
2012/01/06 22,1,6
2012/01/06 23,2,8
2012/01/07 00,3,62
2012/01/07 01,2,57
2012/01/07 02,6,11
2012/01/07 03,5,11
2012/01/07 04,5,15
2012/01/07 05,6,30
2012/01/07 06,5,26
2012/01/07 07,6,36
2012/01/07 08,5,24
2012/01/07 09,4,384
2012/01/07 10,2,359
2012/01/07 16,1,0
2012/01/07 17,2,8
2012/01/07 18,1,11
2012/01/07 19,2,7
2012/01/07 20,2,7
2012/01/07 21,3,8
2012/01/07 22,6,286
2012/01/07 23,6,171
2012/01/08 00,4,8
2012/01/08 01,5,397
2012/01/08 02,4,179
2012/01/08 03,5,27
2012/01/08 04,8,127
2012/01/08 05,10,331
2012/01/08 06,10,404
2012/01/08 07,5,426
2012/01/08 08,5,451
2012/01/08 09,5,394
2012/01/08 10,6,415
2012/01/08 11,4,240
2012/01/08 12,3,207
2012/01/08 13,4,185
2012/01/08 14,4,23
2012/01/08 15,5,20
2012/01/08 16,3,12
2012/01/08 17,5,18
2012/01/08 18,3,9
2012/01/08 19,3,5
2012/01/08 20,1,1
2012/01/08 21,2,8
2012/01/08 22,4,20
2012/01/08 23,2,20
2012/01/09 00,4,12
2012/01/09 01,2,13
2012/01/09 02,3,25
2012/01/09 03,5,28
2012/01/09 04,5,28
2012/01/09 05,4,35
2012/01/09 06,2,16
2012/01/09 07,2,9
2012/01/09 08,2,11
2012/01/09 09,2,8
2012/01/09 10,3,22
2012/01/09 11,4,14
2012/01/09 12,3,9
2012/01/09 13,2,9
2012/01/09 14,2,9
2012/01/09 15,2,6
