2011/10/03 16,1,33
2011/10/03 17,1,52
2011/10/03 18,1,67
2011/10/25 06,1,6
2011/10/25 07,1,9
2011/10/25 08,1,2
2011/10/25 09,1,1
2011/10/25 16,1,3
2011/10/25 17,1,5
2011/10/25 18,1,1
2011/10/25 19,1,1
2011/10/25 20,1,2
2011/10/25 21,1,1
2011/10/26 04,1,4
2011/10/26 05,1,3
2011/10/26 06,1,1
2011/10/27 06,1,2
2011/10/27 07,1,1
2011/10/27 18,1,2
2011/10/27 19,1,5
2011/10/27 20,1,3
2011/11/06 21,1,0
2011/11/09 06,1,0
2011/11/22 00,1,2
2011/11/22 01,1,1
2011/11/22 02,1,1
2011/11/30 20,1,2
2011/12/01 03,1,0
2011/12/01 04,1,2
2011/12/01 05,1,1
2011/12/02 04,1,2
2011/12/02 05,1,1
2011/12/08 12,1,1
2011/12/08 13,1,1
2011/12/08 14,1,2
