2011/10/01 02,1,1
2011/10/01 03,1,2
2011/10/02 00,1,6
2011/10/02 15,1,81
2011/10/02 16,1,97
2011/10/02 17,1,196
2011/10/02 18,2,104
2011/10/02 19,1,1
2011/10/04 19,1,3
2011/10/04 20,1,3
2011/10/05 00,1,147
2011/10/05 01,1,140
2011/10/05 02,1,139
2011/10/05 03,1,149
2011/10/05 14,2,34
2011/10/05 15,2,43
2011/10/05 16,2,38
2011/10/05 17,1,35
2011/10/05 18,1,34
2011/10/05 19,1,28
2011/10/05 20,1,22
2011/10/05 21,3,34
2011/10/05 22,3,32
2011/10/05 23,3,141
2011/10/06 00,3,147
2011/10/06 01,2,21
2011/10/06 02,1,9
2011/10/06 03,1,6
2011/10/06 04,1,7
2011/10/06 05,1,9
2011/10/06 06,1,13
2011/10/06 07,1,11
2011/10/06 08,2,15
2011/10/06 09,1,16
2011/10/06 10,2,35
2011/10/06 11,2,15
2011/10/06 12,2,37
2011/10/06 13,4,18
2011/10/06 14,3,27
2011/10/06 15,3,23
2011/10/06 16,3,15
2011/10/06 17,2,3
2011/10/06 18,2,5
2011/10/06 19,1,2
2011/10/06 20,2,1
2011/10/06 21,1,0
2011/10/07 04,2,2
2011/10/07 05,2,2
2011/10/07 06,2,2
2011/10/07 07,2,1
2011/10/07 08,2,2
2011/10/07 09,1,3
2011/10/07 20,1,1
2011/10/07 21,1,2
2011/10/07 22,2,7
2011/10/07 23,2,22
2011/10/08 00,2,30
2011/10/08 01,1,25
2011/10/08 02,1,1
2011/10/08 03,1,2
2011/10/08 04,1,2
2011/10/08 05,1,3
2011/10/08 06,1,12
2011/10/08 07,1,6
2011/10/08 12,1,78
2011/10/08 13,1,94
2011/10/08 14,1,86
2011/10/08 15,1,86
2011/10/08 19,1,16
2011/10/08 20,1,16
2011/10/08 21,1,17
2011/10/08 22,1,19
2011/10/08 23,1,16
2011/10/09 00,1,15
2011/10/09 01,1,16
2011/10/09 02,1,15
2011/10/09 03,1,12
2011/10/09 11,1,30
2011/10/09 12,1,50
2011/10/09 13,2,69
2011/10/09 14,2,80
2011/10/09 18,1,0
2011/10/09 19,1,1
2011/10/09 20,1,1
2011/10/10 01,1,2
2011/10/10 02,1,11
2011/10/10 13,1,3
2011/10/10 14,1,4
2011/10/10 15,1,3
2011/10/10 16,2,56
2011/10/10 17,2,62
2011/10/10 21,1,48
2011/10/10 22,1,38
2011/10/11 06,1,1
2011/10/11 08,1,2
2011/10/11 09,1,1
2011/10/11 10,1,1
2011/10/11 13,1,2
2011/10/11 14,1,3
2011/10/11 16,1,48
2011/10/11 17,2,150
2011/10/11 18,1,1
2011/10/12 02,1,1
2011/10/12 05,1,2
2011/10/12 06,1,3
2011/10/12 07,1,3
2011/10/12 08,1,1
2011/10/12 17,1,36
2011/10/12 18,1,29
2011/10/12 19,1,22
2011/10/12 20,1,3
2011/10/12 21,1,18
2011/10/12 22,2,20
2011/10/12 23,2,23
2011/10/13 00,1,6
2011/10/13 01,1,5
2011/10/13 12,1,0
2011/10/13 13,1,6
2011/10/13 14,1,9
2011/10/13 15,2,29
2011/10/13 16,1,19
2011/10/13 17,2,18
2011/10/13 18,3,40
2011/10/13 19,1,3
2011/10/13 22,1,11
2011/10/13 23,1,11
2011/10/14 00,2,11
2011/10/14 01,1,3
2011/10/14 02,2,11
2011/10/14 03,2,9
2011/10/14 04,1,2
2011/10/14 05,2,1
2011/10/14 08,2,6
2011/10/14 09,1,11
2011/10/14 13,1,0
2011/10/14 15,1,1
2011/10/14 17,1,2
2011/10/14 18,1,1
2011/10/14 21,1,3
2011/10/14 22,1,4
2011/10/14 23,2,5
2011/10/15 00,2,4
2011/10/15 01,2,8
2011/10/15 02,2,9
2011/10/15 03,1,6
2011/10/15 19,2,1
2011/10/15 20,2,5
2011/10/15 21,2,6
2011/10/15 22,1,4
2011/10/15 23,1,3
2011/10/16 00,1,13
2011/10/16 06,2,6
2011/10/16 07,2,5
2011/10/17 02,1,1
2011/10/17 03,1,1
2011/10/17 05,2,0
2011/10/17 06,1,2
2011/10/17 07,1,9
2011/10/17 08,2,19
2011/10/17 09,2,22
2011/10/17 11,1,3
2011/10/17 12,1,3
2011/10/17 13,2,5
2011/10/17 14,1,1
2011/10/17 15,1,6
2011/10/17 16,1,7
2011/10/17 17,3,7
2011/10/17 18,2,13
2011/10/17 19,2,41
2011/10/17 20,1,53
2011/10/17 21,1,49
2011/10/17 22,1,43
2011/10/18 07,1,2
2011/10/18 08,1,7
2011/10/18 09,1,8
2011/10/18 19,1,19
2011/10/18 20,1,13
2011/10/18 21,3,9
2011/10/18 22,2,1
2011/10/18 23,2,2
2011/10/19 00,3,8
2011/10/19 01,3,12
2011/10/19 02,1,9
2011/10/19 07,1,4
2011/10/19 08,1,7
2011/10/19 09,1,10
2011/10/19 13,1,0
2011/10/19 14,1,0
2011/10/19 15,1,0
2011/10/19 17,1,2
2011/10/19 20,1,1
2011/10/19 22,1,7
2011/10/19 23,1,7
2011/10/20 00,2,6
2011/10/20 01,2,10
2011/10/20 02,2,11
2011/10/20 03,1,3
2011/10/20 04,1,3
2011/10/20 05,1,1
2011/10/20 06,1,1
2011/10/20 07,2,13
2011/10/20 08,1,12
2011/10/20 09,1,5
2011/10/20 14,1,7
2011/10/20 15,1,7
2011/10/20 16,1,0
2011/10/20 17,1,0
2011/10/20 18,1,1
2011/10/20 20,1,2
2011/10/20 21,2,2
2011/10/20 22,1,2
2011/10/21 04,2,5
2011/10/21 05,3,10
2011/10/21 06,1,5
2011/10/21 07,1,3
2011/10/21 08,1,6
2011/10/21 09,2,14
2011/10/21 17,1,0
2011/10/21 18,1,0
2011/10/21 19,2,5
2011/10/21 20,1,9
2011/10/21 21,1,10
2011/10/21 22,1,9
2011/10/21 23,1,8
2011/10/22 00,1,8
2011/10/22 01,1,10
2011/10/22 02,1,8
2011/10/22 03,2,11
2011/10/22 04,2,13
2011/10/22 05,2,12
2011/10/22 06,3,13
2011/10/22 07,2,10
2011/10/22 08,1,9
2011/10/22 12,1,5
2011/10/22 13,1,6
2011/10/22 14,3,55
2011/10/22 15,2,91
2011/10/22 16,1,84
2011/10/22 17,1,141
2011/10/22 18,1,80
2011/10/22 19,1,1
2011/10/22 21,1,1
2011/10/22 22,2,4
2011/10/22 23,2,5
2011/10/23 00,1,3
2011/10/23 02,1,1
2011/10/23 03,1,2
2011/10/23 04,2,2
2011/10/23 05,2,4
2011/10/23 06,1,2
2011/10/23 07,1,2
2011/10/23 08,2,1
2011/10/23 09,2,2
2011/10/23 10,1,3
2011/10/23 11,1,4
2011/10/23 13,1,0
2011/10/23 14,1,24
2011/10/23 15,2,37
2011/10/23 16,1,5
2011/10/23 17,1,5
2011/10/23 19,1,3
2011/10/24 04,1,1
2011/10/24 22,1,22
2011/10/24 23,2,29
2011/10/25 00,2,28
2011/10/25 01,3,11
2011/10/25 02,3,45
2011/10/25 03,2,28
2011/10/25 04,2,17
2011/10/25 05,1,6
2011/10/25 06,1,7
2011/10/25 07,1,15
2011/10/25 08,1,11
2011/10/25 09,2,15
2011/10/25 10,2,30
2011/10/25 11,2,44
2011/10/25 12,2,38
2011/10/25 13,1,22
2011/10/25 14,1,34
2011/10/25 15,1,54
2011/10/25 16,1,42
2011/10/25 17,1,30
2011/10/25 18,1,24
2011/10/25 19,1,65
2011/10/25 20,2,53
2011/10/25 21,2,52
2011/10/25 22,1,32
2011/10/25 23,2,35
2011/10/26 00,3,50
2011/10/26 01,3,48
2011/10/26 02,3,21
2011/10/26 03,2,18
2011/10/26 04,1,7
2011/10/26 05,1,7
2011/10/26 06,1,15
2011/10/26 07,1,15
2011/10/26 17,1,0
2011/10/26 18,1,0
2011/10/26 20,1,1
2011/10/26 21,1,1
2011/10/26 22,1,8
2011/10/26 23,1,10
2011/10/27 00,1,7
2011/10/27 01,1,8
2011/10/27 02,1,5
2011/10/27 07,1,1
2011/10/27 08,1,4
2011/10/27 09,1,6
2011/10/27 18,1,30
2011/10/27 19,1,90
2011/10/27 20,1,61
2011/10/27 21,1,45
2011/10/27 22,1,33
2011/10/27 23,2,30
2011/10/28 00,2,26
2011/10/28 01,2,34
2011/10/28 02,2,49
2011/10/28 03,2,45
2011/10/28 04,2,30
2011/10/28 05,1,34
2011/10/28 07,1,1
2011/10/28 08,1,3
2011/10/28 09,1,3
2011/10/28 16,1,35
2011/10/28 17,3,71
2011/10/28 18,3,40
2011/10/28 19,2,16
2011/10/28 20,1,1
2011/10/28 21,1,1
2011/10/29 04,1,4
2011/10/29 05,1,9
2011/10/29 06,1,7
2011/10/29 07,1,7
2011/10/29 08,1,1
2011/10/29 09,1,2
2011/10/29 10,1,2
2011/10/29 15,1,28
2011/10/29 16,1,28
2011/10/29 17,1,26
2011/10/29 18,1,30
2011/10/29 19,1,24
2011/10/29 20,1,26
2011/10/29 21,2,29
2011/10/29 22,1,5
2011/10/29 23,2,3
2011/10/30 00,1,15
2011/10/30 01,1,26
2011/10/30 02,1,29
2011/10/30 03,1,20
2011/10/30 04,1,22
2011/10/30 05,2,21
2011/10/30 06,1,6
2011/10/30 07,1,5
2011/10/30 08,1,21
2011/10/30 09,1,13
2011/10/30 10,1,2
2011/10/30 11,1,1
2011/10/30 12,1,0
2011/10/30 13,1,2
2011/10/30 16,1,12
2011/10/30 17,2,67
2011/10/30 18,1,47
2011/10/30 21,1,4
2011/10/30 22,1,8
2011/10/30 23,1,6
2011/10/31 07,1,3
2011/10/31 08,2,8
2011/10/31 09,2,8
2011/10/31 10,1,4
2011/10/31 11,1,3
2011/10/31 12,1,0
2011/10/31 13,1,1
2011/10/31 14,1,2
2011/10/31 15,1,2
2011/10/31 16,1,1
2011/10/31 23,1,1
2011/11/01 00,1,4
2011/11/01 01,1,3
2011/11/01 03,1,4
2011/11/01 04,2,9
2011/11/01 05,2,8
2011/11/01 06,1,3
2011/11/01 12,1,6
2011/11/01 13,1,12
2011/11/03 18,1,2
2011/11/03 19,1,6
2011/11/03 20,1,6
2011/11/03 21,1,6
2011/11/03 22,1,7
2011/11/03 23,3,20
2011/11/04 00,4,27
2011/11/04 01,3,17
2011/11/04 02,2,18
2011/11/04 03,3,24
2011/11/04 04,3,55
2011/11/04 05,3,35
2011/11/04 06,2,29
2011/11/04 07,1,7
2011/11/04 08,1,8
2011/11/04 09,1,9
2011/11/04 10,1,8
2011/11/04 11,1,5
2011/11/04 12,1,8
2011/11/04 13,1,10
2011/11/04 14,1,8
2011/11/04 15,3,17
2011/11/04 16,4,23
2011/11/04 17,3,26
2011/11/04 18,1,12
2011/11/05 00,3,16
2011/11/05 01,3,18
2011/11/05 02,2,5
2011/11/05 03,2,30
2011/11/05 04,3,43
2011/11/05 05,2,16
2011/11/05 06,3,26
2011/11/05 07,3,19
2011/11/05 08,1,6
2011/11/05 09,1,7
2011/11/05 10,1,7
2011/11/05 11,1,9
2011/11/05 14,1,14
2011/11/05 15,1,41
2011/11/05 16,1,49
2011/11/05 17,1,45
2011/11/05 18,2,63
2011/11/05 19,1,7
2011/11/05 20,1,9
2011/11/05 21,2,18
2011/11/05 22,2,16
2011/11/05 23,3,21
2011/11/06 00,3,19
2011/11/06 01,3,20
2011/11/06 02,3,28
2011/11/06 03,5,59
2011/11/06 04,4,45
2011/11/06 05,2,23
2011/11/06 06,3,28
2011/11/06 07,3,33
2011/11/06 08,3,28
2011/11/06 09,3,32
2011/11/06 10,3,16
2011/11/06 11,1,1
2011/11/06 12,1,2
2011/11/06 13,1,2
2011/11/06 14,1,4
2011/11/06 15,1,4
2011/11/06 16,2,71
2011/11/06 17,2,68
2011/11/06 18,2,90
2011/11/06 19,4,676
2011/11/06 20,4,681
2011/11/06 21,5,664
2011/11/06 22,5,679
2011/11/06 23,4,638
2011/11/07 00,4,694
2011/11/07 01,3,699
2011/11/07 02,2,10
2011/11/07 03,3,19
2011/11/07 04,3,19
2011/11/07 05,2,19
2011/11/07 06,3,17
2011/11/07 07,3,16
2011/11/07 08,1,1
2011/11/07 16,2,4
2011/11/07 17,3,5
2011/11/07 18,1,5
2011/11/07 19,1,4
2011/11/07 20,2,4
2011/11/07 21,2,4
2011/11/08 01,1,285
2011/11/08 02,2,408
2011/11/08 03,4,409
2011/11/08 04,1,3
2011/11/08 09,1,2
2011/11/08 10,1,2
2011/11/08 15,1,2
2011/11/08 16,1,1
2011/11/08 17,1,1
2011/11/09 01,1,1
2011/11/09 02,2,4
2011/11/09 03,2,43
2011/11/09 04,1,40
2011/11/09 05,2,56
2011/11/09 06,1,62
2011/11/09 07,1,74
2011/11/09 08,1,68
2011/11/09 09,1,51
2011/11/09 23,1,1
2011/11/10 01,2,287
2011/11/10 02,2,634
2011/11/10 03,3,473
2011/11/10 04,3,475
2011/11/10 05,4,462
2011/11/10 06,3,27
2011/11/10 07,2,30
2011/11/10 08,1,2
2011/11/10 16,1,1
2011/11/10 17,1,4
2011/11/10 18,1,2
2011/11/10 19,1,1
2011/11/10 20,1,2
2011/11/10 21,1,1
2011/11/10 22,1,0
2011/11/10 23,1,1
2011/11/11 00,2,21
2011/11/11 01,2,22
2011/11/11 03,1,1
2011/11/11 04,1,0
2011/11/11 05,2,2
2011/11/11 06,1,0
2011/11/11 07,1,0
2011/11/11 10,1,2
2011/11/11 11,1,3
2011/11/11 12,1,5
2011/11/11 13,1,5
2011/11/11 14,1,6
2011/11/11 15,2,9
2011/11/11 16,1,6
2011/11/11 17,1,4
2011/11/11 18,2,13
2011/11/11 20,1,2
2011/11/11 21,1,2
2011/11/11 23,1,2
2011/11/12 00,2,4
2011/11/12 01,3,12
2011/11/12 02,1,2
2011/11/12 05,1,2
2011/11/12 06,1,2
2011/11/12 07,1,2
2011/11/12 08,1,3
2011/11/12 09,1,4
2011/11/12 12,1,1
2011/11/12 13,1,1
2011/11/12 14,1,2
2011/11/12 15,2,85
2011/11/12 16,2,75
2011/11/12 17,3,64
2011/11/12 18,2,59
2011/11/12 19,2,62
2011/11/12 21,1,2
2011/11/13 04,2,4
2011/11/13 05,2,24
2011/11/13 06,2,12
2011/11/13 07,1,2
2011/11/13 08,1,2
2011/11/13 15,1,141
2011/11/13 16,1,95
2011/11/13 17,1,94
2011/11/13 18,1,83
2011/11/13 19,2,96
2011/11/13 20,1,6
2011/11/13 21,2,7
2011/11/13 22,2,7
2011/11/13 23,1,8
2011/11/14 00,1,8
2011/11/14 02,1,2
2011/11/14 03,1,4
2011/11/14 04,2,10
2011/11/14 05,2,8
2011/11/14 06,1,3
2011/11/14 07,1,3
2011/11/14 12,1,1
2011/11/14 13,2,11
2011/11/14 14,2,76
2011/11/14 15,1,82
2011/11/14 16,1,73
2011/11/14 17,1,7
2011/11/14 18,2,1095
2011/11/14 19,5,1365
2011/11/14 20,6,1440
2011/11/14 21,5,75
2011/11/14 22,5,60
2011/11/14 23,3,23
2011/11/15 00,2,16
2011/11/15 01,2,20
2011/11/15 02,3,25
2011/11/15 03,2,13
2011/11/15 04,3,25
2011/11/15 05,4,34
2011/11/15 06,6,36
2011/11/15 07,6,54
2011/11/15 08,6,56
2011/11/15 09,4,31
2011/11/15 10,4,44
2011/11/15 11,2,18
2011/11/15 12,2,12
2011/11/15 13,4,23
2011/11/15 14,5,47
2011/11/15 15,7,81
2011/11/15 16,4,77
2011/11/15 17,6,105
2011/11/15 18,8,133
2011/11/15 19,16,335
2011/11/15 20,18,521
2011/11/15 21,20,557
2011/11/15 22,19,202
2011/11/15 23,17,233
2011/11/16 00,20,1459
2011/11/16 01,21,1742
2011/11/16 02,21,814
2011/11/16 03,18,664
2011/11/16 04,20,776
2011/11/16 05,17,591
2011/11/16 06,15,761
2011/11/16 07,11,351
2011/11/16 08,9,324
2011/11/16 09,5,305
2011/11/16 10,5,192
2011/11/16 11,2,12
2011/11/16 12,2,22
2011/11/16 13,3,34
2011/11/16 14,4,89
2011/11/16 15,6,153
2011/11/16 16,8,132
2011/11/16 17,6,132
2011/11/16 18,6,89
2011/11/16 19,6,40
2011/11/16 20,7,43
2011/11/16 21,9,96
2011/11/16 22,7,85
2011/11/16 23,9,119
2011/11/17 00,10,136
2011/11/17 01,10,104
2011/11/17 02,10,70
2011/11/17 03,10,90
2011/11/17 04,9,89
2011/11/17 05,9,102
2011/11/17 06,8,87
2011/11/17 07,6,44
2011/11/17 08,5,23
2011/11/17 09,3,20
2011/11/17 10,2,21
2011/11/17 11,1,3
2011/11/17 12,2,16
2011/11/17 13,4,23
2011/11/17 14,5,37
2011/11/17 15,7,53
2011/11/17 16,5,35
2011/11/17 17,4,37
2011/11/17 18,7,67
2011/11/17 19,9,638
2011/11/17 20,9,707
2011/11/17 21,12,737
2011/11/17 22,9,712
2011/11/17 23,5,765
2011/11/18 00,5,787
2011/11/18 01,4,996
2011/11/18 02,7,845
2011/11/18 03,5,47
2011/11/18 04,6,105
2011/11/18 05,8,103
2011/11/18 06,9,115
2011/11/18 07,6,93
2011/11/18 08,6,734
2011/11/18 09,5,26
2011/11/18 10,5,32
2011/11/18 11,1,0
2011/11/18 12,2,2
2011/11/18 13,1,2
2011/11/18 14,2,9
2011/11/18 15,4,28
2011/11/18 16,4,25
2011/11/18 17,3,21
2011/11/18 18,5,24
2011/11/18 19,4,23
2011/11/18 20,7,49
2011/11/18 21,6,152
2011/11/18 22,9,73
2011/11/18 23,10,67
2011/11/19 00,10,76
2011/11/19 01,10,94
2011/11/19 02,12,1229
2011/11/19 03,10,787
2011/11/19 04,6,970
2011/11/19 05,5,66
2011/11/19 06,7,69
2011/11/19 07,4,26
2011/11/19 08,5,46
2011/11/19 09,5,49
2011/11/19 10,4,44
2011/11/19 11,2,15
2011/11/19 12,2,15
2011/11/19 13,2,19
2011/11/19 14,3,26
2011/11/19 15,3,95
2011/11/19 16,5,98
2011/11/19 17,5,128
2011/11/19 18,5,151
2011/11/19 19,8,162
2011/11/19 20,6,103
2011/11/19 21,7,104
2011/11/19 22,8,83
2011/11/19 23,6,49
2011/11/20 00,6,42
2011/11/20 01,8,50
2011/11/20 02,7,67
2011/11/20 03,5,16
2011/11/20 04,3,10
2011/11/20 05,4,13
2011/11/20 06,6,411
2011/11/20 07,6,665
2011/11/20 08,7,645
2011/11/20 09,7,460
2011/11/20 10,4,29
2011/11/20 11,2,20
2011/11/20 12,2,22
2011/11/20 13,1,36
2011/11/20 14,3,38
2011/11/20 15,5,187
2011/11/20 16,8,241
2011/11/20 17,8,179
2011/11/20 18,12,182
2011/11/20 19,9,150
2011/11/20 20,8,63
2011/11/20 21,11,138
2011/11/20 22,12,266
2011/11/20 23,14,301
2011/11/21 00,11,317
2011/11/21 01,10,277
2011/11/21 02,9,274
2011/11/21 03,7,175
2011/11/21 04,9,157
2011/11/21 05,7,44
2011/11/21 06,7,39
2011/11/21 07,5,38
2011/11/21 08,4,39
2011/11/21 09,3,28
2011/11/21 10,1,18
2011/11/21 14,1,2
2011/11/21 15,3,16
2011/11/21 16,3,22
2011/11/21 17,1,8
2011/11/21 18,6,13
2011/11/21 19,8,61
2011/11/21 20,11,83
2011/11/21 21,11,87
2011/11/21 22,11,176
2011/11/21 23,9,125
2011/11/22 00,6,28
2011/11/22 01,3,21
2011/11/22 02,9,251
2011/11/22 03,9,356
2011/11/22 04,8,412
2011/11/22 05,8,101
2011/11/22 06,6,79
2011/11/22 07,6,55
2011/11/22 08,5,36
2011/11/22 09,3,33
2011/11/22 10,3,36
2011/11/22 11,1,11
2011/11/22 12,1,13
2011/11/22 13,1,12
2011/11/22 14,2,15
2011/11/22 15,3,23
2011/11/22 16,6,54
2011/11/22 17,4,181
2011/11/22 18,7,262
2011/11/22 19,9,304
2011/11/22 20,10,347
2011/11/22 21,9,305
2011/11/22 22,6,86
2011/11/22 23,3,39
2011/11/23 00,7,268
2011/11/23 01,9,364
2011/11/23 02,8,119
2011/11/23 03,7,130
2011/11/23 04,9,74
2011/11/23 05,6,70
2011/11/23 06,7,41
2011/11/23 07,6,41
2011/11/23 08,4,44
2011/11/23 09,3,44
2011/11/23 10,2,38
2011/11/23 11,1,30
2011/11/23 12,1,26
2011/11/23 13,2,33
2011/11/23 14,1,34
2011/11/23 15,1,35
2011/11/23 16,3,52
2011/11/23 17,3,69
2011/11/23 18,5,80
2011/11/23 19,5,81
2011/11/23 20,6,60
2011/11/23 21,5,57
2011/11/23 22,5,59
2011/11/23 23,6,68
2011/11/24 00,6,61
2011/11/24 01,8,82
2011/11/24 02,6,67
2011/11/24 03,4,63
2011/11/24 04,6,94
2011/11/24 05,7,99
2011/11/24 06,5,81
2011/11/24 07,3,48
2011/11/24 08,5,44
2011/11/24 09,4,35
2011/11/24 10,3,25
2011/11/24 11,2,10
2011/11/24 12,2,18
2011/11/24 13,1,15
2011/11/24 14,2,17
2011/11/24 16,1,6
2011/11/24 17,3,10
2011/11/24 18,1,6
2011/11/24 19,1,6
2011/11/24 20,4,9
2011/11/24 21,4,11
2011/11/24 22,2,9
2011/11/24 23,1,10
2011/11/25 00,3,14
2011/11/25 01,3,13
2011/11/25 02,2,13
2011/11/25 03,2,15
2011/11/25 04,4,19
2011/11/25 05,6,27
2011/11/25 06,5,22
2011/11/25 07,5,25
2011/11/25 08,2,14
2011/11/25 09,2,13
2011/11/25 10,1,9
2011/11/25 11,2,6
2011/11/25 12,2,6
2011/11/25 13,3,11
2011/11/25 14,5,18
2011/11/25 15,3,23
2011/11/25 16,3,19
2011/11/25 18,1,1
2011/11/25 19,3,11
2011/11/25 20,6,28
2011/11/25 21,8,35
2011/11/25 22,6,21
2011/11/25 23,4,17
2011/11/26 00,4,24
2011/11/26 01,4,21
2011/11/26 02,4,19
2011/11/26 03,4,19
2011/11/26 04,6,26
2011/11/26 05,6,24
2011/11/26 06,6,22
2011/11/26 07,3,10
2011/11/26 08,3,9
2011/11/26 09,2,6
2011/11/26 10,2,6
2011/11/26 11,3,17
2011/11/26 12,3,8
2011/11/26 13,2,10
2011/11/26 14,3,14
2011/11/26 15,2,72
2011/11/26 16,3,72
2011/11/26 17,2,66
2011/11/26 18,3,74
2011/11/26 19,5,89
2011/11/26 20,4,34
2011/11/26 21,5,42
2011/11/26 22,6,48
2011/11/26 23,8,47
2011/11/27 00,6,25
2011/11/27 01,7,32
2011/11/27 02,6,34
2011/11/27 03,6,57
2011/11/27 04,4,90
2011/11/27 05,6,98
2011/11/27 06,5,67
2011/11/27 07,5,11
2011/11/27 08,3,10
2011/11/27 09,2,11
2011/11/27 10,2,8
2011/11/27 11,2,3
2011/11/27 12,1,9
2011/11/27 13,1,1
2011/11/27 14,1,4
2011/11/27 15,1,70
2011/11/27 16,4,98
2011/11/27 17,3,42
2011/11/27 18,5,177
2011/11/27 19,6,109
2011/11/27 20,6,242
2011/11/27 21,7,144
2011/11/27 22,3,100
2011/11/27 23,8,192
2011/11/28 00,6,98
2011/11/28 01,9,102
2011/11/28 02,8,108
2011/11/28 03,10,118
2011/11/28 04,9,60
2011/11/28 05,4,27
2011/11/28 06,5,36
2011/11/28 07,3,16
2011/11/28 08,2,17
2011/11/28 09,2,18
2011/11/28 10,1,16
2011/11/28 11,1,13
2011/11/28 15,1,2
2011/11/28 16,2,129
2011/11/28 17,2,254
2011/11/28 18,1,326
2011/11/28 19,3,340
2011/11/28 20,4,423
2011/11/28 21,3,408
2011/11/28 22,3,18
2011/11/28 23,2,33
2011/11/29 00,1,27
2011/11/29 01,1,14
2011/11/29 02,3,17
2011/11/29 03,2,5
2011/11/29 04,1,3
2011/11/29 05,1,4
2011/11/29 06,1,2
2011/11/29 07,2,1
2011/11/29 14,2,36
2011/11/29 15,2,83
2011/11/29 16,2,69
2011/11/29 17,2,58
2011/11/29 18,6,28
2011/11/29 19,8,45
2011/11/29 20,11,59
2011/11/29 21,10,63
2011/11/29 22,10,59
2011/11/29 23,8,53
2011/11/30 00,9,47
2011/11/30 01,7,38
2011/11/30 02,6,33
2011/11/30 03,7,36
2011/11/30 04,6,30
2011/11/30 05,4,35
2011/11/30 06,2,12
2011/11/30 07,1,10
2011/11/30 08,1,10
2011/11/30 09,1,6
2011/11/30 10,2,11
2011/11/30 11,2,7
2011/11/30 14,1,7
2011/11/30 15,1,7
2011/11/30 16,4,33
2011/11/30 17,4,69
2011/11/30 18,5,126
2011/11/30 19,6,63
2011/11/30 20,6,61
2011/11/30 21,6,82
2011/11/30 22,7,59
2011/11/30 23,5,15
2011/12/01 00,6,23
2011/12/01 01,6,24
2011/12/01 02,7,46
2011/12/01 03,8,77
2011/12/01 04,7,73
2011/12/01 05,7,125
2011/12/01 06,8,73
2011/12/01 07,8,49
2011/12/01 08,7,32
2011/12/01 09,5,14
2011/12/01 10,4,16
2011/12/01 11,3,13
2011/12/01 12,3,22
2011/12/01 13,5,63
2011/12/01 14,5,164
2011/12/01 15,5,204
2011/12/01 16,6,277
2011/12/01 17,8,353
2011/12/01 18,9,386
2011/12/01 19,9,387
2011/12/01 20,11,380
2011/12/01 21,7,98
2011/12/01 22,5,31
2011/12/01 23,4,28
2011/12/02 00,2,10
2011/12/02 01,2,10
2011/12/02 02,2,11
2011/12/02 03,4,19
2011/12/02 04,6,38
2011/12/02 05,5,30
2011/12/02 06,2,22
2011/12/02 07,1,20
2011/12/02 09,1,2
2011/12/02 10,1,2
2011/12/02 11,2,8
2011/12/02 12,4,14
2011/12/02 13,3,11
2011/12/02 14,5,99
2011/12/02 15,4,171
2011/12/02 16,6,271
2011/12/02 17,4,307
2011/12/02 18,5,342
2011/12/02 19,5,346
2011/12/02 20,5,331
2011/12/02 21,5,44
2011/12/02 22,6,106
2011/12/02 23,5,48
2011/12/03 00,4,34
2011/12/03 01,4,34
2011/12/03 02,6,41
2011/12/03 03,8,92
2011/12/03 04,8,123
2011/12/03 05,5,152
2011/12/03 06,3,116
2011/12/03 07,3,110
2011/12/03 08,4,138
2011/12/03 09,3,120
2011/12/03 10,1,1
2011/12/03 11,3,11
2011/12/03 12,2,10
2011/12/03 13,2,3
2011/12/03 14,3,8
2011/12/03 15,5,18
2011/12/03 16,5,35
2011/12/03 17,6,51
2011/12/03 18,7,49
2011/12/03 19,6,57
2011/12/03 20,6,65
2011/12/03 21,4,52
2011/12/03 22,6,46
2011/12/03 23,4,51
2011/12/04 00,7,59
2011/12/04 01,5,52
2011/12/04 02,7,76
2011/12/04 03,6,66
2011/12/04 04,6,64
2011/12/04 05,6,77
2011/12/04 06,5,75
2011/12/04 07,5,60
2011/12/04 08,4,62
2011/12/04 09,4,52
2011/12/04 10,4,79
2011/12/04 11,5,74
2011/12/04 12,3,52
2011/12/04 13,4,103
2011/12/04 14,4,217
2011/12/04 15,5,314
2011/12/04 16,5,352
2011/12/04 17,5,417
2011/12/04 18,6,414
2011/12/04 19,6,78
2011/12/04 20,7,78
2011/12/04 21,7,64
2011/12/04 22,7,71
2011/12/04 23,6,81
2011/12/05 00,4,80
2011/12/05 01,5,77
2011/12/05 02,5,58
2011/12/05 03,4,58
2011/12/05 04,3,51
2011/12/05 05,2,49
2011/12/05 06,3,63
2011/12/05 07,4,56
2011/12/05 08,5,75
2011/12/05 09,4,68
2011/12/05 10,3,60
2011/12/05 11,4,73
2011/12/05 12,4,103
2011/12/05 13,4,230
2011/12/05 14,4,206
2011/12/05 15,6,205
2011/12/05 16,6,199
2011/12/05 17,4,80
2011/12/05 18,4,68
2011/12/05 19,4,70
2011/12/05 20,4,81
2011/12/05 21,2,72
2011/12/05 22,2,7
2011/12/05 23,6,13
2011/12/06 00,5,9
2011/12/06 01,5,7
2011/12/06 02,3,5
2011/12/06 03,3,9
2011/12/06 04,4,12
2011/12/06 05,2,10
2011/12/06 06,1,5
2011/12/06 14,1,1
2011/12/06 15,2,2
2011/12/06 16,3,11
2011/12/06 17,3,14
2011/12/06 18,4,31
2011/12/06 19,2,31
2011/12/06 20,2,374
2011/12/06 21,2,391
2011/12/06 22,4,412
2011/12/06 23,6,430
2011/12/07 00,4,358
2011/12/07 01,3,193
2011/12/07 02,3,16
2011/12/07 03,4,21
2011/12/07 04,6,39
2011/12/07 05,5,36
2011/12/07 06,6,34
2011/12/07 07,3,14
2011/12/07 08,2,8
2011/12/07 11,1,2
2011/12/07 12,1,8
2011/12/07 13,2,5
2011/12/07 15,1,4
2011/12/07 16,2,18
2011/12/07 17,3,25
2011/12/07 18,3,18
2011/12/07 19,2,8
2011/12/07 20,1,2
2011/12/07 21,4,25
2011/12/07 22,1,3
2011/12/07 23,3,19
2011/12/08 00,3,360
2011/12/08 01,5,659
2011/12/08 02,7,739
2011/12/08 03,7,1233
2011/12/08 04,7,35
2011/12/08 05,5,39
2011/12/08 06,5,42
2011/12/08 07,6,33
2011/12/08 08,2,11
2011/12/08 09,4,15
2011/12/08 10,1,2
2011/12/08 11,1,10
2011/12/08 12,2,10
2011/12/08 13,1,16
2011/12/08 14,1,18
2011/12/08 15,1,34
2011/12/08 16,2,29
2011/12/08 17,1,6
2011/12/08 18,4,11
2011/12/08 19,3,8
2011/12/08 20,3,10
2011/12/08 21,3,14
2011/12/08 22,3,25
2011/12/08 23,4,45
2011/12/09 00,3,35
2011/12/09 01,1,3
2011/12/09 02,3,9
2011/12/09 03,2,11
2011/12/09 04,1,5
2011/12/09 05,5,11
2011/12/09 06,6,14
2011/12/09 07,2,3
2011/12/09 08,1,0
2011/12/09 09,2,1
2011/12/09 10,1,5
2011/12/09 11,1,2
2011/12/09 15,3,11
2011/12/09 16,3,44
2011/12/09 17,6,296
2011/12/09 18,3,116
2011/12/09 19,2,87
2011/12/09 20,3,70
2011/12/09 21,5,74
2011/12/09 22,5,63
2011/12/09 23,6,42
2011/12/10 00,3,52
2011/12/10 01,4,45
2011/12/10 02,4,34
2011/12/10 03,4,47
2011/12/10 04,4,51
2011/12/10 05,2,17
2011/12/10 06,2,5
2011/12/10 07,4,78
2011/12/10 08,3,7
2011/12/10 09,3,10
2011/12/10 10,1,3
2011/12/10 14,1,0
2011/12/10 16,3,136
2011/12/10 17,5,175
2011/12/10 18,2,140
2011/12/10 19,5,165
2011/12/10 20,9,109
2011/12/10 21,7,105
2011/12/10 22,5,25
2011/12/10 23,3,146
2011/12/11 00,2,9
2011/12/11 01,3,20
2011/12/11 02,4,24
2011/12/11 03,4,8
2011/12/11 04,2,4
2011/12/11 06,3,11
2011/12/11 07,3,13
2011/12/11 08,2,4
2011/12/11 11,1,2
2011/12/11 13,1,1
2011/12/11 14,1,3
2011/12/11 15,2,67
2011/12/11 16,3,246
2011/12/11 17,3,303
2011/12/11 18,4,356
2011/12/11 19,4,59
2011/12/11 20,3,62
2011/12/11 21,2,68
2011/12/11 22,2,10
2011/12/11 23,3,22
2011/12/12 00,3,23
2011/12/12 01,3,20
2011/12/12 02,4,20
2011/12/12 03,3,26
2011/12/12 04,4,47
2011/12/12 05,4,44
2011/12/12 06,2,32
2011/12/12 13,2,5
2011/12/12 14,1,7
2011/12/12 15,2,7
2011/12/12 16,1,1
2011/12/12 17,2,3
2011/12/12 18,1,3
2011/12/12 19,5,19
2011/12/12 20,6,26
2011/12/12 21,5,14
2011/12/12 22,3,44
2011/12/12 23,5,19
2011/12/13 00,4,16
2011/12/13 01,1,3
2011/12/13 02,1,1
2011/12/13 03,1,3
2011/12/13 04,1,5
2011/12/13 07,1,2
2011/12/13 08,2,4
2011/12/13 10,1,9
2011/12/13 11,1,8
2011/12/13 12,1,9
2011/12/13 13,1,10
2011/12/13 14,1,13
2011/12/13 15,3,20
2011/12/13 16,2,6
2011/12/13 17,3,8
2011/12/13 18,4,12
2011/12/13 19,6,20
2011/12/13 20,5,32
2011/12/13 21,5,42
2011/12/13 22,4,29
2011/12/13 23,4,19
2011/12/14 00,4,15
2011/12/14 01,4,53
2011/12/14 02,4,71
2011/12/14 03,3,36
2011/12/14 04,3,435
2011/12/14 05,3,17
2011/12/14 06,3,13
2011/12/14 07,3,21
2011/12/14 08,2,23
2011/12/14 09,1,17
2011/12/14 10,1,11
2011/12/14 11,1,11
2011/12/14 12,1,15
2011/12/14 13,1,4
2011/12/14 14,1,43
2011/12/14 15,1,20
2011/12/14 17,1,2
2011/12/14 18,2,7
2011/12/14 19,2,7
2011/12/14 20,2,9
2011/12/14 21,2,12
2011/12/14 22,3,13
2011/12/14 23,2,6
2011/12/15 00,2,7
2011/12/15 01,2,9
2011/12/15 02,2,9
2011/12/15 03,3,11
2011/12/15 04,4,69
2011/12/15 05,3,20
2011/12/15 06,1,8
2011/12/15 07,2,17
2011/12/15 08,1,5
2011/12/15 09,1,6
2011/12/15 10,1,4
2011/12/15 11,1,4
2011/12/15 12,1,4
2011/12/15 13,1,5
2011/12/15 14,1,4
2011/12/15 15,1,3
2011/12/15 16,2,3
2011/12/15 17,1,1
2011/12/15 18,2,2
2011/12/15 19,1,4
2011/12/15 20,1,2
2011/12/15 21,2,23
2011/12/15 22,3,35
2011/12/15 23,3,30
2011/12/16 00,2,34
2011/12/16 01,2,32
2011/12/16 02,3,39
2011/12/16 03,2,34
2011/12/16 04,3,34
2011/12/16 05,3,29
2011/12/16 06,1,52
2011/12/16 07,1,32
2011/12/16 08,1,33
2011/12/16 09,3,26
2011/12/16 10,4,29
2011/12/16 11,2,4
2011/12/16 12,1,2
2011/12/16 17,2,3
2011/12/16 18,2,3
2011/12/16 20,2,9
2011/12/16 21,3,14
2011/12/16 22,4,12
2011/12/16 23,4,15
2011/12/17 00,6,489
2011/12/17 01,5,262
2011/12/17 02,4,153
2011/12/17 03,4,129
2011/12/17 04,3,126
2011/12/17 05,2,13
2011/12/17 06,2,14
2011/12/17 07,2,21
2011/12/17 08,3,32
2011/12/17 09,2,25
2011/12/17 10,2,33
2011/12/17 11,1,17
2011/12/17 12,3,21
2011/12/17 13,2,23
2011/12/17 14,1,32
2011/12/17 15,2,78
2011/12/17 16,1,46
2011/12/17 17,1,73
2011/12/17 18,3,69
2011/12/17 19,5,79
2011/12/17 20,5,92
2011/12/17 21,6,82
2011/12/17 22,4,50
2011/12/17 23,4,67
2011/12/18 00,1,13
2011/12/18 01,2,12
2011/12/18 02,1,9
2011/12/18 03,2,12
2011/12/18 04,2,11
2011/12/18 05,3,13
2011/12/18 06,3,12
2011/12/18 07,2,10
2011/12/18 08,2,32
2011/12/18 09,2,20
2011/12/18 10,1,62
2011/12/18 11,1,37
2011/12/18 12,1,50
2011/12/18 13,1,31
2011/12/18 14,1,27
2011/12/18 15,2,19
2011/12/18 16,2,15
2011/12/18 17,4,33
2011/12/18 18,3,35
2011/12/18 19,1,49
2011/12/18 20,3,98
2011/12/18 21,1,18
2011/12/18 22,2,17
2011/12/18 23,1,146
2011/12/19 00,1,17
2011/12/19 01,3,17
2011/12/19 02,2,8
2011/12/19 03,2,12
2011/12/19 04,2,13
2011/12/19 05,4,13
2011/12/19 06,3,665
2011/12/19 07,3,24
2011/12/19 08,3,46
2011/12/19 09,3,21
2011/12/19 10,2,20
2011/12/19 11,2,41
2011/12/19 12,2,25
2011/12/19 13,2,24
2011/12/19 14,2,36
2011/12/19 15,2,41
2011/12/19 16,1,62
2011/12/19 17,2,47
2011/12/19 18,1,35
2011/12/19 19,2,28
2011/12/19 20,2,63
2011/12/19 21,1,66
2011/12/19 22,2,42
2011/12/19 23,2,40
2011/12/20 00,1,43
2011/12/20 01,2,237
2011/12/20 02,3,149
2011/12/20 03,1,27
2011/12/20 04,1,20
2011/12/20 05,2,8
2011/12/20 06,2,21
2011/12/20 07,1,1
2011/12/20 08,1,3
2011/12/20 09,1,4
2011/12/20 10,2,9
2011/12/20 11,2,5
2011/12/20 12,1,2
2011/12/20 15,1,1
2011/12/20 16,2,4
2011/12/20 17,1,2
2011/12/20 18,1,1
2011/12/20 19,1,1
2011/12/20 20,3,2
2011/12/20 21,1,1
2011/12/20 22,3,2
2011/12/20 23,3,81
2011/12/21 00,3,90
2011/12/21 01,3,71
2011/12/21 02,4,65
2011/12/21 03,4,34
2011/12/21 04,3,8
2011/12/21 05,2,6
2011/12/21 06,2,4
2011/12/21 07,4,6
2011/12/21 08,3,7
2011/12/21 09,3,5
2011/12/21 10,3,5
2011/12/21 11,2,3
2011/12/21 12,1,4
2011/12/21 13,1,5
2011/12/21 14,1,1
2011/12/21 15,1,3
2011/12/21 16,2,3
2011/12/21 17,2,10
2011/12/21 18,1,2
2011/12/21 19,1,182
2011/12/21 20,1,438
2011/12/21 21,2,445
2011/12/21 22,2,268
2011/12/21 23,3,328
2011/12/22 00,3,241
2011/12/22 01,3,203
2011/12/22 02,2,172
2011/12/22 03,2,131
2011/12/22 04,2,104
2011/12/22 05,3,88
2011/12/22 06,2,48
2011/12/22 07,1,0
2011/12/22 08,1,0
2011/12/22 09,2,12
2011/12/22 10,2,6
2011/12/22 11,2,7
2011/12/22 12,2,5
2011/12/22 13,1,2
2011/12/22 19,2,68
2011/12/22 20,2,79
2011/12/22 21,4,325
2011/12/22 22,3,344
2011/12/22 23,5,337
2011/12/23 00,5,298
2011/12/23 01,4,280
2011/12/23 02,3,249
2011/12/23 03,3,150
2011/12/23 04,4,154
2011/12/23 05,3,51
2011/12/23 06,3,50
2011/12/23 07,1,2
2011/12/23 08,1,1
2011/12/23 09,2,34
2011/12/23 10,2,46
2011/12/23 11,2,45
2011/12/23 12,2,36
2011/12/23 13,3,36
2011/12/23 14,2,40
2011/12/23 15,2,35
2011/12/23 16,3,30
2011/12/23 17,3,21
2011/12/23 18,3,20
2011/12/23 19,2,14
2011/12/23 20,3,10
2011/12/23 21,2,4
2011/12/23 22,2,2
2011/12/23 23,3,2
2011/12/24 00,2,77
2011/12/24 01,2,73
2011/12/24 02,1,2
2011/12/24 06,2,5
2011/12/24 07,3,7
2011/12/24 08,2,3
2011/12/24 09,2,3
2011/12/24 10,2,3
2011/12/24 11,2,3
2011/12/24 12,1,0
2011/12/24 13,1,0
2011/12/24 14,2,3
2011/12/24 15,2,3
2011/12/24 16,3,2
2011/12/24 17,2,3
2011/12/24 18,4,387
2011/12/24 19,3,95
2011/12/24 20,3,136
2011/12/24 21,3,147
2011/12/24 22,4,160
2011/12/24 23,2,6
2011/12/25 00,1,2
2011/12/25 01,2,6
2011/12/25 03,1,0
2011/12/25 04,2,3
2011/12/25 05,2,4
2011/12/25 06,2,3
2011/12/25 18,2,4
2011/12/25 19,1,6
2011/12/25 20,1,5
2011/12/25 21,1,4
2011/12/25 22,3,30
2011/12/25 23,5,50
2011/12/26 00,6,96
2011/12/26 01,4,8
2011/12/26 02,2,6
2011/12/26 03,2,7
2011/12/26 04,2,7
2011/12/26 05,3,10
2011/12/26 06,1,7
2011/12/26 07,1,6
2011/12/26 08,1,3
2011/12/26 09,1,4
2011/12/26 13,2,5
2011/12/26 16,5,14
2011/12/26 17,4,11
2011/12/26 18,1,30
2011/12/26 19,2,67
2011/12/26 20,1,82
2011/12/26 21,2,47
2011/12/26 22,4,40
2011/12/26 23,1,1
2011/12/27 00,2,3
2011/12/27 01,2,6
2011/12/27 02,3,13
2011/12/27 03,5,16
2011/12/27 04,5,115
2011/12/27 05,2,6
2011/12/27 06,4,9
2011/12/27 07,3,11
2011/12/27 08,4,18
2011/12/27 09,2,10
2011/12/27 10,1,7
2011/12/27 11,1,7
2011/12/27 12,1,5
2011/12/27 13,1,4
2011/12/27 16,1,3
2011/12/27 17,2,3
2011/12/27 18,1,3
2011/12/27 19,2,15
2011/12/27 20,3,23
2011/12/27 21,4,18
2011/12/27 22,3,9
2011/12/27 23,3,29
2011/12/28 00,2,62
2011/12/28 01,3,45
2011/12/28 02,2,41
2011/12/28 03,2,5
2011/12/28 04,4,44
2011/12/28 05,2,53
2011/12/28 06,2,55
2011/12/28 08,2,6
2011/12/28 09,2,13
2011/12/28 10,3,14
2011/12/28 11,2,12
2011/12/28 12,1,5
2011/12/28 16,2,3
2011/12/28 18,1,4
2011/12/28 19,2,6
2011/12/28 20,1,2
2011/12/28 21,2,4
2011/12/28 22,1,4
2011/12/28 23,1,2
2011/12/29 01,2,3
2011/12/29 02,3,9
2011/12/29 03,2,32
2011/12/29 04,2,61
2011/12/29 05,3,52
2011/12/29 06,3,93
2011/12/29 07,2,107
2011/12/29 08,1,41
2011/12/29 09,1,47
2011/12/29 10,3,54
2011/12/29 11,2,36
2011/12/29 12,1,5
2011/12/29 13,1,5
2011/12/29 14,1,2
2011/12/29 15,2,4
2011/12/29 16,2,3
2011/12/29 17,1,1
2011/12/29 18,3,448
2011/12/29 19,5,520
2011/12/29 20,5,509
2011/12/29 21,4,537
2011/12/29 22,3,24
2011/12/29 23,1,10
2011/12/30 00,1,12
2011/12/30 01,3,4
2011/12/30 02,6,20
2011/12/30 03,4,66
2011/12/30 04,3,126
2011/12/30 05,6,179
2011/12/30 06,5,139
2011/12/30 07,5,87
2011/12/30 08,3,47
2011/12/30 09,2,44
2011/12/30 11,2,18
2011/12/30 12,2,14
2011/12/30 13,3,16
2011/12/30 14,3,18
2011/12/30 15,3,20
2011/12/30 16,2,5
2011/12/30 17,1,5
2011/12/30 18,1,5
2011/12/30 19,1,2
2011/12/30 20,3,6
2011/12/30 21,3,10
2011/12/30 22,3,10
2011/12/30 23,4,19
2011/12/31 00,3,30
2011/12/31 01,3,65
2011/12/31 02,6,81
2011/12/31 03,8,121
2011/12/31 04,6,144
2011/12/31 05,8,284
2011/12/31 06,7,110
2011/12/31 07,6,72
2011/12/31 08,4,66
2011/12/31 09,3,97
2011/12/31 10,2,61
2011/12/31 11,1,1
2011/12/31 12,1,2
2011/12/31 16,1,1
2011/12/31 17,1,24
2011/12/31 18,2,205
2011/12/31 19,2,157
2011/12/31 20,2,117
2011/12/31 21,2,119
2011/12/31 22,1,74
2012/01/01 00,1,3
2012/01/01 01,1,3
2012/01/01 03,1,2
2012/01/01 04,3,40
2012/01/01 05,5,62
2012/01/01 06,5,68
2012/01/01 07,4,57
2012/01/01 08,2,46
2012/01/01 09,4,51
2012/01/01 10,3,23
2012/01/01 11,2,15
2012/01/01 12,2,15
2012/01/01 13,1,10
2012/01/01 18,1,134
2012/01/01 19,2,138
2012/01/01 20,5,198
2012/01/01 21,5,152
2012/01/01 22,5,125
2012/01/01 23,4,37
2012/01/02 00,4,20
2012/01/02 01,6,24
2012/01/02 02,8,41
2012/01/02 03,6,66
2012/01/02 04,5,62
2012/01/02 05,4,55
2012/01/02 06,5,9
2012/01/02 07,2,5
2012/01/02 08,2,3
2012/01/02 09,1,1
2012/01/02 10,2,8
2012/01/02 11,2,11
2012/01/02 12,3,57
2012/01/02 13,2,56
2012/01/02 14,2,58
2012/01/02 15,4,5
2012/01/02 16,3,2
2012/01/02 17,2,7
2012/01/02 18,5,45
2012/01/02 19,2,19
2012/01/02 20,4,30
2012/01/02 21,5,12
2012/01/02 22,4,14
2012/01/02 23,6,26
2012/01/03 00,5,55
2012/01/03 01,4,57
2012/01/03 02,2,36
2012/01/03 03,4,108
2012/01/03 04,4,79
2012/01/03 05,5,95
2012/01/03 06,7,165
2012/01/03 07,5,117
2012/01/03 08,6,383
2012/01/03 09,6,127
2012/01/03 10,4,70
2012/01/03 11,4,83
2012/01/03 12,4,74
2012/01/03 13,4,75
2012/01/03 14,3,72
2012/01/03 15,2,17
2012/01/03 16,2,24
2012/01/03 17,3,16
2012/01/03 18,1,3
2012/01/03 19,3,7
2012/01/03 20,4,6
2012/01/03 21,4,8
2012/01/03 22,2,3
2012/01/03 23,1,1
2012/01/04 00,1,38
2012/01/04 01,4,443
2012/01/04 02,4,90
2012/01/04 03,7,256
2012/01/04 04,8,149
2012/01/04 05,7,312
2012/01/04 06,8,136
2012/01/04 07,4,105
2012/01/04 08,1,50
2012/01/04 09,2,57
2012/01/04 10,3,49
2012/01/04 11,3,64
2012/01/04 12,4,78
2012/01/04 13,4,53
2012/01/04 14,2,65
2012/01/04 15,3,81
2012/01/04 16,2,96
2012/01/04 17,1,87
2012/01/04 18,1,0
2012/01/04 19,3,9
2012/01/04 20,3,9
2012/01/04 21,4,552
2012/01/04 22,4,713
2012/01/04 23,1,3
2012/01/05 00,3,47
2012/01/05 01,5,64
2012/01/05 02,5,583
2012/01/05 03,4,147
2012/01/05 04,3,66
2012/01/05 05,2,1
2012/01/05 06,2,2
2012/01/05 07,1,2
2012/01/05 08,1,25
2012/01/05 10,1,9
2012/01/05 11,1,8
2012/01/05 12,1,9
2012/01/05 17,3,1
2012/01/05 18,1,7
2012/01/05 19,3,8
2012/01/05 20,3,9
2012/01/05 21,3,34
2012/01/05 22,3,21
2012/01/05 23,2,19
2012/01/06 00,3,21
2012/01/06 01,2,6
2012/01/06 02,1,2
2012/01/06 03,1,13
2012/01/06 04,2,74
2012/01/06 05,3,229
2012/01/06 06,3,133
2012/01/06 07,2,45
2012/01/06 08,2,31
2012/01/06 09,1,5
2012/01/06 10,1,8
2012/01/06 11,1,8
2012/01/06 12,1,12
2012/01/06 13,1,16
2012/01/06 14,1,19
2012/01/06 16,1,7
2012/01/06 17,2,16
2012/01/06 18,2,14
2012/01/06 19,2,112
2012/01/06 20,1,7
2012/01/06 21,3,29
2012/01/06 22,3,49
2012/01/06 23,3,41
2012/01/07 00,1,2
2012/01/07 01,4,18
2012/01/07 02,3,17
2012/01/07 03,1,0
2012/01/07 04,2,2
2012/01/07 05,3,14
2012/01/07 06,3,15
2012/01/07 07,2,15
2012/01/07 08,1,15
2012/01/07 09,1,17
2012/01/07 10,3,21
2012/01/07 11,2,16
2012/01/07 12,1,3
2012/01/07 13,1,6
2012/01/07 14,1,5
2012/01/07 15,1,7
2012/01/07 16,2,8
2012/01/07 17,3,13
2012/01/07 18,3,65
2012/01/07 19,2,240
2012/01/07 20,2,51
2012/01/07 21,3,61
2012/01/07 22,6,68
2012/01/07 23,4,6
2012/01/08 00,1,3
2012/01/08 01,1,1
2012/01/08 02,4,7
2012/01/08 03,3,13
2012/01/08 04,4,77
2012/01/08 05,6,112
2012/01/08 06,5,84
2012/01/08 07,3,72
2012/01/08 08,2,59
2012/01/08 09,3,46
2012/01/08 10,1,1
2012/01/08 14,1,1
2012/01/08 15,1,1
2012/01/08 16,1,1
2012/01/08 17,2,13
2012/01/08 18,3,19
2012/01/08 19,1,9
2012/01/08 20,4,14
2012/01/08 21,4,12
2012/01/08 22,2,8
2012/01/08 23,2,7
2012/01/09 00,1,1
2012/01/09 01,1,1
2012/01/09 03,5,55
2012/01/09 04,5,168
2012/01/09 05,6,129
2012/01/09 06,4,114
2012/01/09 07,3,68
2012/01/09 08,4,114
2012/01/09 09,5,126
2012/01/09 10,4,56
2012/01/09 11,1,13
2012/01/09 12,1,16
