2011/09/30 22,1,1
2011/09/30 23,1,1
2011/10/01 00,1,1
2011/10/01 01,1,1
2011/10/01 02,1,1
2011/10/01 15,1,6
2011/10/01 16,1,0
2011/10/01 17,1,11
2011/10/01 18,1,18
2011/10/02 00,2,4
2011/10/02 01,2,2
2011/10/02 02,1,4
2011/10/02 03,1,5
2011/10/02 04,1,3
2011/10/02 05,1,6
2011/10/02 10,1,10
2011/10/02 11,1,13
2011/10/02 18,1,11
2011/10/02 19,1,13
2011/10/02 20,1,8
2011/10/02 21,1,1
2011/10/02 22,1,1
2011/10/02 23,1,1
2011/10/03 00,1,1
2011/10/03 01,2,3
2011/10/03 02,1,1
2011/10/03 03,1,1
2011/10/03 04,1,1
2011/10/03 06,2,6
2011/10/03 07,2,9
2011/10/03 08,2,9
2011/10/03 20,1,5
2011/10/03 23,1,0
2011/10/04 00,1,1
2011/10/04 01,1,1
2011/10/04 02,1,1
2011/10/04 03,1,5
2011/10/04 05,1,6
2011/10/04 06,1,9
2011/10/04 07,2,16
2011/10/04 08,2,18
2011/10/04 09,1,15
2011/10/04 16,1,3
2011/10/04 17,1,5
2011/10/05 13,1,5
2011/10/05 14,1,14
2011/10/06 01,1,20
2011/10/06 02,1,29
2011/10/06 03,1,23
2011/10/06 04,2,20
2011/10/06 05,1,9
2011/10/06 14,1,21
2011/10/06 15,1,51
2011/10/06 16,1,71
2011/10/06 17,1,70
2011/10/06 18,2,64
2011/10/07 00,1,822
2011/10/07 01,1,872
2011/10/07 02,1,15
2011/10/07 03,1,26
2011/10/07 04,1,29
2011/10/07 05,1,20
2011/10/07 09,1,4
2011/10/07 10,1,4
2011/10/07 11,1,4
2011/10/07 12,1,4
2011/10/07 13,1,4
2011/10/07 19,1,454
2011/10/07 20,1,801
2011/10/07 21,1,844
2011/10/07 22,1,821
2011/10/07 23,1,786
2011/10/08 00,1,741
2011/10/08 01,1,745
2011/10/08 02,1,635
2011/10/08 03,1,591
2011/10/08 04,1,576
2011/10/08 05,2,549
2011/10/08 08,1,0
2011/10/08 11,1,31
2011/10/08 12,1,25
2011/10/08 14,1,1
2011/10/08 15,1,1
2011/10/08 16,3,21
2011/10/08 17,3,18
2011/10/08 18,2,8
2011/10/08 19,4,811
2011/10/08 20,3,893
2011/10/08 21,3,964
2011/10/08 22,2,859
2011/10/09 00,1,2
2011/10/09 01,2,9
2011/10/09 02,1,4
2011/10/09 03,3,46
2011/10/09 04,2,99
2011/10/09 05,3,49
2011/10/09 06,2,37
2011/10/09 07,2,27
2011/10/09 08,1,3
2011/10/09 09,2,12
2011/10/09 10,2,5
2011/10/09 11,2,7
2011/10/09 12,3,7
2011/10/09 13,3,7
2011/10/09 14,4,9
2011/10/09 15,1,2
2011/10/09 16,1,3
2011/10/09 18,1,713
2011/10/09 19,1,2
2011/10/09 20,1,2
2011/10/09 21,2,6
2011/10/09 22,2,7
2011/10/09 23,1,9
2011/10/10 00,1,17
2011/10/10 01,1,14
2011/10/10 02,1,20
2011/10/10 08,1,2
2011/10/10 11,1,0
2011/10/10 13,2,6
2011/10/10 14,3,19
2011/10/10 15,2,23
2011/10/10 16,3,53
2011/10/10 17,3,53
2011/10/10 21,3,52
2011/10/10 22,2,31
2011/10/10 23,2,31
2011/10/11 00,1,26
2011/10/11 01,1,22
2011/10/11 08,1,4
2011/10/11 09,1,5
2011/10/11 10,1,5
2011/10/11 11,1,6
2011/10/11 12,1,5
2011/10/11 13,1,6
2011/10/11 14,1,4
2011/10/11 16,1,0
2011/10/11 17,1,0
2011/10/11 19,1,2
2011/10/11 20,1,3
2011/10/12 02,1,1
2011/10/12 12,1,3
2011/10/12 22,2,17
2011/10/12 23,3,32
2011/10/13 00,2,38
2011/10/13 02,2,17
2011/10/13 03,3,23
2011/10/13 04,4,53
2011/10/13 05,3,43
2011/10/13 06,1,30
2011/10/13 07,1,14
2011/10/13 08,2,19
2011/10/13 09,1,2
2011/10/13 12,1,22
2011/10/13 13,1,88
2011/10/13 14,1,4
2011/10/13 15,1,6
2011/10/13 16,1,9
2011/10/13 17,1,8
2011/10/13 18,1,10
2011/10/13 19,1,8
2011/10/13 20,1,6
2011/10/13 21,1,1
2011/10/13 23,1,20
2011/10/14 00,1,28
2011/10/14 01,2,38
2011/10/14 02,2,41
2011/10/14 03,2,21
2011/10/14 04,2,12
2011/10/14 07,1,11
2011/10/14 08,2,12
2011/10/14 11,1,4
2011/10/14 12,1,9
2011/10/14 18,2,7
2011/10/14 19,2,10
2011/10/14 20,1,2
2011/10/14 22,2,5
2011/10/14 23,2,4
2011/10/15 00,2,4
2011/10/15 02,1,1
2011/10/15 03,2,3
2011/10/15 04,2,7
2011/10/15 05,1,4
2011/10/15 12,1,1
2011/10/15 13,1,3
2011/10/15 14,2,8
2011/10/15 15,2,21
2011/10/15 18,1,5
2011/10/15 19,2,11
2011/10/15 20,3,9
2011/10/15 21,2,9
2011/10/15 22,4,14
2011/10/15 23,4,13
2011/10/16 00,4,9
2011/10/16 01,3,10
2011/10/16 02,3,10
2011/10/16 03,2,6
2011/10/16 04,4,26
2011/10/16 05,4,29
2011/10/16 06,3,35
2011/10/16 07,3,41
2011/10/16 08,1,14
2011/10/16 09,1,15
2011/10/16 10,1,14
2011/10/16 11,1,11
2011/10/16 12,1,10
2011/10/16 13,1,4
2011/10/16 14,1,5
2011/10/16 15,2,10
2011/10/16 16,4,86
2011/10/16 17,2,157
2011/10/16 18,2,197
2011/10/16 19,3,17
2011/10/16 20,2,9
2011/10/16 21,3,69
2011/10/16 22,6,141
2011/10/16 23,7,161
2011/10/17 00,4,282
2011/10/17 01,5,153
2011/10/17 02,5,166
2011/10/17 03,4,190
2011/10/17 04,2,172
2011/10/17 05,1,176
2011/10/17 08,1,2
2011/10/17 09,1,10
2011/10/17 10,1,13
2011/10/17 11,1,13
2011/10/17 12,1,14
2011/10/17 13,1,4
2011/10/17 15,1,27
2011/10/17 16,1,30
2011/10/17 17,1,43
2011/10/17 18,2,74
2011/10/17 19,3,168
2011/10/17 20,3,264
2011/10/17 21,2,10
2011/10/17 22,6,35
2011/10/17 23,6,48
2011/10/18 00,5,53
2011/10/18 01,4,85
2011/10/18 02,7,400
2011/10/18 03,10,646
2011/10/18 04,17,1204
2011/10/18 05,23,1431
2011/10/18 06,29,1797
2011/10/18 07,28,2746
2011/10/18 08,23,2126
2011/10/18 09,22,2005
2011/10/18 10,15,1163
2011/10/18 11,14,1298
2011/10/18 12,15,720
2011/10/18 13,14,748
2011/10/18 14,14,833
2011/10/18 15,12,887
2011/10/18 16,17,998
2011/10/18 17,18,2397
2011/10/18 18,29,6353
2011/10/18 19,31,8967
2011/10/18 20,33,2418
2011/10/18 21,45,4823
2011/10/18 22,47,5025
2011/10/18 23,51,1850
2011/10/19 00,50,2078
2011/10/19 01,56,2169
2011/10/19 02,59,2314
2011/10/19 03,49,2200
2011/10/19 04,49,2071
2011/10/19 05,40,797
2011/10/19 06,26,765
2011/10/19 07,21,745
2011/10/19 08,19,802
2011/10/19 09,14,843
2011/10/19 10,13,501
2011/10/19 11,7,378
2011/10/19 12,9,489
2011/10/19 13,11,361
2011/10/19 14,13,441
2011/10/19 15,15,487
2011/10/19 16,23,726
2011/10/19 17,28,863
2011/10/19 18,22,930
2011/10/19 19,26,1019
2011/10/19 20,27,1328
2011/10/19 21,27,1189
2011/10/19 22,32,1210
2011/10/19 23,29,2159
2011/10/20 00,32,1856
2011/10/20 01,34,1972
2011/10/20 02,28,2555
2011/10/20 03,31,2607
2011/10/20 04,29,2617
2011/10/20 05,27,2337
2011/10/20 06,19,1490
2011/10/20 07,13,657
2011/10/20 08,15,666
2011/10/20 09,13,291
2011/10/20 10,14,404
2011/10/20 11,12,491
2011/10/20 12,8,395
2011/10/20 13,10,427
2011/10/20 14,11,480
2011/10/20 15,12,280
2011/10/20 16,14,254
2011/10/20 17,13,271
2011/10/20 18,14,545
2011/10/20 19,18,659
2011/10/20 20,16,691
2011/10/20 21,20,548
2011/10/20 22,27,1033
2011/10/20 23,26,1170
2011/10/21 00,34,1454
2011/10/21 01,37,1418
2011/10/21 02,38,2179
2011/10/21 03,33,2137
2011/10/21 04,25,1610
2011/10/21 05,12,917
2011/10/21 06,14,377
2011/10/21 07,13,512
2011/10/21 08,11,518
2011/10/21 09,3,76
2011/10/21 10,5,110
2011/10/21 11,4,76
2011/10/21 12,8,159
2011/10/21 13,9,244
2011/10/21 14,9,371
2011/10/21 15,18,499
2011/10/21 16,22,520
2011/10/21 17,19,590
2011/10/21 18,20,718
2011/10/21 19,18,632
2011/10/21 20,22,647
2011/10/21 21,22,737
2011/10/21 22,26,1206
2011/10/21 23,24,1247
2011/10/22 00,26,1133
2011/10/22 01,27,1062
2011/10/22 02,23,1338
2011/10/22 03,27,1316
2011/10/22 04,23,1152
2011/10/22 05,19,1105
2011/10/22 06,15,1005
2011/10/22 07,6,841
2011/10/22 08,6,830
2011/10/22 09,3,50
2011/10/22 10,4,16
2011/10/22 11,4,42
2011/10/22 12,6,75
2011/10/22 13,7,98
2011/10/22 14,7,124
2011/10/22 15,12,650
2011/10/22 16,19,934
2011/10/22 17,19,1099
2011/10/22 18,24,1039
2011/10/22 19,26,409
2011/10/22 20,28,399
2011/10/22 21,27,478
2011/10/22 22,21,484
2011/10/22 23,22,381
2011/10/23 00,24,368
2011/10/23 01,24,399
2011/10/23 02,22,342
2011/10/23 03,22,646
2011/10/23 04,20,619
2011/10/23 05,21,1375
2011/10/23 06,16,1322
2011/10/23 07,12,888
2011/10/23 08,12,341
2011/10/23 09,9,209
2011/10/23 10,6,157
2011/10/23 11,5,178
2011/10/23 12,7,222
2011/10/23 13,8,314
2011/10/23 14,10,282
2011/10/23 15,15,320
2011/10/23 16,17,405
2011/10/23 17,19,459
2011/10/23 18,23,436
2011/10/23 19,20,339
2011/10/23 20,18,334
2011/10/23 21,17,482
2011/10/23 22,12,412
2011/10/23 23,12,273
2011/10/24 00,18,224
2011/10/24 01,17,232
2011/10/24 02,18,123
2011/10/24 03,19,751
2011/10/24 04,20,814
2011/10/24 05,15,715
2011/10/24 06,7,96
2011/10/24 07,4,95
2011/10/24 08,4,87
2011/10/24 09,4,103
2011/10/24 10,5,154
2011/10/24 11,5,151
2011/10/24 12,4,242
2011/10/24 13,5,228
2011/10/24 14,7,282
2011/10/24 15,10,252
2011/10/24 16,7,299
2011/10/24 17,6,254
2011/10/24 18,8,276
2011/10/24 19,7,396
2011/10/24 20,12,602
2011/10/24 21,12,349
2011/10/24 22,9,1196
2011/10/24 23,10,1304
2011/10/25 00,12,1288
2011/10/25 01,8,1431
2011/10/25 02,9,2108
2011/10/25 03,11,2105
2011/10/25 04,8,1146
2011/10/25 05,8,1068
2011/10/25 06,7,789
2011/10/25 07,5,34
2011/10/25 08,3,28
2011/10/25 09,1,15
2011/10/25 10,3,22
2011/10/25 11,5,62
2011/10/25 12,6,92
2011/10/25 13,5,113
2011/10/25 14,6,188
2011/10/25 15,7,133
2011/10/25 16,6,148
2011/10/25 17,7,194
2011/10/25 18,5,208
2011/10/25 19,11,231
2011/10/25 20,13,165
2011/10/25 21,12,147
2011/10/25 22,11,746
2011/10/25 23,11,922
2011/10/26 00,11,1135
2011/10/26 01,15,1019
2011/10/26 02,15,956
2011/10/26 03,12,902
2011/10/26 04,11,897
2011/10/26 05,8,104
2011/10/26 06,6,80
2011/10/26 07,5,87
2011/10/26 08,2,28
2011/10/26 09,1,19
2011/10/26 10,1,14
2011/10/26 11,1,2
2011/10/26 12,2,4
2011/10/26 13,1,35
2011/10/26 14,3,65
2011/10/26 15,4,103
2011/10/26 16,4,152
2011/10/26 17,7,168
2011/10/26 18,10,271
2011/10/26 19,10,259
2011/10/26 20,9,374
2011/10/26 21,8,223
2011/10/26 22,5,160
2011/10/26 23,3,160
2011/10/27 00,7,127
2011/10/27 01,9,38
2011/10/27 02,12,56
2011/10/27 03,13,150
2011/10/27 04,14,93
2011/10/27 05,9,59
2011/10/27 06,6,40
2011/10/27 07,5,26
2011/10/27 08,1,13
2011/10/27 09,1,21
2011/10/27 10,1,39
2011/10/27 11,2,29
2011/10/27 12,1,31
2011/10/27 13,1,25
2011/10/27 14,1,19
2011/10/27 15,4,33
2011/10/27 16,5,55
2011/10/27 17,5,70
2011/10/27 18,8,88
2011/10/27 19,3,28
2011/10/27 20,4,42
2011/10/27 21,4,40
2011/10/27 22,7,719
2011/10/27 23,10,829
2011/10/28 00,11,876
2011/10/28 01,11,1021
2011/10/28 02,12,982
2011/10/28 03,8,857
2011/10/28 04,8,815
2011/10/28 05,9,930
2011/10/28 06,9,777
2011/10/28 07,6,581
2011/10/28 08,3,76
2011/10/28 09,2,93
2011/10/28 10,2,97
2011/10/28 11,4,127
2011/10/28 12,3,57
2011/10/28 13,3,64
2011/10/28 14,4,131
2011/10/28 15,6,138
2011/10/28 16,7,223
2011/10/28 17,5,91
2011/10/28 18,8,130
2011/10/28 19,9,162
2011/10/28 20,12,162
2011/10/28 21,11,152
2011/10/28 22,8,146
2011/10/28 23,9,123
2011/10/29 00,10,86
2011/10/29 01,9,607
2011/10/29 02,9,616
2011/10/29 03,7,36
2011/10/29 04,9,98
2011/10/29 05,7,92
2011/10/29 06,5,75
2011/10/29 07,5,68
2011/10/29 08,2,27
2011/10/29 09,2,19
2011/10/29 10,1,12
2011/10/29 11,3,13
2011/10/29 12,3,25
2011/10/29 13,3,62
2011/10/29 14,3,86
2011/10/29 15,4,43
2011/10/29 16,6,70
2011/10/29 17,6,66
2011/10/29 18,9,74
2011/10/29 19,8,71
2011/10/29 20,7,55
2011/10/29 21,7,59
2011/10/29 22,8,70
2011/10/29 23,8,50
2011/10/30 00,8,34
2011/10/30 01,6,21
2011/10/30 02,7,35
2011/10/30 03,6,37
2011/10/30 04,3,25
2011/10/30 05,5,33
2011/10/30 06,6,33
2011/10/30 07,6,103
2011/10/30 08,5,39
2011/10/30 09,3,39
2011/10/30 10,3,78
2011/10/30 11,6,68
2011/10/30 12,5,115
2011/10/30 13,6,125
2011/10/30 14,6,108
2011/10/30 15,8,214
2011/10/30 16,9,241
2011/10/30 17,8,167
2011/10/30 18,3,57
2011/10/30 19,2,3
2011/10/30 20,6,124
2011/10/30 21,6,143
2011/10/30 22,5,197
2011/10/30 23,7,130
2011/10/31 00,8,126
2011/10/31 01,6,436
2011/10/31 02,8,879
2011/10/31 03,7,1520
2011/10/31 04,6,1529
2011/10/31 05,5,896
2011/10/31 06,5,786
2011/10/31 07,4,797
2011/10/31 08,4,633
2011/10/31 09,1,7
2011/10/31 10,1,12
2011/10/31 11,1,9
2011/10/31 12,2,13
2011/10/31 13,4,20
2011/10/31 14,3,17
2011/10/31 15,2,2
2011/10/31 16,2,0
2011/10/31 17,4,6
2011/10/31 18,7,36
2011/10/31 19,7,71
2011/10/31 20,7,46
2011/10/31 21,7,55
2011/10/31 22,5,57
2011/10/31 23,5,59
2011/11/01 00,7,54
2011/11/01 01,7,71
2011/11/01 02,7,94
2011/11/01 03,5,63
2011/11/01 04,6,20
2011/11/01 05,6,12
2011/11/01 06,5,8
2011/11/01 07,1,1
2011/11/01 08,1,1
2011/11/01 09,1,1
2011/11/01 10,2,2
2011/11/01 11,2,21
2011/11/01 12,2,25
2011/11/01 13,3,25
2011/11/01 14,5,24
2011/11/01 15,5,640
2011/11/01 16,3,11
2011/11/03 16,2,2
2011/11/03 17,2,8
2011/11/03 18,2,11
2011/11/03 19,5,40
2011/11/03 20,7,154
2011/11/03 21,7,292
2011/11/03 22,8,770
2011/11/03 23,6,894
2011/11/04 00,6,974
2011/11/04 01,7,992
2011/11/04 02,9,1047
2011/11/04 03,6,1027
2011/11/04 04,4,976
2011/11/04 05,5,981
2011/11/04 06,5,860
2011/11/04 07,4,762
2011/11/04 08,2,233
2011/11/04 09,1,7
2011/11/04 10,2,22
2011/11/04 11,2,15
2011/11/04 12,2,41
2011/11/04 13,3,33
2011/11/04 14,4,37
2011/11/04 15,4,37
2011/11/04 16,4,193
2011/11/04 17,5,356
2011/11/04 18,4,404
2011/11/04 19,6,512
2011/11/04 20,7,565
2011/11/04 21,9,569
2011/11/04 22,10,933
2011/11/04 23,10,1320
2011/11/05 00,12,1513
2011/11/05 01,10,1582
2011/11/05 02,7,1569
2011/11/05 03,6,1149
2011/11/05 04,3,487
2011/11/05 05,7,26
2011/11/05 06,7,20
2011/11/05 07,5,85
2011/11/05 08,4,79
2011/11/05 09,3,60
2011/11/05 10,2,4
2011/11/05 11,3,5
2011/11/05 12,2,9
2011/11/05 13,2,20
2011/11/05 14,4,19
2011/11/05 15,5,45
2011/11/05 16,3,43
2011/11/05 17,3,31
2011/11/05 18,3,22
2011/11/05 19,1,12
2011/11/05 20,4,21
2011/11/05 21,5,65
2011/11/05 22,5,57
2011/11/05 23,4,59
2011/11/06 00,5,68
2011/11/06 01,2,49
2011/11/06 02,4,22
2011/11/06 03,8,44
2011/11/06 04,6,53
2011/11/06 05,6,53
2011/11/06 06,5,49
2011/11/06 07,4,27
2011/11/06 08,2,3
2011/11/06 09,1,3
2011/11/06 11,2,8
2011/11/06 12,2,12
2011/11/06 13,2,7
2011/11/06 14,3,20
2011/11/06 15,3,43
2011/11/06 16,1,13
2011/11/06 17,1,9
2011/11/06 18,3,5
2011/11/06 19,1,6
2011/11/06 20,3,6
2011/11/06 21,3,24
2011/11/06 22,4,43
2011/11/06 23,6,56
2011/11/07 00,5,20
2011/11/07 01,8,24
2011/11/07 02,4,16
2011/11/07 03,5,469
2011/11/07 04,7,36
2011/11/07 05,6,79
2011/11/07 06,5,82
2011/11/07 07,2,16
2011/11/07 08,1,13
2011/11/07 10,1,1
2011/11/07 11,2,10
2011/11/07 12,1,4
2011/11/07 13,1,0
2011/11/07 14,1,3
2011/11/07 15,2,7
2011/11/07 16,3,11
2011/11/07 17,2,16
2011/11/07 18,3,19
2011/11/07 19,2,19
2011/11/07 20,4,30
2011/11/07 21,3,19
2011/11/07 22,3,24
2011/11/07 23,3,37
2011/11/08 00,4,48
2011/11/08 01,4,38
2011/11/08 02,4,16
2011/11/08 03,4,32
2011/11/08 04,5,34
2011/11/08 05,4,52
2011/11/08 06,5,44
2011/11/08 07,4,34
2011/11/08 08,4,42
2011/11/08 09,3,33
2011/11/08 10,3,51
2011/11/08 11,3,65
2011/11/08 12,1,48
2011/11/08 13,1,42
2011/11/08 14,1,45
2011/11/08 16,1,0
2011/11/08 20,1,3
2011/11/08 21,1,4
2011/11/08 22,2,9
2011/11/08 23,2,7
2011/11/09 00,1,6
2011/11/09 01,2,18
2011/11/09 02,2,14
2011/11/09 03,3,36
2011/11/09 04,4,38
2011/11/09 05,3,10
2011/11/09 06,1,11
2011/11/09 07,1,9
2011/11/09 08,1,9
2011/11/09 09,1,1
2011/11/09 10,1,4
2011/11/09 13,1,2
2011/11/09 14,1,2
2011/11/09 15,1,3
2011/11/09 16,2,19
2011/11/09 17,2,25
2011/11/09 18,1,14
2011/11/09 22,1,12
2011/11/09 23,1,14
2011/11/10 00,1,17
2011/11/10 01,2,31
2011/11/10 02,2,1
2011/11/10 03,1,1
2011/11/10 06,1,1
2011/11/10 07,4,66
2011/11/10 08,5,183
2011/11/10 09,4,74
2011/11/10 10,4,116
2011/11/10 11,4,126
2011/11/10 12,4,95
2011/11/10 13,5,154
2011/11/10 14,5,114
2011/11/10 15,4,124
2011/11/10 16,3,110
2011/11/10 17,4,177
2011/11/10 18,2,199
2011/11/10 21,2,5
2011/11/10 22,1,4
2011/11/10 23,1,6
2011/11/11 00,1,8
2011/11/11 01,2,14
2011/11/11 02,5,48
2011/11/11 03,3,35
2011/11/11 04,5,838
2011/11/11 05,4,980
2011/11/11 06,4,1581
2011/11/11 07,4,1947
2011/11/11 08,1,6
2011/11/11 09,1,6
2011/11/11 12,2,8
2011/11/11 13,2,29
2011/11/11 14,2,41
2011/11/11 15,1,42
2011/11/11 16,1,38
2011/11/11 17,3,16
2011/11/11 18,1,10
2011/11/11 20,1,8
2011/11/11 21,1,5
2011/11/11 22,1,6
2011/11/11 23,1,7
2011/11/12 00,1,1
2011/11/12 01,1,1
2011/11/12 02,6,142
2011/11/12 03,7,156
2011/11/12 04,5,117
2011/11/12 05,6,112
2011/11/12 06,5,105
2011/11/12 07,3,88
2011/11/12 08,4,103
2011/11/12 09,2,43
2011/11/12 14,1,109
2011/11/12 15,1,137
2011/11/12 16,2,167
2011/11/12 17,1,180
2011/11/12 19,1,3
2011/11/12 20,1,2
2011/11/12 22,1,1
2011/11/12 23,1,5
2011/11/13 00,1,9
2011/11/13 01,2,31
2011/11/13 02,2,23
2011/11/13 03,3,22
2011/11/13 04,4,18
2011/11/13 05,3,20
2011/11/13 06,3,12
2011/11/13 07,3,10
2011/11/13 08,2,8
2011/11/13 12,2,82
2011/11/13 13,2,82
2011/11/13 14,2,76
2011/11/13 15,4,85
2011/11/13 16,4,70
2011/11/13 17,2,26
2011/11/13 18,2,24
2011/11/13 19,3,27
2011/11/13 20,1,4
2011/11/13 21,3,14
2011/11/13 22,4,26
2011/11/13 23,3,25
2011/11/14 00,2,14
2011/11/14 01,1,1
2011/11/14 03,1,12
2011/11/14 04,2,12
2011/11/14 05,2,17
2011/11/14 07,2,16
2011/11/14 08,2,21
2011/11/14 09,3,253
2011/11/14 10,1,252
2011/11/14 11,1,248
2011/11/14 12,2,255
2011/11/14 13,1,2
2011/11/14 18,1,5
2011/11/14 19,1,6
2011/11/14 20,1,14
2011/11/14 21,1,15
2011/11/14 22,1,8
2011/11/14 23,2,12
2011/11/15 00,4,12
2011/11/15 01,3,13
2011/11/15 02,5,26
2011/11/15 03,4,28
2011/11/15 04,3,15
2011/11/15 05,2,14
2011/11/15 06,1,22
2011/11/15 15,1,1
2011/11/15 17,1,4
2011/11/15 18,1,4
2011/11/15 19,2,17
2011/11/15 20,2,54
2011/11/15 21,1,37
2011/11/15 22,2,17
2011/11/15 23,3,11
2011/11/16 00,2,11
2011/11/16 01,1,9
2011/11/16 02,2,18
2011/11/16 03,1,6
2011/11/16 04,1,9
2011/11/16 05,3,36
2011/11/16 06,2,23
2011/11/16 07,2,35
2011/11/16 08,2,51
2011/11/16 09,2,27
2011/11/16 10,3,54
2011/11/16 11,1,39
2011/11/16 12,1,42
2011/11/16 13,2,77
2011/11/16 14,2,35
2011/11/16 15,2,62
2011/11/16 16,2,32
2011/11/16 17,1,54
2011/11/16 18,1,44
2011/11/16 19,2,21
2011/11/16 20,3,19
2011/11/16 21,3,50
2011/11/16 22,2,14
2011/11/16 23,1,0
2011/11/17 01,1,8
2011/11/17 02,2,15
2011/11/17 03,3,23
2011/11/17 04,2,12
2011/11/17 05,2,14
2011/11/17 06,1,6
2011/11/17 17,1,1
2011/11/17 18,1,2
2011/11/18 01,1,2
2011/11/18 03,2,5
2011/11/18 04,2,7
2011/11/18 05,1,3
2011/11/18 06,1,0
2011/11/18 07,2,1
2011/11/18 08,2,5
2011/11/18 09,2,5
2011/11/18 10,2,7
2011/11/18 11,2,4
2011/11/18 18,1,2
2011/11/18 21,1,2
2011/11/18 22,1,4
2011/11/18 23,1,2
2011/11/19 01,2,2
2011/11/19 02,2,7
2011/11/19 03,2,2
2011/11/19 04,2,5
2011/11/19 05,2,9
2011/11/19 06,2,16
2011/11/19 07,2,14
2011/11/19 08,1,3
2011/11/19 09,1,5
2011/11/19 10,1,6
2011/11/19 11,2,9
2011/11/19 12,2,8
2011/11/19 13,1,5
2011/11/19 21,2,3
2011/11/19 22,3,12
2011/11/19 23,2,14
2011/11/20 00,1,9
2011/11/20 01,3,15
2011/11/20 02,3,21
2011/11/20 03,4,36
2011/11/20 04,3,29
2011/11/20 05,3,33
2011/11/20 06,2,23
2011/11/20 07,3,19
2011/11/20 08,3,42
2011/11/20 09,2,20
2011/11/20 10,1,7
2011/11/20 11,1,6
2011/11/20 12,1,4
2011/11/20 15,1,12
2011/11/20 19,1,2
2011/11/20 20,1,2
2011/11/20 21,2,2
2011/11/20 23,1,1
2011/11/21 00,1,2
2011/11/21 01,1,1
2011/11/21 02,1,0
2011/11/21 03,2,7
2011/11/21 04,2,9
2011/11/21 05,2,8
2011/11/21 06,1,3
2011/11/21 08,1,1
2011/11/21 09,2,14
2011/11/21 10,3,19
2011/11/21 11,2,21
2011/11/21 12,2,25
2011/11/21 13,3,27
2011/11/21 14,3,31
2011/11/21 19,1,17
2011/11/21 20,1,42
2011/11/21 21,1,53
2011/11/21 22,2,7
2011/11/21 23,1,4
2011/11/22 00,2,5
2011/11/22 01,1,1
2011/11/22 02,1,8
2011/11/22 03,1,9
2011/11/22 04,1,10
2011/11/22 05,3,14
2011/11/22 06,1,1
2011/11/22 07,1,2
2011/11/22 08,6,21
2011/11/22 09,6,16
2011/11/22 10,7,28
2011/11/22 11,5,29
2011/11/22 12,5,31
2011/11/22 13,3,21
2011/11/22 14,3,36
2011/11/22 15,3,42
2011/11/22 16,3,46
2011/11/22 17,3,44
2011/11/22 18,4,46
2011/11/22 19,5,36
2011/11/22 20,4,9
2011/11/22 21,9,92
2011/11/22 22,9,128
2011/11/22 23,11,136
2011/11/23 00,10,127
2011/11/23 01,14,220
2011/11/23 02,10,72
2011/11/23 03,10,52
2011/11/23 04,9,52
2011/11/23 05,7,44
2011/11/23 06,8,45
2011/11/23 07,8,40
2011/11/23 08,7,17
2011/11/23 09,5,35
2011/11/23 10,5,96
2011/11/23 11,3,18
2011/11/23 12,2,15
2011/11/23 13,1,9
2011/11/23 14,3,8
2011/11/23 15,4,50
2011/11/23 16,4,75
2011/11/23 17,4,61
2011/11/23 18,6,10
2011/11/23 19,3,7
2011/11/23 20,5,20
2011/11/23 21,6,28
2011/11/23 22,6,31
2011/11/23 23,7,39
2011/11/24 00,5,45
2011/11/24 01,7,48
2011/11/24 02,8,55
2011/11/24 03,8,58
2011/11/24 04,9,62
2011/11/24 05,8,46
2011/11/24 06,11,52
2011/11/24 07,10,40
2011/11/24 08,11,44
2011/11/24 09,11,44
2011/11/24 10,7,42
2011/11/24 11,5,51
2011/11/24 12,3,62
2011/11/24 13,3,65
2011/11/24 14,2,20
2011/11/24 15,2,25
2011/11/24 16,1,6
2011/11/24 17,1,7
2011/11/24 18,3,9
2011/11/24 19,5,15
2011/11/24 20,5,15
2011/11/24 21,6,11
2011/11/24 22,5,12
2011/11/24 23,5,18
2011/11/25 00,7,41
2011/11/25 01,6,98
2011/11/25 02,7,238
2011/11/25 03,11,423
2011/11/25 04,8,85
2011/11/25 05,5,44
2011/11/25 06,4,33
2011/11/25 07,5,30
2011/11/25 08,9,47
2011/11/25 09,6,29
2011/11/25 10,5,26
2011/11/25 11,5,63
2011/11/25 12,3,62
2011/11/25 13,2,49
2011/11/25 14,1,6
2011/11/25 15,6,21
2011/11/25 16,6,17
2011/11/25 17,6,17
2011/11/25 18,6,17
2011/11/25 19,5,14
2011/11/25 20,11,16
2011/11/25 21,5,13
2011/11/25 22,8,11
2011/11/25 23,8,81
2011/11/26 00,8,182
2011/11/26 01,8,48
2011/11/26 02,7,23
2011/11/26 03,8,32
2011/11/26 04,7,30
2011/11/26 05,5,22
2011/11/26 06,7,26
2011/11/26 07,6,34
2011/11/26 08,3,10
2011/11/26 09,2,12
2011/11/26 10,2,20
2011/11/26 11,2,43
2011/11/26 12,3,49
2011/11/26 13,1,19
2011/11/26 14,1,2
2011/11/26 15,2,7
2011/11/26 16,4,11
2011/11/26 17,3,7
2011/11/26 18,3,5
2011/11/26 19,4,17
2011/11/26 20,8,33
2011/11/26 21,10,39
2011/11/26 22,9,39
2011/11/26 23,4,21
2011/11/27 00,5,22
2011/11/27 01,8,30
2011/11/27 02,8,34
2011/11/27 03,8,28
2011/11/27 04,9,34
2011/11/27 05,8,41
2011/11/27 06,5,37
2011/11/27 07,8,36
2011/11/27 08,9,38
2011/11/27 09,6,43
2011/11/27 10,5,22
2011/11/27 11,5,24
2011/11/27 12,3,29
2011/11/27 13,2,33
2011/11/27 14,1,0
2011/11/27 15,2,1
2011/11/27 16,2,12
2011/11/27 17,2,16
2011/11/27 18,2,2
2011/11/27 19,3,1
2011/11/27 20,5,7
2011/11/27 21,7,21
2011/11/27 22,8,26
2011/11/27 23,7,29
2011/11/28 00,12,45
2011/11/28 01,11,29
2011/11/28 02,7,18
2011/11/28 03,5,15
2011/11/28 04,5,17
2011/11/28 05,3,11
2011/11/28 06,4,33
2011/11/28 07,5,79
2011/11/28 08,6,91
2011/11/28 09,3,34
2011/11/28 10,3,36
2011/11/28 11,2,45
2011/11/28 12,1,53
2011/11/28 13,2,55
2011/11/28 15,1,1
2011/11/28 16,3,8
2011/11/28 17,3,19
2011/11/28 18,1,8
2011/11/28 19,3,13
2011/11/28 20,2,14
2011/11/28 21,4,15
2011/11/28 22,5,25
2011/11/28 23,7,37
2011/11/29 00,4,7
2011/11/29 01,5,9
2011/11/29 02,7,17
2011/11/29 03,10,48
2011/11/29 04,5,39
2011/11/29 05,8,30
2011/11/29 06,5,17
2011/11/29 07,3,18
2011/11/29 08,2,14
2011/11/29 09,4,18
2011/11/29 10,4,42
2011/11/29 11,3,61
2011/11/29 12,3,62
2011/11/29 13,2,46
2011/11/29 14,2,38
2011/11/29 15,2,33
2011/11/29 16,1,6
2011/11/29 17,2,17
2011/11/29 18,3,16
2011/11/29 19,1,5
2011/11/29 20,2,5
2011/11/29 21,4,8
2011/11/29 22,4,13
2011/11/29 23,5,16
2011/11/30 00,7,16
2011/11/30 01,7,17
2011/11/30 02,8,30
2011/11/30 03,9,33
2011/11/30 04,10,48
2011/11/30 05,9,19
2011/11/30 06,8,50
2011/11/30 07,7,63
2011/11/30 08,5,36
2011/11/30 09,3,22
2011/11/30 10,3,29
2011/11/30 11,3,33
2011/11/30 12,2,38
2011/11/30 13,1,43
2011/11/30 14,1,46
2011/11/30 15,1,55
2011/11/30 16,4,82
2011/11/30 17,5,56
2011/11/30 18,3,22
2011/11/30 19,4,9
2011/11/30 20,3,10
2011/11/30 21,2,7
2011/11/30 22,2,44
2011/11/30 23,3,74
2011/12/01 00,4,72
2011/12/01 01,4,67
2011/12/01 02,5,56
2011/12/01 03,4,52
2011/12/01 04,5,8
2011/12/01 05,4,9
2011/12/01 06,5,6
2011/12/01 07,6,13
2011/12/01 08,5,14
2011/12/01 09,4,11
2011/12/01 10,3,7
2011/12/01 11,3,9
2011/12/01 12,3,22
2011/12/01 13,2,10
2011/12/01 14,3,14
2011/12/01 15,4,16
2011/12/01 16,3,13
2011/12/01 17,2,29
2011/12/01 18,2,39
2011/12/01 19,4,37
2011/12/01 20,4,6
2011/12/01 21,2,6
2011/12/01 22,6,65
2011/12/01 23,8,87
2011/12/02 00,7,84
2011/12/02 01,5,29
2011/12/02 02,6,22
2011/12/02 03,8,70
2011/12/02 04,6,38
2011/12/02 05,7,29
2011/12/02 06,5,11
2011/12/02 07,4,11
2011/12/02 08,3,6
2011/12/02 09,5,16
2011/12/02 10,4,20
2011/12/02 11,3,18
2011/12/02 12,3,21
2011/12/02 13,1,7
2011/12/02 14,2,17
2011/12/02 15,2,11
2011/12/02 16,3,10
2011/12/02 17,4,18
2011/12/02 18,3,14
2011/12/02 19,4,18
2011/12/02 20,2,9
2011/12/02 21,1,9
2011/12/02 22,3,14
2011/12/02 23,3,4
2011/12/03 00,5,5
2011/12/03 01,3,5
2011/12/03 02,3,8
2011/12/03 03,8,28
2011/12/03 04,7,30
2011/12/03 05,6,27
2011/12/03 06,8,30
2011/12/03 07,6,28
2011/12/03 08,5,16
2011/12/03 09,3,4
2011/12/03 10,2,2
2011/12/03 11,1,0
2011/12/03 12,2,1
2011/12/03 13,4,10
2011/12/03 14,4,10
2011/12/03 15,4,18
2011/12/03 16,3,15
2011/12/03 17,2,12
2011/12/03 18,1,2
2011/12/03 19,5,54
2011/12/03 20,5,65
2011/12/03 21,4,56
2011/12/03 22,6,55
2011/12/03 23,8,67
2011/12/04 00,6,23
2011/12/04 01,7,26
2011/12/04 02,7,35
2011/12/04 03,3,13
2011/12/04 04,5,35
2011/12/04 05,9,38
2011/12/04 06,8,39
2011/12/04 07,6,30
2011/12/04 08,3,4
2011/12/04 09,2,2
2011/12/04 10,2,2
2011/12/04 11,1,3
2011/12/04 12,1,2
2011/12/04 13,3,7
2011/12/04 14,3,67
2011/12/04 15,2,111
2011/12/04 16,2,115
2011/12/04 17,3,52
2011/12/04 18,2,29
2011/12/04 19,4,32
2011/12/04 20,4,26
2011/12/04 21,5,31
2011/12/04 22,3,24
2011/12/04 23,4,18
2011/12/05 00,6,17
2011/12/05 01,4,15
2011/12/05 02,3,24
2011/12/05 03,5,30
2011/12/05 04,3,40
2011/12/05 05,3,22
2011/12/05 06,1,14
2011/12/05 07,3,9
2011/12/05 08,1,1
2011/12/05 09,2,4
2011/12/05 10,2,6
2011/12/05 11,1,2
2011/12/05 14,1,2
2011/12/05 15,1,4
2011/12/05 17,2,37
2011/12/05 18,3,37
2011/12/05 19,3,48
2011/12/05 20,3,30
2011/12/05 21,2,15
2011/12/05 22,2,3
2011/12/05 23,1,1
2011/12/06 00,3,8
2011/12/06 01,5,18
2011/12/06 02,6,25
2011/12/06 03,3,11
2011/12/06 04,2,13
2011/12/06 05,6,449
2011/12/06 06,6,393
2011/12/06 07,6,383
2011/12/06 08,3,10
2011/12/06 09,2,5
2011/12/06 10,3,16
2011/12/06 11,3,16
2011/12/06 12,1,1
2011/12/06 15,1,21
2011/12/06 16,2,29
2011/12/06 17,2,36
2011/12/06 18,3,31
2011/12/06 19,2,5
2011/12/06 20,2,3
2011/12/06 21,3,5
2011/12/06 22,2,4
2011/12/06 23,2,4
2011/12/07 00,3,6
2011/12/07 01,7,27
2011/12/07 02,5,31
2011/12/07 03,4,34
2011/12/07 04,5,49
2011/12/07 05,4,25
2011/12/07 06,4,18
2011/12/07 07,3,13
2011/12/07 08,4,15
2011/12/07 09,4,13
2011/12/07 10,4,11
2011/12/07 11,3,2
2011/12/07 12,4,4
2011/12/07 13,3,13
2011/12/07 14,2,15
2011/12/07 15,2,13
2011/12/07 16,1,9
2011/12/07 17,2,10
2011/12/07 18,2,8
2011/12/07 20,1,1
2011/12/07 21,2,2
2011/12/07 22,2,4
2011/12/07 23,3,7
2011/12/08 00,5,10
2011/12/08 01,3,8
2011/12/08 02,1,9
2011/12/08 03,4,33
2011/12/08 04,2,14
2011/12/08 05,2,14
2011/12/08 06,4,19
2011/12/08 07,4,11
2011/12/08 08,6,11
2011/12/08 09,6,10
2011/12/08 10,6,10
2011/12/08 11,3,4
2011/12/08 12,1,2
2011/12/08 13,3,6
2011/12/08 14,1,2
2011/12/08 15,2,2
2011/12/08 16,3,3
2011/12/08 17,3,5
2011/12/08 18,3,5
2011/12/08 19,6,34
2011/12/08 20,5,42
2011/12/08 21,5,43
2011/12/08 22,5,38
2011/12/08 23,3,15
2011/12/09 00,5,11
2011/12/09 01,1,3
2011/12/09 02,3,7
2011/12/09 03,3,5
2011/12/09 04,6,12
2011/12/09 05,7,20
2011/12/09 06,9,33
2011/12/09 07,7,27
2011/12/09 08,4,19
2011/12/09 09,5,28
2011/12/09 10,3,17
2011/12/09 11,4,8
2011/12/09 12,4,12
2011/12/09 13,3,19
2011/12/09 14,3,21
2011/12/09 15,1,8
2011/12/09 16,2,16
2011/12/09 17,2,15
2011/12/09 18,4,16
2011/12/09 19,3,6
2011/12/09 20,2,12
2011/12/09 21,6,82
2011/12/09 22,9,125
2011/12/09 23,8,112
2011/12/10 00,6,51
2011/12/10 01,6,54
2011/12/10 02,5,48
2011/12/10 03,4,37
2011/12/10 04,8,80
2011/12/10 05,6,61
2011/12/10 06,4,19
2011/12/10 07,3,19
2011/12/10 08,4,23
2011/12/10 09,4,23
2011/12/10 10,4,26
2011/12/10 11,4,24
2011/12/10 12,4,20
2011/12/10 13,2,19
2011/12/10 14,1,6
2011/12/10 15,2,10
2011/12/10 16,1,6
2011/12/10 17,1,12
2011/12/10 18,2,7
2011/12/10 19,1,3
2011/12/10 20,3,9
2011/12/10 21,4,15
2011/12/10 22,5,17
2011/12/10 23,2,11
2011/12/11 00,2,11
2011/12/11 01,1,5
2011/12/11 02,3,5
2011/12/11 03,6,14
2011/12/11 04,7,66
2011/12/11 05,4,25
2011/12/11 06,6,49
2011/12/11 07,4,41
2011/12/11 08,5,33
2011/12/11 09,6,13
2011/12/11 10,5,23
2011/12/11 11,3,16
2011/12/11 12,2,17
2011/12/11 13,1,6
2011/12/11 14,1,10
2011/12/11 15,3,63
2011/12/11 16,3,66
2011/12/11 17,3,91
2011/12/11 18,5,116
2011/12/11 19,5,112
2011/12/11 20,3,29
2011/12/11 21,5,27
2011/12/11 22,3,10
2011/12/11 23,2,3
2011/12/12 00,3,10
2011/12/12 01,2,13
2011/12/12 02,3,12
2011/12/12 03,3,12
2011/12/12 04,8,28
2011/12/12 05,6,30
2011/12/12 06,8,42
2011/12/12 07,5,33
2011/12/12 08,5,33
2011/12/12 09,5,41
2011/12/12 10,3,25
2011/12/12 11,5,26
2011/12/12 12,3,27
2011/12/12 13,5,53
2011/12/12 14,6,48
2011/12/12 15,5,87
2011/12/12 16,5,67
2011/12/12 17,5,62
2011/12/12 18,4,15
2011/12/12 19,3,13
2011/12/12 20,1,1
2011/12/12 21,2,7
2011/12/12 22,2,4
2011/12/12 23,2,6
2011/12/13 00,3,9
2011/12/13 01,3,28
2011/12/13 02,3,19
2011/12/13 03,4,14
2011/12/13 04,5,21
2011/12/13 05,6,24
2011/12/13 06,7,37
2011/12/13 07,4,40
2011/12/13 08,3,44
2011/12/13 09,3,10
2011/12/13 10,3,16
2011/12/13 11,2,16
2011/12/13 12,2,13
2011/12/13 13,1,11
2011/12/13 14,1,0
2011/12/13 15,2,2
2011/12/13 16,1,7
2011/12/13 17,1,6
2011/12/13 18,3,33
2011/12/13 19,5,53
2011/12/13 20,7,63
2011/12/13 21,5,59
2011/12/13 22,3,40
2011/12/13 23,3,42
2011/12/14 00,3,34
2011/12/14 01,2,3
2011/12/14 03,3,23
2011/12/14 04,2,36
2011/12/14 05,3,38
2011/12/14 06,3,33
2011/12/14 07,4,33
2011/12/14 08,4,33
2011/12/14 09,3,30
2011/12/14 10,2,17
2011/12/14 12,2,3
2011/12/14 13,1,5
2011/12/14 14,3,22
2011/12/14 15,4,79
2011/12/14 16,4,81
2011/12/14 17,3,65
2011/12/14 18,3,67
2011/12/14 19,4,67
2011/12/14 20,3,11
2011/12/14 21,2,3
2011/12/14 22,3,7
2011/12/14 23,3,12
2011/12/15 00,2,9
2011/12/15 01,2,7
2011/12/15 02,2,8
2011/12/15 03,2,3
2011/12/15 04,3,5
2011/12/15 05,2,2
2011/12/15 06,3,12
2011/12/15 07,4,36
2011/12/15 08,2,35
2011/12/15 09,2,34
2011/12/15 12,1,1
2011/12/15 13,1,1
2011/12/15 15,1,5
2011/12/15 16,1,7
2011/12/15 17,1,7
2011/12/15 18,2,9
2011/12/15 19,1,4
2011/12/15 20,1,5
2011/12/15 21,1,12
2011/12/15 22,1,10
2011/12/15 23,2,33
2011/12/16 00,2,19
2011/12/16 01,2,11
2011/12/16 02,1,11
2011/12/16 03,2,5
2011/12/16 04,3,9
2011/12/16 05,5,29
2011/12/16 06,3,32
2011/12/16 07,4,31
2011/12/16 08,3,37
2011/12/16 09,3,33
2011/12/16 10,2,6
2011/12/16 11,1,3
2011/12/16 12,1,5
2011/12/16 13,3,6
2011/12/16 14,1,4
2011/12/16 15,1,4
2011/12/16 16,1,4
2011/12/16 19,4,46
2011/12/16 20,3,47
2011/12/16 21,3,55
2011/12/16 22,3,39
2011/12/16 23,2,37
2011/12/17 00,3,48
2011/12/17 01,1,33
2011/12/17 03,1,0
2011/12/17 04,1,0
2011/12/17 06,1,1
2011/12/17 07,1,6
2011/12/17 08,1,4
2011/12/17 09,2,7
2011/12/17 10,2,6
2011/12/17 11,2,6
2011/12/17 12,2,3
2011/12/17 13,1,2
2011/12/17 14,1,2
2011/12/17 15,1,2
2011/12/17 16,1,1
2011/12/17 19,1,1
2011/12/17 21,1,2
2011/12/18 02,1,1
2011/12/18 03,1,2
2011/12/18 04,3,149
2011/12/18 05,4,185
2011/12/18 06,4,187
2011/12/18 07,4,28
2011/12/18 08,3,70
2011/12/18 09,3,62
2011/12/18 10,1,28
2011/12/18 11,1,26
2011/12/18 13,2,14
2011/12/18 14,2,23
2011/12/18 15,2,6
2011/12/18 16,1,4
2011/12/18 17,1,5
2011/12/18 18,1,3
2011/12/18 19,2,29
2011/12/18 20,2,1
2011/12/18 21,5,34
2011/12/18 22,4,35
2011/12/18 23,3,33
2011/12/19 00,2,29
2011/12/19 01,1,1
2011/12/19 02,1,3
2011/12/19 03,1,2
2011/12/19 04,1,2
2011/12/19 05,2,4
2011/12/19 06,2,5
2011/12/19 09,1,0
2011/12/19 10,1,0
2011/12/19 11,1,2
2011/12/19 12,1,1
2011/12/19 13,1,1
2011/12/19 20,4,22
2011/12/19 21,3,24
2011/12/19 22,3,24
2011/12/20 00,1,1
2011/12/20 01,1,1
2011/12/20 02,2,5
2011/12/20 04,3,7
2011/12/20 05,4,5
2011/12/20 06,3,22
2011/12/20 07,5,35
2011/12/20 08,3,50
2011/12/20 09,2,28
2011/12/20 10,3,57
2011/12/20 11,1,0
2011/12/20 13,1,1
2011/12/20 15,1,0
2011/12/20 16,1,1
2011/12/20 17,1,0
2011/12/20 18,1,0
2011/12/20 19,1,1
2011/12/20 22,1,2
2011/12/20 23,1,1
2011/12/21 00,1,1
2011/12/21 01,2,5
2011/12/21 05,1,25
2011/12/21 06,1,34
2011/12/21 07,2,28
2011/12/21 10,1,1
2011/12/21 12,1,1
2011/12/21 13,2,3
2011/12/21 14,1,4
2011/12/21 15,1,2
2011/12/21 16,1,2
2011/12/21 17,1,2
2011/12/21 18,1,1
2011/12/21 19,2,2
2011/12/21 20,2,5
2011/12/21 21,1,3
2011/12/21 22,1,4
2011/12/22 00,1,1
2011/12/22 03,1,1
2011/12/22 04,1,15
2011/12/22 05,3,41
2011/12/22 06,2,21
2011/12/22 07,2,15
2011/12/22 12,2,4
2011/12/22 13,3,10
2011/12/22 14,3,9
2011/12/22 15,3,57
2011/12/22 16,2,51
2011/12/22 17,2,29
2011/12/22 18,1,31
2011/12/22 19,2,20
2011/12/22 20,3,21
2011/12/22 21,4,12
2011/12/22 22,3,19
2011/12/22 23,4,54
2011/12/23 00,3,9
2011/12/23 01,2,3
2011/12/23 04,1,3
2011/12/23 05,5,14
2011/12/23 06,1,10
2011/12/23 07,1,10
2011/12/23 08,1,10
2011/12/23 09,2,12
2011/12/23 10,1,6
2011/12/23 11,1,4
2011/12/23 18,1,1
2011/12/23 19,2,2
2011/12/23 20,1,23
2011/12/23 21,2,31
2011/12/23 22,4,76
2011/12/23 23,4,68
2011/12/24 00,4,57
2011/12/24 01,6,171
2011/12/24 02,5,73
2011/12/24 03,3,61
2011/12/24 04,2,38
2011/12/24 05,2,29
2011/12/24 06,4,38
2011/12/24 07,5,64
2011/12/24 08,3,52
2011/12/24 09,2,29
2011/12/24 10,2,39
2011/12/24 11,2,43
2011/12/24 12,2,39
2011/12/24 13,3,31
2011/12/24 14,3,37
2011/12/24 15,2,36
2011/12/24 16,1,5
2011/12/24 17,1,2
2011/12/24 18,1,1
2011/12/24 19,2,1
2011/12/24 20,2,2
2011/12/24 21,1,4
2011/12/24 22,5,50
2011/12/24 23,4,51
2011/12/25 00,4,65
2011/12/25 01,6,52
2011/12/25 02,7,73
2011/12/25 03,6,39
2011/12/25 04,5,34
2011/12/25 05,2,3
2011/12/25 06,2,6
2011/12/25 07,3,8
2011/12/25 08,3,10
2011/12/25 09,3,17
2011/12/25 10,4,27
2011/12/25 11,1,25
2011/12/25 12,1,2
2011/12/25 13,1,5
2011/12/25 14,1,5
2011/12/25 16,4,27
2011/12/25 17,5,36
2011/12/25 18,4,21
2011/12/25 19,2,6
2011/12/25 20,2,9
2011/12/25 21,5,17
2011/12/25 22,6,31
2011/12/25 23,5,25
2011/12/26 00,4,23
2011/12/26 01,4,37
2011/12/26 02,7,36
2011/12/26 03,5,14
2011/12/26 04,6,14
2011/12/26 05,5,11
2011/12/26 06,6,14
2011/12/26 07,3,9
2011/12/26 08,4,8
2011/12/26 09,3,5
2011/12/26 10,2,19
2011/12/26 11,1,16
2011/12/26 12,3,20
2011/12/26 13,1,3
2011/12/26 14,4,6
2011/12/26 15,2,4
2011/12/26 16,1,3
2011/12/26 17,4,14
2011/12/26 18,3,14
2011/12/26 19,5,19
2011/12/26 20,5,46
2011/12/26 21,4,104
2011/12/26 22,4,86
2011/12/26 23,7,61
2011/12/27 00,7,123
2011/12/27 01,7,98
2011/12/27 02,7,52
2011/12/27 03,6,39
2011/12/27 04,6,50
2011/12/27 05,5,47
2011/12/27 06,5,29
2011/12/27 07,6,48
2011/12/27 08,4,15
2011/12/27 09,3,19
2011/12/27 10,3,15
2011/12/27 11,1,4
2011/12/27 12,1,1
2011/12/27 13,1,1
2011/12/27 14,1,0
2011/12/27 15,2,7
2011/12/27 16,1,6
2011/12/27 17,3,10
2011/12/27 18,3,16
2011/12/27 19,4,12
2011/12/27 20,2,7
2011/12/27 21,3,15
2011/12/27 22,2,14
2011/12/27 23,2,12
2011/12/28 00,2,10
2011/12/28 01,2,12
2011/12/28 02,4,15
2011/12/28 03,6,22
2011/12/28 04,8,39
2011/12/28 05,4,6
2011/12/28 06,5,13
2011/12/28 07,4,18
2011/12/28 08,4,23
2011/12/28 09,5,26
2011/12/28 10,3,13
2011/12/28 11,3,12
2011/12/28 12,4,9
2011/12/28 13,4,13
2011/12/28 14,3,12
2011/12/28 15,3,14
2011/12/28 16,3,8
2011/12/28 17,3,7
2011/12/28 19,1,8
2011/12/28 21,2,3
2011/12/28 22,4,10
2011/12/28 23,5,15
2011/12/29 00,3,11
2011/12/29 01,1,3
2011/12/29 02,1,4
2011/12/29 03,2,8
2011/12/29 04,4,32
2011/12/29 05,2,44
2011/12/29 06,4,31
2011/12/29 07,5,24
2011/12/29 08,5,12
2011/12/29 09,5,18
2011/12/29 10,5,22
2011/12/29 11,4,12
2011/12/29 12,3,14
2011/12/29 13,2,9
2011/12/29 14,2,4
2011/12/29 21,1,5
2011/12/29 22,2,6
2011/12/29 23,4,10
2011/12/30 00,5,18
2011/12/30 01,6,28
2011/12/30 02,5,32
2011/12/30 03,5,18
2011/12/30 04,3,11
2011/12/30 05,4,6
2011/12/30 06,4,10
2011/12/30 07,4,15
2011/12/30 08,3,13
2011/12/30 09,2,8
2011/12/30 19,3,329
2011/12/30 20,4,449
2011/12/30 21,4,516
2011/12/30 22,3,532
2011/12/30 23,2,563
2011/12/31 00,2,582
2011/12/31 01,2,493
2011/12/31 02,3,329
2011/12/31 03,2,249
2011/12/31 04,3,7
2011/12/31 05,3,10
2011/12/31 06,3,6
2011/12/31 07,4,19
2011/12/31 08,3,18
2011/12/31 09,2,18
2011/12/31 11,1,0
2011/12/31 12,2,86
2011/12/31 13,1,3
2011/12/31 19,1,2
2011/12/31 21,2,6
2011/12/31 22,2,7
2011/12/31 23,7,20
2012/01/01 00,5,17
2012/01/01 01,6,20
2012/01/01 02,6,16
2012/01/01 03,4,1622
2012/01/01 04,5,1779
2012/01/01 05,4,1667
2012/01/01 06,2,1597
2012/01/01 07,1,1578
2012/01/01 08,2,27
2012/01/01 09,3,23
2012/01/01 10,1,26
2012/01/01 11,2,28
2012/01/01 12,2,31
2012/01/01 14,1,0
2012/01/01 15,1,0
2012/01/01 16,1,1
2012/01/01 17,1,1
2012/01/01 18,1,0
2012/01/01 19,1,6
2012/01/01 20,1,1
2012/01/01 21,3,4
2012/01/01 22,3,5
2012/01/01 23,2,5
2012/01/02 00,1,2
2012/01/02 01,1,1
2012/01/02 02,1,0
2012/01/02 03,2,1
2012/01/02 04,4,2
2012/01/02 05,5,3
2012/01/02 06,3,5
2012/01/02 07,3,5
2012/01/02 08,6,11
2012/01/02 09,3,121
2012/01/02 10,3,11
2012/01/02 11,3,19
2012/01/02 14,1,18
2012/01/02 15,2,25
2012/01/02 16,1,1
2012/01/02 18,3,8
2012/01/02 19,4,11
2012/01/02 20,4,20
2012/01/02 21,4,24
2012/01/02 22,7,28
2012/01/02 23,10,38
2012/01/03 00,10,38
2012/01/03 01,8,39
2012/01/03 02,6,56
2012/01/03 03,5,39
2012/01/03 04,6,31
2012/01/03 05,8,40
2012/01/03 06,6,26
2012/01/03 07,5,27
2012/01/03 08,2,15
2012/01/03 10,1,0
2012/01/03 11,1,2
2012/01/03 12,1,1
2012/01/03 17,1,33
2012/01/03 18,1,197
2012/01/03 19,5,85
2012/01/03 20,6,112
2012/01/03 21,5,84
2012/01/03 22,6,71
2012/01/03 23,5,22
2012/01/04 00,5,26
2012/01/04 01,6,25
2012/01/04 02,4,27
2012/01/04 03,4,36
2012/01/04 04,4,32
2012/01/04 05,6,35
2012/01/04 06,5,44
2012/01/04 07,6,52
2012/01/04 08,6,33
2012/01/04 09,6,69
2012/01/04 10,4,56
2012/01/04 11,5,49
2012/01/04 12,4,67
2012/01/04 13,3,77
2012/01/04 14,3,48
2012/01/04 15,4,65
2012/01/04 16,3,32
2012/01/04 17,1,6
2012/01/04 18,1,6
2012/01/04 19,1,5
2012/01/04 20,3,117
2012/01/04 21,4,101
2012/01/04 22,3,111
2012/01/04 23,6,61
2012/01/05 00,3,58
2012/01/05 01,2,1
2012/01/05 02,1,8
2012/01/05 03,2,37
2012/01/05 04,5,51
2012/01/05 05,8,83
2012/01/05 06,9,76
2012/01/05 07,7,75
2012/01/05 08,4,18
2012/01/05 09,3,14
2012/01/05 10,2,13
2012/01/05 15,1,3
2012/01/05 16,2,6
2012/01/05 17,1,3
2012/01/05 18,2,3
2012/01/05 19,3,363
2012/01/05 20,2,393
2012/01/05 21,3,414
2012/01/05 22,3,529
2012/01/05 23,2,441
2012/01/06 00,2,435
2012/01/06 01,2,4
2012/01/06 02,3,4
2012/01/06 03,4,51
2012/01/06 04,3,38
2012/01/06 05,3,44
2012/01/06 06,5,54
2012/01/06 07,5,73
2012/01/06 08,4,25
2012/01/06 09,5,36
2012/01/06 10,3,17
2012/01/06 11,3,16
2012/01/06 12,2,2
2012/01/06 13,2,3
2012/01/06 14,1,1
2012/01/06 15,2,4
2012/01/06 16,3,8
2012/01/06 17,4,10
2012/01/06 18,5,11
2012/01/06 19,4,8
2012/01/06 20,3,5
2012/01/06 21,3,12
2012/01/06 22,3,73
2012/01/06 23,2,75
2012/01/07 00,2,77
2012/01/07 01,2,89
2012/01/07 03,1,4
2012/01/07 04,4,2
2012/01/07 05,1,2
2012/01/07 06,4,21
2012/01/07 07,3,30
2012/01/07 08,3,24
2012/01/07 09,2,21
2012/01/07 10,1,18
2012/01/07 11,1,14
2012/01/07 12,1,10
2012/01/07 13,2,35
2012/01/07 14,4,33
2012/01/07 15,2,18
2012/01/07 16,2,66
2012/01/07 17,4,136
2012/01/07 18,5,202
2012/01/07 19,4,197
2012/01/07 20,7,289
2012/01/07 21,10,364
2012/01/07 22,11,379
2012/01/07 23,4,54
2012/01/08 00,5,57
2012/01/08 01,6,42
2012/01/08 02,4,34
2012/01/08 03,4,35
2012/01/08 04,3,31
2012/01/08 05,2,35
2012/01/08 06,2,29
2012/01/08 07,2,10
2012/01/08 08,2,4
2012/01/08 09,1,1
2012/01/08 12,1,1
2012/01/08 13,2,3
2012/01/08 14,2,6
2012/01/08 15,3,11
2012/01/08 16,3,13
2012/01/08 17,2,23
2012/01/08 18,3,25
2012/01/08 19,3,8
2012/01/08 20,3,6
2012/01/08 21,4,11
2012/01/08 22,5,13
2012/01/08 23,6,14
2012/01/09 00,5,10
2012/01/09 01,5,12
2012/01/09 02,5,19
2012/01/09 03,3,22
2012/01/09 04,5,25
2012/01/09 05,8,39
2012/01/09 06,7,37
2012/01/09 07,4,20
2012/01/09 08,1,3
2012/01/09 10,2,7
