2011/09/30 22,40,927
2011/09/30 23,45,775
2011/10/01 00,35,451
2011/10/01 01,40,815
2011/10/01 02,38,864
2011/10/01 03,43,1127
2011/10/01 04,41,1376
2011/10/01 05,37,1236
2011/10/01 06,31,895
2011/10/01 07,21,475
2011/10/01 08,15,403
2011/10/01 09,18,465
2011/10/01 10,17,511
2011/10/01 11,22,607
2011/10/01 12,22,655
2011/10/01 13,18,769
2011/10/01 14,23,929
2011/10/01 15,26,926
2011/10/01 16,35,1134
2011/10/01 17,39,1065
2011/10/01 18,45,1322
2011/10/01 19,47,1367
2011/10/01 20,57,1267
2011/10/01 21,57,1298
2011/10/01 22,52,1163
2011/10/01 23,47,1052
2011/10/02 00,46,624
2011/10/02 01,55,635
2011/10/02 02,53,653
2011/10/02 03,49,670
2011/10/02 04,53,740
2011/10/02 05,43,823
2011/10/02 06,30,706
2011/10/02 07,28,688
2011/10/02 08,27,808
2011/10/02 09,21,1389
2011/10/02 10,22,1654
2011/10/02 11,21,1429
2011/10/02 12,20,1047
2011/10/02 13,21,1052
2011/10/02 14,22,1241
2011/10/02 15,29,1179
2011/10/02 16,31,1538
2011/10/02 17,36,1619
2011/10/02 18,39,1652
2011/10/02 19,36,1709
2011/10/02 20,40,3161
2011/10/02 21,33,2782
2011/10/02 22,35,1141
2011/10/02 23,36,1254
2011/10/03 00,48,994
2011/10/03 01,35,844
2011/10/03 02,29,935
2011/10/03 03,31,1202
2011/10/03 04,25,991
2011/10/03 05,20,840
2011/10/03 06,17,643
2011/10/03 07,13,461
2011/10/03 08,11,186
2011/10/03 09,12,300
2011/10/03 10,10,123
2011/10/03 11,9,123
2011/10/03 12,15,194
2011/10/03 13,14,256
2011/10/03 14,14,268
2011/10/03 15,15,351
2011/10/03 16,17,318
2011/10/03 17,20,334
2011/10/03 18,28,339
2011/10/03 19,37,823
2011/10/03 20,38,1039
2011/10/03 21,39,1097
2011/10/03 22,40,588
2011/10/03 23,36,587
2011/10/04 00,31,763
2011/10/04 01,38,865
2011/10/04 02,33,709
2011/10/04 03,30,616
2011/10/04 04,27,793
2011/10/04 05,29,857
2011/10/04 06,27,805
2011/10/04 07,21,850
2011/10/04 08,17,354
2011/10/04 09,17,307
2011/10/04 10,14,139
2011/10/04 11,11,133
2011/10/04 12,12,196
2011/10/04 13,15,257
2011/10/04 14,16,297
2011/10/04 15,20,405
2011/10/04 16,25,393
2011/10/04 17,27,661
2011/10/04 18,34,626
2011/10/04 19,30,673
2011/10/04 20,32,662
2011/10/04 21,40,798
2011/10/04 22,40,678
2011/10/04 23,39,748
2011/10/05 00,37,1028
2011/10/05 01,44,1357
2011/10/05 02,33,1268
2011/10/05 03,26,1057
2011/10/05 04,25,735
2011/10/05 05,20,585
2011/10/05 06,16,368
2011/10/05 07,15,397
2011/10/05 08,14,340
2011/10/05 09,10,327
2011/10/05 10,7,230
2011/10/05 11,8,255
2011/10/05 12,12,278
2011/10/05 13,15,380
2011/10/05 14,22,832
2011/10/05 15,26,1067
2011/10/05 16,23,959
2011/10/05 17,23,873
2011/10/05 18,28,672
2011/10/05 19,30,899
2011/10/05 20,31,1224
2011/10/05 21,38,1408
2011/10/05 22,43,1173
2011/10/05 23,53,1338
2011/10/06 00,45,1540
2011/10/06 01,32,1305
2011/10/06 02,33,1266
2011/10/06 03,30,648
2011/10/06 04,24,610
2011/10/06 05,22,499
2011/10/06 06,17,302
2011/10/06 07,15,249
2011/10/06 08,13,107
2011/10/06 09,15,143
2011/10/06 10,10,189
2011/10/06 11,7,182
2011/10/06 12,19,259
2011/10/06 13,19,268
2011/10/06 14,22,348
2011/10/06 15,24,592
2011/10/06 16,23,474
2011/10/06 17,36,688
2011/10/06 18,36,648
2011/10/06 19,47,1092
2011/10/06 20,43,1611
2011/10/06 21,43,2938
2011/10/06 22,46,2072
2011/10/06 23,56,2432
2011/10/07 00,49,1532
2011/10/07 01,40,1621
2011/10/07 02,36,1105
2011/10/07 03,32,699
2011/10/07 04,24,471
2011/10/07 05,20,597
2011/10/07 06,14,368
2011/10/07 07,15,374
2011/10/07 08,13,396
2011/10/07 09,14,343
2011/10/07 10,15,380
2011/10/07 11,19,251
2011/10/07 12,17,199
2011/10/07 13,11,204
2011/10/07 14,17,344
2011/10/07 15,22,418
2011/10/07 16,29,733
2011/10/07 17,42,879
2011/10/07 18,43,1229
2011/10/07 19,48,1001
2011/10/07 20,51,797
2011/10/07 21,44,699
2011/10/07 22,53,893
2011/10/07 23,42,794
2011/10/08 00,47,993
2011/10/08 01,57,1231
2011/10/08 02,49,1265
2011/10/08 03,43,1075
2011/10/08 04,33,966
2011/10/08 05,24,813
2011/10/08 06,19,699
2011/10/08 07,16,537
2011/10/08 08,18,569
2011/10/08 09,16,507
2011/10/08 10,19,429
2011/10/08 11,24,597
2011/10/08 12,29,628
2011/10/08 13,42,1164
2011/10/08 14,45,1116
2011/10/08 15,48,1069
2011/10/08 16,55,1354
2011/10/08 17,59,1521
2011/10/08 18,58,1635
2011/10/08 19,61,1620
2011/10/08 20,56,1368
2011/10/08 21,52,1479
2011/10/08 22,54,1630
2011/10/08 23,55,1761
2011/10/09 00,51,1574
2011/10/09 01,49,1156
2011/10/09 02,41,1098
2011/10/09 03,35,751
2011/10/09 04,32,880
2011/10/09 05,25,728
2011/10/09 06,23,587
2011/10/09 07,18,633
2011/10/09 08,16,608
2011/10/09 09,16,751
2011/10/09 10,24,897
2011/10/09 11,28,893
2011/10/09 12,34,1077
2011/10/09 13,46,1011
2011/10/09 14,46,832
2011/10/09 15,54,837
2011/10/09 16,60,835
2011/10/09 17,68,1311
2011/10/09 18,61,1620
2011/10/09 19,65,1470
2011/10/09 20,57,1576
2011/10/09 21,58,1952
2011/10/09 22,55,1469
2011/10/09 23,53,1221
2011/10/10 00,51,1373
2011/10/10 01,42,1225
2011/10/10 02,39,1082
2011/10/10 03,33,853
2011/10/10 04,29,699
2011/10/10 05,23,495
2011/10/10 06,17,329
2011/10/10 07,16,308
2011/10/10 08,16,277
2011/10/10 09,17,298
2011/10/10 10,17,398
2011/10/10 11,24,397
2011/10/10 12,24,398
2011/10/10 13,31,861
2011/10/10 14,39,1856
2011/10/10 15,51,2488
2011/10/10 16,52,2630
2011/10/10 17,45,1826
2011/10/10 21,50,1823
2011/10/10 22,55,1635
2011/10/10 23,57,1227
2011/10/11 00,52,929
2011/10/11 01,54,1523
2011/10/11 02,54,1743
2011/10/11 03,42,1659
2011/10/11 04,41,1607
2011/10/11 05,32,1069
2011/10/11 06,29,962
2011/10/11 07,21,782
2011/10/11 08,18,452
2011/10/11 09,14,403
2011/10/11 10,14,386
2011/10/11 11,14,521
2011/10/11 12,15,569
2011/10/11 13,16,433
2011/10/11 14,19,464
2011/10/11 15,19,374
2011/10/11 16,24,590
2011/10/11 17,29,899
2011/10/11 18,33,1180
2011/10/11 19,38,4079
2011/10/11 20,33,6920
2011/10/11 21,47,5804
2011/10/11 22,49,5059
2011/10/11 23,51,3893
2011/10/12 00,54,1819
2011/10/12 01,51,1841
2011/10/12 02,55,2039
2011/10/12 03,55,2017
2011/10/12 04,46,1593
2011/10/12 05,30,1060
2011/10/12 06,25,1062
2011/10/12 07,19,909
2011/10/12 08,22,671
2011/10/12 09,19,470
2011/10/12 10,14,440
2011/10/12 11,11,279
2011/10/12 12,12,301
2011/10/12 13,16,285
2011/10/12 14,14,219
2011/10/12 15,20,485
2011/10/12 16,22,543
2011/10/12 17,32,870
2011/10/12 18,43,1347
2011/10/12 19,54,1386
2011/10/12 20,58,1627
2011/10/12 21,51,1914
2011/10/12 22,52,1430
2011/10/12 23,47,1155
2011/10/13 00,54,1603
2011/10/13 01,50,1898
2011/10/13 02,49,1736
2011/10/13 03,41,1370
2011/10/13 04,31,897
2011/10/13 05,34,810
2011/10/13 06,25,659
2011/10/13 07,21,490
2011/10/13 08,22,242
2011/10/13 09,24,291
2011/10/13 10,23,353
2011/10/13 11,19,286
2011/10/13 12,20,379
2011/10/13 13,22,409
2011/10/13 14,24,518
2011/10/13 15,29,515
2011/10/13 16,30,636
2011/10/13 17,32,732
2011/10/13 18,33,876
2011/10/13 19,35,1173
2011/10/13 20,48,1329
2011/10/13 21,45,1570
2011/10/13 22,52,1681
2011/10/13 23,44,1410
2011/10/14 00,56,1497
2011/10/14 01,55,1153
2011/10/14 02,52,1441
2011/10/14 03,44,1254
2011/10/14 04,49,1429
2011/10/14 05,39,1191
2011/10/14 06,34,916
2011/10/14 07,24,392
2011/10/14 08,21,711
2011/10/14 09,21,701
2011/10/14 10,16,314
2011/10/14 11,10,220
2011/10/14 12,10,260
2011/10/14 13,12,276
2011/10/14 14,20,325
2011/10/14 15,29,755
2011/10/14 16,27,927
2011/10/14 17,34,959
2011/10/14 18,45,955
2011/10/14 19,36,815
2011/10/14 20,45,753
2011/10/14 21,51,820
2011/10/14 22,49,779
2011/10/14 23,52,833
2011/10/15 00,66,1258
2011/10/15 01,58,1458
2011/10/15 02,59,1407
2011/10/15 03,55,1612
2011/10/15 04,55,1308
2011/10/15 05,48,1126
2011/10/15 06,47,934
2011/10/15 07,29,766
2011/10/15 08,22,423
2011/10/15 09,20,277
2011/10/15 10,14,219
2011/10/15 11,12,347
2011/10/15 12,12,371
2011/10/15 13,20,924
2011/10/15 14,25,897
2011/10/15 15,33,914
2011/10/15 16,43,1033
2011/10/15 17,39,1238
2011/10/15 18,42,991
2011/10/15 19,56,1144
2011/10/15 20,62,1858
2011/10/15 21,63,1731
2011/10/15 22,55,1353
2011/10/15 23,71,1788
2011/10/16 00,72,1272
2011/10/16 01,60,1114
2011/10/16 02,58,883
2011/10/16 03,63,1272
2011/10/16 04,62,1536
2011/10/16 05,50,1206
2011/10/16 06,42,1085
2011/10/16 07,39,938
2011/10/16 08,36,961
2011/10/16 09,25,504
2011/10/16 10,22,406
2011/10/16 11,26,429
2011/10/16 12,29,459
2011/10/16 13,37,696
2011/10/16 14,36,1468
2011/10/16 15,38,1415
2011/10/16 16,34,1098
2011/10/16 17,49,1325
2011/10/16 18,52,2261
2011/10/16 19,49,1672
2011/10/16 20,48,1331
2011/10/16 21,48,1409
2011/10/16 22,43,1357
2011/10/16 23,53,1298
2011/10/17 00,55,1320
2011/10/17 01,51,1021
2011/10/17 02,49,930
2011/10/17 03,43,976
2011/10/17 04,35,1002
2011/10/17 05,34,854
2011/10/17 06,24,548
2011/10/17 07,17,393
2011/10/17 08,20,407
2011/10/17 09,22,405
2011/10/17 10,16,332
2011/10/17 11,14,373
2011/10/17 12,14,245
2011/10/17 13,16,324
2011/10/17 14,22,756
2011/10/17 15,30,985
2011/10/17 16,32,1033
2011/10/17 17,38,956
2011/10/17 18,44,1142
2011/10/17 19,45,1934
2011/10/17 20,54,2857
2011/10/17 21,53,1961
2011/10/17 22,46,1279
2011/10/17 23,57,1181
2011/10/18 00,62,1600
2011/10/18 01,56,1402
2011/10/18 02,53,1026
2011/10/18 03,47,1056
2011/10/18 04,37,936
2011/10/18 05,31,749
2011/10/18 06,23,638
2011/10/18 07,20,518
2011/10/18 08,14,165
2011/10/18 09,19,181
2011/10/18 10,18,220
2011/10/18 11,19,251
2011/10/18 12,19,255
2011/10/18 13,17,253
2011/10/18 14,18,323
2011/10/18 15,19,411
2011/10/18 16,29,601
2011/10/18 17,37,1054
2011/10/18 18,38,1414
2011/10/18 19,40,1650
2011/10/18 20,43,1560
2011/10/18 21,43,1168
2011/10/18 22,51,1119
2011/10/18 23,54,1397
2011/10/19 00,62,1446
2011/10/19 01,65,1560
2011/10/19 02,53,1417
2011/10/19 03,48,1904
2011/10/19 04,34,1679
2011/10/19 05,37,1528
2011/10/19 06,30,882
2011/10/19 07,25,858
2011/10/19 08,20,817
2011/10/19 09,15,293
2011/10/19 10,19,314
2011/10/19 11,21,303
2011/10/19 12,23,341
2011/10/19 13,22,353
2011/10/19 14,25,450
2011/10/19 15,30,856
2011/10/19 16,29,946
2011/10/19 17,36,574
2011/10/19 18,43,643
2011/10/19 19,46,1272
2011/10/19 20,37,2529
2011/10/19 21,40,2716
2011/10/19 22,42,1055
2011/10/19 23,51,770
2011/10/20 00,57,1076
2011/10/20 01,60,1310
2011/10/20 02,46,1444
2011/10/20 03,50,1213
2011/10/20 04,38,931
2011/10/20 05,35,958
2011/10/20 06,20,545
2011/10/20 07,17,363
2011/10/20 08,15,283
2011/10/20 09,15,260
2011/10/20 10,13,169
2011/10/20 11,20,197
2011/10/20 12,23,314
2011/10/20 13,19,331
2011/10/20 14,27,450
2011/10/20 15,31,924
2011/10/20 16,39,1145
2011/10/20 17,35,1131
2011/10/20 18,43,1143
2011/10/20 19,53,1616
2011/10/20 20,56,1562
2011/10/20 21,62,1673
2011/10/20 22,63,1158
2011/10/20 23,66,1400
2011/10/21 00,69,1611
2011/10/21 01,62,1738
2011/10/21 02,56,1603
2011/10/21 03,51,1368
2011/10/21 04,44,1333
2011/10/21 05,37,1018
2011/10/21 06,29,711
2011/10/21 07,24,375
2011/10/21 08,22,302
2011/10/21 09,20,403
2011/10/21 10,17,402
2011/10/21 11,16,234
2011/10/21 12,21,333
2011/10/21 13,25,387
2011/10/21 14,29,498
2011/10/21 15,28,629
2011/10/21 16,34,872
2011/10/21 17,42,980
2011/10/21 18,46,1210
2011/10/21 19,56,1026
2011/10/21 20,64,1449
2011/10/21 21,63,1774
2011/10/21 22,58,1795
2011/10/21 23,50,1747
2011/10/22 00,60,1801
2011/10/22 01,60,1643
2011/10/22 02,64,1541
2011/10/22 03,69,2365
2011/10/22 04,59,2419
2011/10/22 05,52,2001
2011/10/22 06,40,1424
2011/10/22 07,31,706
2011/10/22 08,28,628
2011/10/22 09,17,284
2011/10/22 10,13,205
2011/10/22 11,23,290
2011/10/22 12,20,445
2011/10/22 13,27,1122
2011/10/22 14,32,1394
2011/10/22 15,30,1205
2011/10/22 16,37,1185
2011/10/22 17,44,1695
2011/10/22 18,45,2270
2011/10/22 19,56,2602
2011/10/22 20,62,3033
2011/10/22 21,61,3012
2011/10/22 22,61,2660
2011/10/22 23,68,3066
2011/10/23 00,68,1858
2011/10/23 01,68,1793
2011/10/23 02,70,1974
2011/10/23 03,61,1737
2011/10/23 04,63,902
2011/10/23 05,60,867
2011/10/23 06,52,878
2011/10/23 07,40,797
2011/10/23 08,29,636
2011/10/23 09,18,266
2011/10/23 10,18,297
2011/10/23 11,23,489
2011/10/23 12,28,995
2011/10/23 13,29,2737
2011/10/23 14,37,3731
2011/10/23 15,40,3856
2011/10/23 16,50,4178
2011/10/23 17,58,12887
2011/10/23 18,61,19099
2011/10/23 19,83,21489
2011/10/23 20,79,9108
2011/10/23 21,90,9008
2011/10/23 22,80,9382
2011/10/23 23,84,8404
2011/10/24 00,69,3632
2011/10/24 01,66,3276
2011/10/24 02,58,2824
2011/10/24 03,63,1684
2011/10/24 04,49,1356
2011/10/24 05,45,1197
2011/10/24 06,34,993
2011/10/24 07,26,1076
2011/10/24 08,19,673
2011/10/24 09,21,263
2011/10/24 10,20,326
2011/10/24 11,24,398
2011/10/24 12,24,349
2011/10/24 13,23,466
2011/10/24 14,26,495
2011/10/24 15,32,629
2011/10/24 16,35,597
2011/10/24 17,42,631
2011/10/24 18,40,1120
2011/10/24 19,42,2177
2011/10/24 20,63,2323
2011/10/24 21,63,2456
2011/10/24 22,58,2186
2011/10/24 23,57,2272
2011/10/25 00,67,2569
2011/10/25 01,69,2469
2011/10/25 02,60,1986
2011/10/25 03,50,2361
2011/10/25 04,40,1767
2011/10/25 05,35,808
2011/10/25 06,36,642
2011/10/25 07,29,280
2011/10/25 08,22,264
2011/10/25 09,17,288
2011/10/25 10,18,265
2011/10/25 11,25,284
2011/10/25 12,23,242
2011/10/25 13,23,322
2011/10/25 14,29,405
2011/10/25 15,33,635
2011/10/25 16,25,522
2011/10/25 17,36,640
2011/10/25 18,43,1115
2011/10/25 19,42,1290
2011/10/25 20,41,1882
2011/10/25 21,51,1302
2011/10/25 22,51,1293
2011/10/25 23,47,1227
2011/10/26 00,51,1353
2011/10/26 01,57,1756
2011/10/26 02,48,1939
2011/10/26 03,41,1731
2011/10/26 04,38,1665
2011/10/26 05,35,1022
2011/10/26 06,29,483
2011/10/26 07,28,578
2011/10/26 08,18,393
2011/10/26 09,17,372
2011/10/26 10,14,260
2011/10/26 11,13,320
2011/10/26 12,10,408
2011/10/26 13,14,407
2011/10/26 14,19,859
2011/10/26 15,21,817
2011/10/26 16,22,992
2011/10/26 17,26,1016
2011/10/26 18,36,1378
2011/10/26 19,38,1541
2011/10/26 20,39,2038
2011/10/26 21,47,1346
2011/10/26 22,48,855
2011/10/26 23,44,1112
2011/10/27 00,49,1472
2011/10/27 01,44,1375
2011/10/27 02,46,1676
2011/10/27 03,40,1917
2011/10/27 04,42,597
2011/10/27 05,29,415
2011/10/27 06,31,382
2011/10/27 07,29,288
2011/10/27 08,25,359
2011/10/27 09,16,198
2011/10/27 10,16,159
2011/10/27 11,17,256
2011/10/27 12,19,238
2011/10/27 13,23,255
2011/10/27 14,25,374
2011/10/27 15,32,581
2011/10/27 16,30,722
2011/10/27 17,32,904
2011/10/27 18,35,833
2011/10/27 19,47,1187
2011/10/27 20,45,1642
2011/10/27 21,48,1374
2011/10/27 22,49,930
2011/10/27 23,44,901
2011/10/28 00,51,9575
2011/10/28 01,56,10321
2011/10/28 02,49,10533
2011/10/28 03,46,1400
2011/10/28 04,42,1639
2011/10/28 05,37,1635
2011/10/28 06,26,711
2011/10/28 07,23,582
2011/10/28 08,18,336
2011/10/28 09,15,250
2011/10/28 10,8,170
2011/10/28 11,13,165
2011/10/28 12,18,198
2011/10/28 13,21,232
2011/10/28 14,20,756
2011/10/28 15,27,829
2011/10/28 16,22,829
2011/10/28 17,26,695
2011/10/28 18,28,677
2011/10/28 19,41,839
2011/10/28 20,46,1230
2011/10/28 21,50,1426
2011/10/28 22,54,1596
2011/10/28 23,52,1684
2011/10/29 00,57,1217
2011/10/29 01,48,1592
2011/10/29 02,48,2418
2011/10/29 03,52,4806
2011/10/29 04,56,4249
2011/10/29 05,49,4354
2011/10/29 06,49,598
2011/10/29 07,39,509
2011/10/29 08,31,374
2011/10/29 09,21,300
2011/10/29 10,16,445
2011/10/29 11,16,541
2011/10/29 12,20,642
2011/10/29 13,24,560
2011/10/29 14,28,1131
2011/10/29 15,35,1521
2011/10/29 16,40,1436
2011/10/29 17,42,1584
2011/10/29 18,44,1232
2011/10/29 19,48,1268
2011/10/29 20,58,1599
2011/10/29 21,66,1954
2011/10/29 22,61,1860
2011/10/29 23,50,1534
2011/10/30 00,56,1295
2011/10/30 01,64,1131
2011/10/30 02,66,1179
2011/10/30 03,55,1106
2011/10/30 04,57,1153
2011/10/30 05,49,1118
2011/10/30 06,42,781
2011/10/30 07,32,563
2011/10/30 08,32,692
2011/10/30 09,20,436
2011/10/30 10,17,368
2011/10/30 11,23,572
2011/10/30 12,27,666
2011/10/30 13,29,1218
2011/10/30 14,26,1727
2011/10/30 15,29,2416
2011/10/30 16,32,2555
2011/10/30 17,39,2692
2011/10/30 18,42,2764
2011/10/30 19,54,1799
2011/10/30 20,58,3153
2011/10/30 21,64,8180
2011/10/30 22,63,7708
2011/10/30 23,64,6441
2011/10/31 00,64,1415
2011/10/31 01,62,3428
2011/10/31 02,51,4183
2011/10/31 03,52,3999
2011/10/31 04,40,3082
2011/10/31 05,36,1200
2011/10/31 06,30,553
2011/10/31 07,27,455
2011/10/31 08,23,521
2011/10/31 09,13,371
2011/10/31 10,12,289
2011/10/31 11,12,272
2011/10/31 12,13,285
2011/10/31 13,15,247
2011/10/31 14,15,260
2011/10/31 15,16,419
2011/10/31 16,15,716
2011/10/31 17,19,700
2011/10/31 18,26,714
2011/10/31 19,35,984
2011/10/31 20,48,1541
2011/10/31 21,47,1873
2011/10/31 22,54,2271
2011/10/31 23,54,2511
2011/11/01 00,55,1454
2011/11/01 01,54,3674
2011/11/01 02,53,5389
2011/11/01 03,51,4879
2011/11/01 04,39,3862
2011/11/01 05,30,742
2011/11/01 06,30,778
2011/11/01 07,25,511
2011/11/01 08,18,436
2011/11/01 09,16,463
2011/11/01 10,15,263
2011/11/01 11,15,320
2011/11/01 12,11,289
2011/11/01 13,13,328
2011/11/01 14,11,328
2011/11/01 15,16,413
2011/11/01 16,17,369
2011/11/03 15,16,317
2011/11/03 16,26,639
2011/11/03 17,25,585
2011/11/03 18,34,681
2011/11/03 19,36,1092
2011/11/03 20,39,1041
2011/11/03 21,44,946
2011/11/03 22,46,860
2011/11/03 23,55,950
2011/11/04 00,59,9937
2011/11/04 01,67,11678
2011/11/04 02,56,12075
2011/11/04 03,56,1320
2011/11/04 04,49,1448
2011/11/04 05,30,327
2011/11/04 06,26,425
2011/11/04 07,25,677
2011/11/04 08,18,333
2011/11/04 09,14,300
2011/11/04 10,14,307
2011/11/04 11,16,250
2011/11/04 12,17,244
2011/11/04 13,14,258
2011/11/04 14,10,252
2011/11/04 15,15,282
2011/11/04 16,24,495
2011/11/04 17,24,423
2011/11/04 18,30,445
2011/11/04 19,31,513
2011/11/04 20,36,785
2011/11/04 21,38,892
2011/11/04 22,43,828
2011/11/04 23,48,1053
2011/11/05 00,57,1142
2011/11/05 01,62,1230
2011/11/05 02,71,1348
2011/11/05 03,71,1218
2011/11/05 04,59,990
2011/11/05 05,47,729
2011/11/05 06,33,594
2011/11/05 07,28,446
2011/11/05 08,27,320
2011/11/05 09,20,253
2011/11/05 10,18,241
2011/11/05 11,14,205
2011/11/05 12,16,251
2011/11/05 13,23,325
2011/11/05 14,24,326
2011/11/05 15,29,412
2011/11/05 16,34,582
2011/11/05 17,44,1012
2011/11/05 18,46,968
2011/11/05 19,48,818
2011/11/05 20,41,636
2011/11/05 21,38,735
2011/11/05 22,46,992
2011/11/05 23,44,1101
2011/11/06 00,50,1158
2011/11/06 01,43,820
2011/11/06 02,48,983
2011/11/06 03,51,6249
2011/11/06 04,52,6295
2011/11/06 05,47,5324
2011/11/06 06,40,4241
2011/11/06 07,38,607
2011/11/06 08,37,674
2011/11/06 09,25,409
2011/11/06 10,19,363
2011/11/06 11,15,425
2011/11/06 12,15,395
2011/11/06 13,17,281
2011/11/06 14,22,272
2011/11/06 15,23,376
2011/11/06 16,23,727
2011/11/06 17,27,813
2011/11/06 18,41,1116
2011/11/06 19,49,1073
2011/11/06 20,41,945
2011/11/06 21,40,904
2011/11/06 22,58,1103
2011/11/06 23,52,1294
2011/11/07 00,50,1446
2011/11/07 01,50,1508
2011/11/07 02,48,2172
2011/11/07 03,51,1986
2011/11/07 04,53,1716
2011/11/07 05,43,723
2011/11/07 06,39,800
2011/11/07 07,37,582
2011/11/07 08,33,614
2011/11/07 09,30,593
2011/11/07 10,29,435
2011/11/07 11,24,324
2011/11/07 12,20,344
2011/11/07 13,18,341
2011/11/07 14,22,542
2011/11/07 15,24,364
2011/11/07 16,25,496
2011/11/07 17,29,526
2011/11/07 18,29,411
2011/11/07 19,30,513
2011/11/07 20,34,1077
2011/11/07 21,43,1621
2011/11/07 22,45,1758
2011/11/07 23,44,2002
2011/11/08 00,57,2440
2011/11/08 01,49,2452
2011/11/08 02,64,3329
2011/11/08 03,66,1881
2011/11/08 04,58,1297
2011/11/08 05,54,1561
2011/11/08 06,66,2572
2011/11/08 07,87,2983
2011/11/08 08,117,3349
2011/11/08 09,187,6076
2011/11/08 10,213,8415
2011/11/08 11,183,6547
2011/11/08 12,147,5372
2011/11/08 13,120,4725
2011/11/08 14,113,3979
2011/11/08 15,118,4274
2011/11/08 16,115,4278
2011/11/08 17,137,5608
2011/11/08 18,143,6608
2011/11/08 19,156,6569
2011/11/08 20,178,10401
2011/11/08 21,180,10305
2011/11/08 22,194,10412
2011/11/08 23,186,7309
2011/11/09 00,196,9975
2011/11/09 01,204,9724
2011/11/09 02,201,6719
2011/11/09 03,193,6405
2011/11/09 04,169,5418
2011/11/09 05,203,10260
2011/11/09 06,190,8380
2011/11/09 07,171,7134
2011/11/09 08,138,5836
2011/11/09 09,105,4601
2011/11/09 10,82,3540
2011/11/09 11,69,3118
2011/11/09 12,57,2865
2011/11/09 13,57,1391
2011/11/09 14,50,1673
2011/11/09 15,65,2016
2011/11/09 16,77,2463
2011/11/09 17,83,2791
2011/11/09 18,96,3286
2011/11/09 19,102,3343
2011/11/09 20,106,3492
2011/11/09 21,120,4929
2011/11/09 22,139,6549
2011/11/09 23,157,7177
2011/11/10 00,182,9714
2011/11/10 01,178,10507
2011/11/10 02,173,9864
2011/11/10 03,156,8242
2011/11/10 04,153,7937
2011/11/10 05,144,8218
2011/11/10 06,143,7080
2011/11/10 07,126,5766
2011/11/10 08,112,4950
2011/11/10 09,100,3663
2011/11/10 10,77,1628
2011/11/10 11,61,1527
2011/11/10 12,54,1451
2011/11/10 13,53,1134
2011/11/10 14,48,1336
2011/11/10 15,47,1624
2011/11/10 16,52,2063
2011/11/10 17,63,1969
2011/11/10 18,73,2463
2011/11/10 19,87,3302
2011/11/10 20,84,3442
2011/11/10 21,92,3335
2011/11/10 22,95,4222
2011/11/10 23,109,4409
2011/11/11 00,117,5110
2011/11/11 01,137,6959
2011/11/11 02,125,6180
2011/11/11 03,130,9896
2011/11/11 04,140,10151
2011/11/11 05,140,10039
2011/11/11 06,136,4617
2011/11/11 07,129,4063
2011/11/11 08,118,3122
2011/11/11 09,92,2476
2011/11/11 10,94,3349
2011/11/11 11,70,1400
2011/11/11 12,54,1516
2011/11/11 13,42,948
2011/11/11 14,37,863
2011/11/11 15,39,886
2011/11/11 16,41,1050
2011/11/11 17,42,1236
2011/11/11 18,118,4909
2011/11/11 19,99,4369
2011/11/11 20,113,4272
2011/11/11 21,112,4102
2011/11/11 22,127,3964
2011/11/11 23,133,3962
2011/11/12 00,135,6389
2011/11/12 01,135,6906
2011/11/12 02,138,8056
2011/11/12 03,140,7694
2011/11/12 04,134,6769
2011/11/12 05,119,6211
2011/11/12 06,121,6305
2011/11/12 07,101,4669
2011/11/12 08,82,1931
2011/11/12 09,74,1967
2011/11/12 10,53,2196
2011/11/12 11,49,1727
2011/11/12 12,45,1466
2011/11/12 13,49,1517
2011/11/12 14,52,1702
2011/11/12 15,71,3124
2011/11/12 16,81,4522
2011/11/12 17,92,6043
2011/11/12 18,87,6217
2011/11/12 19,94,7469
2011/11/12 20,109,9089
2011/11/12 21,124,9553
2011/11/12 22,120,9854
2011/11/12 23,125,6553
2011/11/13 00,133,7874
2011/11/13 01,133,8132
2011/11/13 02,130,6033
2011/11/13 03,117,5464
2011/11/13 04,113,7516
2011/11/13 05,107,7367
2011/11/13 06,103,4299
2011/11/13 07,87,1546
2011/11/13 08,81,1527
2011/11/13 12,34,1931
2011/11/13 13,47,1784
2011/11/13 14,54,1993
2011/11/13 15,59,2649
2011/11/13 16,66,3245
2011/11/13 17,73,3664
2011/11/13 18,87,3772
2011/11/13 19,101,3955
2011/11/13 20,115,4952
2011/11/13 21,125,3498
2011/11/13 22,118,4941
2011/11/13 23,107,3445
2011/11/14 00,100,3260
2011/11/14 01,105,4030
2011/11/14 02,97,3933
2011/11/14 03,92,3091
2011/11/14 04,93,3008
2011/11/14 05,81,2492
2011/11/14 06,68,2433
2011/11/14 07,60,1950
2011/11/14 08,49,1686
2011/11/14 09,39,1418
2011/11/14 10,33,1430
2011/11/14 11,25,1665
2011/11/14 12,22,1885
2011/11/14 13,24,1036
2011/11/14 14,33,1147
2011/11/14 15,45,1389
2011/11/14 16,48,1979
2011/11/14 17,52,2299
2011/11/14 18,64,2581
2011/11/14 19,69,2755
2011/11/14 20,65,2601
2011/11/14 21,74,4590
2011/11/14 22,86,4060
2011/11/14 23,97,3671
2011/11/15 00,106,2824
2011/11/15 01,90,2354
2011/11/15 02,85,2600
2011/11/15 03,89,2187
2011/11/15 04,78,1767
2011/11/15 05,75,1862
2011/11/15 06,60,1591
2011/11/15 07,54,1561
2011/11/15 08,43,1127
2011/11/15 09,36,1182
2011/11/15 10,31,1232
2011/11/15 11,32,1106
2011/11/15 12,30,1193
2011/11/15 13,34,1318
2011/11/15 14,31,1483
2011/11/15 15,36,1174
2011/11/15 16,34,1357
2011/11/15 17,43,1942
2011/11/15 18,59,2212
2011/11/15 19,60,2422
2011/11/15 20,58,2569
2011/11/15 21,69,3009
2011/11/15 22,74,2189
2011/11/15 23,82,2176
2011/11/16 00,91,1683
2011/11/16 01,90,3545
2011/11/16 02,102,3568
2011/11/16 03,108,4996
2011/11/16 04,104,5219
2011/11/16 05,85,4425
2011/11/16 06,69,1451
2011/11/16 07,66,2445
2011/11/16 08,51,2302
2011/11/16 09,39,1637
2011/11/16 10,35,1601
2011/11/16 11,25,1420
2011/11/16 12,24,467
2011/11/16 13,28,719
2011/11/16 14,38,981
2011/11/16 15,44,1306
2011/11/16 16,42,2804
2011/11/16 17,42,2769
2011/11/16 18,50,2875
2011/11/16 19,63,1789
2011/11/16 20,56,2147
2011/11/16 21,69,2597
2011/11/16 22,75,2740
2011/11/16 23,87,2217
2011/11/17 00,92,3348
2011/11/17 01,93,3404
2011/11/17 02,94,3835
2011/11/17 03,105,3882
2011/11/17 04,105,4151
2011/11/17 05,86,2984
2011/11/17 06,71,2063
2011/11/17 07,60,1819
2011/11/17 08,52,2230
2011/11/17 09,44,1138
2011/11/17 10,42,1167
2011/11/17 11,39,996
2011/11/17 12,36,684
2011/11/17 13,41,806
2011/11/17 14,35,923
2011/11/17 15,48,1143
2011/11/17 16,44,1236
2011/11/17 17,41,1225
2011/11/17 18,50,1172
2011/11/17 19,57,1236
2011/11/17 20,65,2175
2011/11/17 21,83,3015
2011/11/17 22,86,2961
2011/11/17 23,82,2566
2011/11/18 00,87,2565
2011/11/18 01,91,10880
2011/11/18 02,87,10914
2011/11/18 03,85,10860
2011/11/18 04,90,3185
2011/11/18 05,84,3160
2011/11/18 06,70,2905
2011/11/18 07,63,2062
2011/11/18 08,59,2124
2011/11/18 09,41,1277
2011/11/18 10,33,832
2011/11/18 11,32,841
2011/11/18 12,27,663
2011/11/18 13,34,812
2011/11/18 14,37,1123
2011/11/18 15,35,1564
2011/11/18 16,43,1647
2011/11/18 17,46,1582
2011/11/18 18,52,1551
2011/11/18 19,59,1325
2011/11/18 20,69,1603
2011/11/18 21,79,1745
2011/11/18 22,68,1582
2011/11/18 23,74,1243
2011/11/19 00,76,1501
2011/11/19 01,90,1979
2011/11/19 02,97,2544
2011/11/19 03,106,2880
2011/11/19 04,107,3049
2011/11/19 05,103,2736
2011/11/19 06,95,2310
2011/11/19 07,87,2230
2011/11/19 08,57,1847
2011/11/19 09,49,1349
2011/11/19 10,41,1114
2011/11/19 11,39,679
2011/11/19 12,42,833
2011/11/19 13,50,785
2011/11/19 14,43,672
2011/11/19 15,45,781
2011/11/19 16,53,863
2011/11/19 17,59,1045
2011/11/19 18,65,1062
2011/11/19 19,82,1343
2011/11/19 20,74,2211
2011/11/19 21,85,2338
2011/11/19 22,83,2896
2011/11/19 23,105,3210
2011/11/20 00,98,3648
2011/11/20 01,94,3951
2011/11/20 02,84,3336
2011/11/20 03,96,3359
2011/11/20 04,100,3989
2011/11/20 05,92,4103
2011/11/20 06,87,3045
2011/11/20 07,74,2845
2011/11/20 08,64,2503
2011/11/20 09,47,2100
2011/11/20 10,44,1457
2011/11/20 11,36,1944
2011/11/20 12,35,2122
2011/11/20 13,35,1944
2011/11/20 14,35,2854
2011/11/20 15,39,2178
2011/11/20 16,40,1322
2011/11/20 17,46,965
2011/11/20 18,47,1382
2011/11/20 19,57,2047
2011/11/20 20,79,2198
2011/11/20 21,75,2338
2011/11/20 22,66,2413
2011/11/20 23,77,1966
2011/11/21 00,79,2084
2011/11/21 01,85,1946
2011/11/21 02,78,2030
2011/11/21 03,84,2186
2011/11/21 04,78,2360
2011/11/21 05,74,2351
2011/11/21 06,74,1651
2011/11/21 07,62,1445
2011/11/21 08,50,1278
2011/11/21 09,41,819
2011/11/21 10,28,679
2011/11/21 11,18,593
2011/11/21 12,20,755
2011/11/21 13,28,928
2011/11/21 14,29,713
2011/11/21 15,29,1103
2011/11/21 16,38,1311
2011/11/21 17,46,1693
2011/11/21 18,49,1431
2011/11/21 19,62,1686
2011/11/21 20,72,2378
2011/11/21 21,80,2297
2011/11/21 22,79,2180
2011/11/21 23,79,2025
2011/11/22 00,82,2032
2011/11/22 01,88,2385
2011/11/22 02,92,2473
2011/11/22 03,88,2269
2011/11/22 04,84,2376
2011/11/22 05,72,1408
2011/11/22 06,57,1048
2011/11/22 07,49,1021
2011/11/22 08,44,1260
2011/11/22 09,29,717
2011/11/22 10,32,746
2011/11/22 11,27,649
2011/11/22 12,19,433
2011/11/22 13,25,671
2011/11/22 14,22,607
2011/11/22 15,31,782
2011/11/22 16,45,1025
2011/11/22 17,60,1015
2011/11/22 18,64,1593
2011/11/22 19,70,2078
2011/11/22 20,76,2974
2011/11/22 21,84,2412
2011/11/22 22,88,2177
2011/11/22 23,93,1892
2011/11/23 00,96,2684
2011/11/23 01,96,2459
2011/11/23 02,109,2373
2011/11/23 03,111,2918
2011/11/23 04,113,3167
2011/11/23 05,95,2984
2011/11/23 06,88,2399
2011/11/23 07,67,1386
2011/11/23 08,56,1199
2011/11/23 09,43,981
2011/11/23 10,33,895
2011/11/23 11,28,874
2011/11/23 12,30,867
2011/11/23 13,25,772
2011/11/23 14,37,1127
2011/11/23 15,47,812
2011/11/23 16,42,945
2011/11/23 17,48,1249
2011/11/23 18,58,1581
2011/11/23 19,64,1720
2011/11/23 20,75,2183
2011/11/23 21,83,2591
2011/11/23 22,72,2883
2011/11/23 23,88,1778
2011/11/24 00,96,2342
2011/11/24 01,98,5381
2011/11/24 02,98,5906
2011/11/24 03,117,7206
2011/11/24 04,106,6319
2011/11/24 05,105,6401
2011/11/24 06,99,6222
2011/11/24 07,82,4582
2011/11/24 08,66,4725
2011/11/24 09,46,850
2011/11/24 10,39,888
2011/11/24 11,25,644
2011/11/24 12,27,440
2011/11/24 13,35,390
2011/11/24 14,34,518
2011/11/24 15,33,651
2011/11/24 16,40,813
2011/11/24 17,48,1050
2011/11/24 18,45,1185
2011/11/24 19,55,1263
2011/11/24 20,62,1401
2011/11/24 21,52,1580
2011/11/24 22,53,1517
2011/11/24 23,59,1744
2011/11/25 00,59,1739
2011/11/25 01,79,2353
2011/11/25 02,73,2475
2011/11/25 03,76,2738
2011/11/25 04,80,3075
2011/11/25 05,83,3109
2011/11/25 06,72,2407
2011/11/25 07,62,1581
2011/11/25 08,51,1243
2011/11/25 09,43,651
2011/11/25 10,40,614
2011/11/25 11,31,389
2011/11/25 12,33,533
2011/11/25 13,31,475
2011/11/25 14,27,510
2011/11/25 15,39,689
2011/11/25 16,54,1254
2011/11/25 17,51,1250
2011/11/25 18,65,1717
2011/11/25 19,82,1488
2011/11/25 20,87,2068
2011/11/25 21,87,1662
2011/11/25 22,87,2064
2011/11/25 23,94,2987
2011/11/26 00,95,3061
2011/11/26 01,94,2985
2011/11/26 02,83,2952
2011/11/26 03,95,3247
2011/11/26 04,103,2939
2011/11/26 05,102,2446
2011/11/26 06,97,1880
2011/11/26 07,88,1799
2011/11/26 08,61,1495
2011/11/26 09,49,851
2011/11/26 10,36,730
2011/11/26 11,35,1227
2011/11/26 12,28,1239
2011/11/26 13,35,996
2011/11/26 14,33,661
2011/11/26 15,32,615
2011/11/26 16,37,1015
2011/11/26 17,48,1031
2011/11/26 18,63,1367
2011/11/26 19,76,1502
2011/11/26 20,82,1206
2011/11/26 21,85,2028
2011/11/26 22,90,2451
2011/11/26 23,89,2491
2011/11/27 00,90,1823
2011/11/27 01,86,3803
2011/11/27 02,101,4303
2011/11/27 03,91,4407
2011/11/27 04,107,3814
2011/11/27 05,115,2213
2011/11/27 06,88,2103
2011/11/27 07,79,2348
2011/11/27 08,73,1797
2011/11/27 09,55,1345
2011/11/27 10,44,1194
2011/11/27 11,38,772
2011/11/27 12,36,861
2011/11/27 13,39,866
2011/11/27 14,46,684
2011/11/27 15,53,2301
2011/11/27 16,52,2439
2011/11/27 17,60,3150
2011/11/27 18,74,2653
2011/11/27 19,75,3144
2011/11/27 20,88,3076
2011/11/27 21,104,3253
2011/11/27 22,100,2768
2011/11/27 23,109,3422
2011/11/28 00,106,3581
2011/11/28 01,102,4196
2011/11/28 02,114,4294
2011/11/28 03,97,3299
2011/11/28 04,83,2648
2011/11/28 05,79,2798
2011/11/28 06,70,2697
2011/11/28 07,53,1961
2011/11/28 08,31,1087
2011/11/28 09,28,877
2011/11/28 10,22,581
2011/11/28 11,20,800
2011/11/28 12,22,760
2011/11/28 13,22,673
2011/11/28 14,28,713
2011/11/28 15,29,722
2011/11/28 16,38,1525
2011/11/28 17,34,2111
2011/11/28 18,37,2135
2011/11/28 19,59,2001
2011/11/28 20,64,2192
2011/11/28 21,67,1806
2011/11/28 22,75,1840
2011/11/28 23,96,1997
2011/11/29 00,92,2785
2011/11/29 01,95,3063
2011/11/29 02,93,2987
2011/11/29 03,100,3381
2011/11/29 04,95,3254
2011/11/29 05,78,2711
2011/11/29 06,63,2016
2011/11/29 07,52,1339
2011/11/29 08,42,1068
2011/11/29 09,32,820
2011/11/29 10,27,738
2011/11/29 11,31,861
2011/11/29 12,29,701
2011/11/29 13,32,887
2011/11/29 14,33,916
2011/11/29 15,35,841
2011/11/29 16,40,1224
2011/11/29 17,50,1513
2011/11/29 18,53,2089
2011/11/29 19,47,2407
2011/11/29 20,54,2536
2011/11/29 21,53,6106
2011/11/29 22,71,5017
2011/11/29 23,87,2545
2011/11/30 00,82,3027
2011/11/30 01,93,2482
2011/11/30 02,93,2577
2011/11/30 03,88,2877
2011/11/30 04,86,5397
2011/11/30 05,75,6206
2011/11/30 06,80,5593
2011/11/30 07,59,4826
2011/11/30 08,52,1606
2011/11/30 09,36,944
2011/11/30 10,26,832
2011/11/30 11,28,799
2011/11/30 12,29,684
2011/11/30 13,31,859
2011/11/30 14,33,913
2011/11/30 15,30,739
2011/11/30 16,34,885
2011/11/30 17,31,984
2011/11/30 18,36,1469
2011/11/30 19,56,2125
2011/11/30 20,50,2312
2011/11/30 21,66,2275
2011/11/30 22,68,2551
2011/11/30 23,67,1953
2011/12/01 00,74,2125
2011/12/01 01,77,2092
2011/12/01 02,73,1944
2011/12/01 03,77,2012
2011/12/01 04,74,1768
2011/12/01 05,64,1495
2011/12/01 06,68,1578
2011/12/01 07,54,1240
2011/12/01 08,49,951
2011/12/01 09,35,780
2011/12/01 10,27,788
2011/12/01 11,24,804
2011/12/01 12,18,441
2011/12/01 13,23,548
2011/12/01 14,25,676
2011/12/01 15,32,818
2011/12/01 16,35,885
2011/12/01 17,37,811
2011/12/01 18,43,1024
2011/12/01 19,62,1451
2011/12/01 20,59,1577
2011/12/01 21,67,1842
2011/12/01 22,75,1782
2011/12/01 23,69,2302
2011/12/02 00,72,2077
2011/12/02 01,81,2630
2011/12/02 02,88,2804
2011/12/02 03,86,2807
2011/12/02 04,78,2895
2011/12/02 05,67,2440
2011/12/02 06,59,1648
2011/12/02 07,51,1210
2011/12/02 08,48,1040
2011/12/02 09,37,915
2011/12/02 10,33,906
2011/12/02 11,29,736
2011/12/02 12,20,729
2011/12/02 13,22,818
2011/12/02 14,30,917
2011/12/02 15,36,1318
2011/12/02 16,46,1678
2011/12/02 17,44,1364
2011/12/02 18,39,1602
2011/12/02 19,44,1408
2011/12/02 20,55,1660
2011/12/02 21,71,2930
2011/12/02 22,80,3720
2011/12/02 23,87,3490
2011/12/03 00,96,3540
2011/12/03 01,96,2641
2011/12/03 02,99,2536
2011/12/03 03,108,2784
2011/12/03 04,101,2560
2011/12/03 05,98,1747
2011/12/03 06,87,1576
2011/12/03 07,73,1360
2011/12/03 08,54,934
2011/12/03 09,46,1075
2011/12/03 10,43,1316
2011/12/03 11,44,1402
2011/12/03 12,39,1466
2011/12/03 13,38,1658
2011/12/03 14,45,1459
2011/12/03 15,47,1791
2011/12/03 16,51,2132
2011/12/03 17,48,2411
2011/12/03 18,62,2858
2011/12/03 19,78,3292
2011/12/03 20,102,3736
2011/12/03 21,123,6252
2011/12/03 22,117,7010
2011/12/03 23,111,5206
2011/12/04 00,106,5563
2011/12/04 01,103,3352
2011/12/04 02,110,3814
2011/12/04 03,92,3966
2011/12/04 04,98,3832
2011/12/04 05,93,3281
2011/12/04 06,95,3260
2011/12/04 07,80,2812
2011/12/04 08,66,1517
2011/12/04 09,53,938
2011/12/04 10,40,1572
2011/12/04 11,39,1767
2011/12/04 12,31,1912
2011/12/04 13,32,2022
2011/12/04 14,38,1625
2011/12/04 15,36,2313
2011/12/04 16,46,2822
2011/12/04 17,57,3644
2011/12/04 18,65,3714
2011/12/04 19,63,2309
2011/12/04 20,81,2289
2011/12/04 21,75,2577
2011/12/04 22,76,2310
2011/12/04 23,85,2618
2011/12/05 00,82,2604
2011/12/05 01,87,2784
2011/12/05 02,93,3337
2011/12/05 03,91,3016
2011/12/05 04,78,2244
2011/12/05 05,73,1927
2011/12/05 06,63,1952
2011/12/05 07,50,2170
2011/12/05 08,39,1420
2011/12/05 09,40,1439
2011/12/05 10,42,947
2011/12/05 11,31,865
2011/12/05 12,25,855
2011/12/05 13,23,889
2011/12/05 14,24,859
2011/12/05 15,26,749
2011/12/05 16,38,831
2011/12/05 17,42,877
2011/12/05 18,43,778
2011/12/05 19,52,1074
2011/12/05 20,54,3061
2011/12/05 21,64,3522
2011/12/05 22,67,2377
2011/12/05 23,72,1797
2011/12/06 00,72,1833
2011/12/06 01,85,2360
2011/12/06 02,103,2664
2011/12/06 03,103,2626
2011/12/06 04,91,2569
2011/12/06 05,69,2519
2011/12/06 06,62,2534
2011/12/06 07,47,1574
2011/12/06 08,36,877
2011/12/06 09,32,853
2011/12/06 10,29,569
2011/12/06 11,28,445
2011/12/06 12,20,493
2011/12/06 13,17,630
2011/12/06 14,22,434
2011/12/06 15,28,506
2011/12/06 16,36,1662
2011/12/06 17,38,2131
2011/12/06 18,50,2554
2011/12/06 19,59,1884
2011/12/06 20,64,2251
2011/12/06 21,68,2226
2011/12/06 22,71,1843
2011/12/06 23,82,2107
2011/12/07 00,75,2028
2011/12/07 01,88,2668
2011/12/07 02,84,1991
2011/12/07 03,92,2239
2011/12/07 04,79,2787
2011/12/07 05,71,2185
2011/12/07 06,64,1864
2011/12/07 07,65,1238
2011/12/07 08,50,995
2011/12/07 09,35,736
2011/12/07 10,28,496
2011/12/07 11,24,403
2011/12/07 12,17,445
2011/12/07 13,16,433
2011/12/07 14,27,647
2011/12/07 15,31,825
2011/12/07 16,36,1361
2011/12/07 17,44,1442
2011/12/07 18,41,1859
2011/12/07 19,46,1825
2011/12/07 20,62,3139
2011/12/07 21,62,5007
2011/12/07 22,62,5593
2011/12/07 23,78,4307
2011/12/08 00,91,2357
2011/12/08 01,99,2451
2011/12/08 02,96,2408
2011/12/08 03,95,2513
2011/12/08 04,92,2217
2011/12/08 05,92,2586
2011/12/08 06,73,1644
2011/12/08 07,57,1225
2011/12/08 08,50,1307
2011/12/08 09,34,714
2011/12/08 10,26,451
2011/12/08 11,22,459
2011/12/08 12,22,650
2011/12/08 13,22,586
2011/12/08 14,29,578
2011/12/08 15,32,723
2011/12/08 16,42,807
2011/12/08 17,37,931
2011/12/08 18,50,868
2011/12/08 19,53,1505
2011/12/08 20,57,1691
2011/12/08 21,80,5516
2011/12/08 22,77,5314
2011/12/08 23,83,2875
2011/12/09 00,86,3255
2011/12/09 01,79,2987
2011/12/09 02,85,5103
2011/12/09 03,101,4320
2011/12/09 04,99,3554
2011/12/09 05,76,2556
2011/12/09 06,76,1535
2011/12/09 07,69,1245
2011/12/09 08,59,1243
2011/12/09 09,38,880
2011/12/09 10,27,649
2011/12/09 11,29,616
2011/12/09 12,32,838
2011/12/09 13,28,539
2011/12/09 14,27,474
2011/12/09 15,30,541
2011/12/09 16,34,658
2011/12/09 17,35,753
2011/12/09 18,39,840
2011/12/09 19,47,876
2011/12/09 20,70,1151
2011/12/09 21,83,3804
2011/12/09 22,93,4181
2011/12/09 23,96,1917
2011/12/10 00,96,2850
2011/12/10 01,94,2995
2011/12/10 02,102,3317
2011/12/10 03,109,3605
2011/12/10 04,104,3631
2011/12/10 05,91,2990
2011/12/10 06,84,2274
2011/12/10 07,70,1660
2011/12/10 08,65,1388
2011/12/10 09,52,849
2011/12/10 10,42,808
2011/12/10 11,43,1044
2011/12/10 12,37,1248
2011/12/10 13,29,1396
2011/12/10 14,25,1056
2011/12/10 15,40,1769
2011/12/10 16,49,1933
2011/12/10 17,47,3196
2011/12/10 18,58,3368
2011/12/10 19,71,4834
2011/12/10 20,98,8692
2011/12/10 21,105,11385
2011/12/10 22,97,8179
2011/12/10 23,105,5370
2011/12/11 00,115,4830
2011/12/11 01,119,5446
2011/12/11 02,123,4396
2011/12/11 03,116,3958
2011/12/11 04,105,3800
2011/12/11 05,117,3956
2011/12/11 06,110,3996
2011/12/11 07,96,2894
2011/12/11 08,73,1055
2011/12/11 09,59,939
2011/12/11 10,47,946
2011/12/11 11,40,987
2011/12/11 12,35,1316
2011/12/11 13,33,1417
2011/12/11 14,32,1787
2011/12/11 15,42,2120
2011/12/11 16,57,2907
2011/12/11 17,55,2624
2011/12/11 18,53,2452
2011/12/11 19,60,2316
2011/12/11 20,63,2250
2011/12/11 21,80,5020
2011/12/11 22,92,5486
2011/12/11 23,76,3106
2011/12/12 00,86,2404
2011/12/12 01,94,1416
2011/12/12 02,103,1592
2011/12/12 03,80,2259
2011/12/12 04,68,1692
2011/12/12 05,67,1527
2011/12/12 06,62,1136
2011/12/12 07,64,1262
2011/12/12 08,47,1151
2011/12/12 09,34,776
2011/12/12 10,29,619
2011/12/12 11,28,480
2011/12/12 12,22,510
2011/12/12 13,22,537
2011/12/12 14,28,553
2011/12/12 15,34,570
2011/12/12 16,32,739
2011/12/12 17,39,898
2011/12/12 18,45,992
2011/12/12 19,50,1219
2011/12/12 20,49,1192
2011/12/12 21,65,2679
2011/12/12 22,74,3280
2011/12/12 23,85,2068
2011/12/13 00,85,2334
2011/12/13 01,90,2172
2011/12/13 02,102,2382
2011/12/13 03,96,2436
2011/12/13 04,89,2681
2011/12/13 05,81,2589
2011/12/13 06,72,1833
2011/12/13 07,60,1042
2011/12/13 08,53,1222
2011/12/13 09,43,1084
2011/12/13 10,33,768
2011/12/13 11,26,445
2011/12/13 12,20,469
2011/12/13 13,22,574
2011/12/13 14,29,663
2011/12/13 15,40,855
2011/12/13 16,31,1021
2011/12/13 17,34,1137
2011/12/13 18,35,1506
2011/12/13 19,45,1576
2011/12/13 20,49,1431
2011/12/13 21,64,1692
2011/12/13 22,59,1675
2011/12/13 23,68,1806
2011/12/14 00,71,3153
2011/12/14 01,71,2036
2011/12/14 02,79,1802
2011/12/14 03,90,2312
2011/12/14 04,95,2094
2011/12/14 05,73,1476
2011/12/14 06,65,1111
2011/12/14 07,49,695
2011/12/14 08,39,675
2011/12/14 09,36,639
2011/12/14 10,27,338
2011/12/14 11,23,450
2011/12/14 12,19,396
2011/12/14 13,20,504
2011/12/14 14,26,573
2011/12/14 15,28,625
2011/12/14 16,33,1458
2011/12/14 17,40,1417
2011/12/14 18,45,1591
2011/12/14 19,52,1399
2011/12/14 20,54,1036
2011/12/14 21,68,1717
2011/12/14 22,74,2853
2011/12/14 23,75,2077
2011/12/15 00,89,3795
2011/12/15 01,104,3238
2011/12/15 02,103,3010
2011/12/15 03,107,2460
2011/12/15 04,81,2498
2011/12/15 05,83,2009
2011/12/15 06,74,1610
2011/12/15 07,56,1353
2011/12/15 08,51,1319
2011/12/15 09,44,987
2011/12/15 10,42,720
2011/12/15 11,31,617
2011/12/15 12,24,515
2011/12/15 13,25,332
2011/12/15 14,30,575
2011/12/15 15,34,696
2011/12/15 16,36,1078
2011/12/15 17,33,1573
2011/12/15 18,31,1300
2011/12/15 19,46,4063
2011/12/15 20,48,3753
2011/12/15 21,63,3965
2011/12/15 22,70,4243
2011/12/15 23,78,1880
2011/12/16 00,78,2659
2011/12/16 01,93,5224
2011/12/16 02,91,5976
2011/12/16 03,83,5623
2011/12/16 04,82,3383
2011/12/16 05,79,2848
2011/12/16 06,63,2298
2011/12/16 07,48,1939
2011/12/16 08,43,1458
2011/12/16 09,49,1231
2011/12/16 10,40,979
2011/12/16 11,30,569
2011/12/16 12,32,783
2011/12/16 13,28,485
2011/12/16 14,28,458
2011/12/16 15,34,1040
2011/12/16 16,39,1217
2011/12/16 17,46,1305
2011/12/16 18,50,1877
2011/12/16 19,57,1606
2011/12/16 20,59,1605
2011/12/16 21,72,1394
2011/12/16 22,76,2005
2011/12/16 23,90,2289
2011/12/17 00,91,2655
2011/12/17 01,71,2274
2011/12/17 02,77,3423
2011/12/17 03,95,4583
2011/12/17 04,104,3428
2011/12/17 05,106,3643
2011/12/17 06,92,2867
2011/12/17 07,69,1473
2011/12/17 08,65,1144
2011/12/17 09,57,908
2011/12/17 10,41,1333
2011/12/17 11,39,926
2011/12/17 12,34,741
2011/12/17 13,41,799
2011/12/17 14,35,1098
2011/12/17 15,40,908
2011/12/17 16,45,1743
2011/12/17 17,52,1838
2011/12/17 18,69,2740
2011/12/17 19,78,2344
2011/12/17 20,78,2826
2011/12/17 21,101,6518
2011/12/17 22,101,6678
2011/12/17 23,96,6151
2011/12/18 00,93,2724
2011/12/18 01,87,2233
2011/12/18 02,82,2703
2011/12/18 03,91,3395
2011/12/18 04,92,3593
2011/12/18 05,96,4303
2011/12/18 06,79,3261
2011/12/18 07,71,3496
2011/12/18 08,64,2623
2011/12/18 09,50,1411
2011/12/18 10,39,1374
2011/12/18 11,33,997
2011/12/18 12,32,950
2011/12/18 13,31,929
2011/12/18 14,27,744
2011/12/18 15,39,6195
2011/12/18 16,50,8967
2011/12/18 17,51,8286
2011/12/18 18,52,8492
2011/12/18 19,76,8393
2011/12/18 20,87,2958
2011/12/18 21,82,3216
2011/12/18 22,89,3219
2011/12/18 23,79,2508
2011/12/19 00,78,2299
2011/12/19 01,77,2154
2011/12/19 02,95,3988
2011/12/19 03,83,3674
2011/12/19 04,84,3324
2011/12/19 05,73,2309
2011/12/19 06,68,2499
2011/12/19 07,69,1699
2011/12/19 08,62,1533
2011/12/19 09,49,1003
2011/12/19 10,33,850
2011/12/19 11,32,664
2011/12/19 12,31,579
2011/12/19 13,26,650
2011/12/19 14,29,750
2011/12/19 15,36,1138
2011/12/19 16,38,1331
2011/12/19 17,44,1725
2011/12/19 18,42,1524
2011/12/19 19,55,1713
2011/12/19 20,63,1507
2011/12/19 21,66,1347
2011/12/19 22,78,2095
2011/12/19 23,82,2373
2011/12/20 00,90,2411
2011/12/20 01,75,1894
2011/12/20 02,72,2165
2011/12/20 03,82,2469
2011/12/20 04,74,2739
2011/12/20 05,75,2190
2011/12/20 06,74,2420
2011/12/20 07,62,1587
2011/12/20 08,46,1433
2011/12/20 09,40,918
2011/12/20 10,32,713
2011/12/20 11,27,774
2011/12/20 12,18,587
2011/12/20 13,15,309
2011/12/20 14,24,523
2011/12/20 15,29,579
2011/12/20 16,33,1209
2011/12/20 17,43,3771
2011/12/20 18,47,4466
2011/12/20 19,48,4473
2011/12/20 20,42,811
2011/12/20 21,62,1790
2011/12/20 22,66,2598
2011/12/20 23,86,2238
2011/12/21 00,94,2866
2011/12/21 01,86,2238
2011/12/21 02,80,2133
2011/12/21 03,83,2375
2011/12/21 04,89,2299
2011/12/21 05,85,1704
2011/12/21 06,69,1664
2011/12/21 07,62,1585
2011/12/21 08,48,991
2011/12/21 09,40,1002
2011/12/21 10,31,749
2011/12/21 11,31,599
2011/12/21 12,33,553
2011/12/21 13,27,562
2011/12/21 14,27,809
2011/12/21 15,33,1418
2011/12/21 16,45,1267
2011/12/21 17,48,2144
2011/12/21 18,55,2578
2011/12/21 19,54,2353
2011/12/21 20,58,1910
2011/12/21 21,71,6358
2011/12/21 22,76,6883
2011/12/21 23,81,6296
2011/12/22 00,78,2191
2011/12/22 01,73,2224
2011/12/22 02,76,2215
2011/12/22 03,85,3270
2011/12/22 04,88,2431
2011/12/22 05,80,2158
2011/12/22 06,76,1577
2011/12/22 07,64,1310
2011/12/22 08,63,1267
2011/12/22 09,59,1064
2011/12/22 10,40,880
2011/12/22 11,39,707
2011/12/22 12,32,591
2011/12/22 13,26,503
2011/12/22 14,25,515
2011/12/22 15,32,754
2011/12/22 16,43,1602
2011/12/22 17,41,1629
2011/12/22 18,54,1725
2011/12/22 19,62,1724
2011/12/22 20,73,2737
2011/12/22 21,96,3087
2011/12/22 22,85,3862
2011/12/22 23,94,2823
2011/12/23 00,95,2479
2011/12/23 01,83,4055
2011/12/23 02,92,3085
2011/12/23 03,88,2995
2011/12/23 04,78,3449
2011/12/23 05,78,2446
2011/12/23 06,79,2716
2011/12/23 07,71,2462
2011/12/23 08,61,1804
2011/12/23 09,59,2033
2011/12/23 10,41,1733
2011/12/23 11,31,1103
2011/12/23 12,23,892
2011/12/23 13,21,1069
2011/12/23 14,23,1211
2011/12/23 15,34,1049
2011/12/23 16,38,1330
2011/12/23 17,39,1848
2011/12/23 18,49,1543
2011/12/23 19,54,1307
2011/12/23 20,59,2476
2011/12/23 21,72,1883
2011/12/23 22,88,2155
2011/12/23 23,77,2742
2011/12/24 00,90,4297
2011/12/24 01,82,3047
2011/12/24 02,86,4082
2011/12/24 03,105,5915
2011/12/24 04,108,4420
2011/12/24 05,97,4839
2011/12/24 06,77,3998
2011/12/24 07,84,2790
2011/12/24 08,64,2826
2011/12/24 09,45,1195
2011/12/24 10,34,844
2011/12/24 11,25,592
2011/12/24 12,21,501
2011/12/24 13,18,611
2011/12/24 14,21,481
2011/12/24 15,24,565
2011/12/24 16,27,564
2011/12/24 17,34,1160
2011/12/24 18,41,1321
2011/12/24 19,45,1780
2011/12/24 20,47,1353
2011/12/24 21,39,1870
2011/12/24 22,51,3274
2011/12/24 23,58,1952
2011/12/25 00,47,980
2011/12/25 01,45,1034
2011/12/25 02,47,876
2011/12/25 03,55,1959
2011/12/25 04,68,1826
2011/12/25 05,75,1725
2011/12/25 06,69,1764
2011/12/25 07,68,1591
2011/12/25 08,59,1784
2011/12/25 09,40,834
2011/12/25 10,32,576
2011/12/25 11,26,621
2011/12/25 12,32,773
2011/12/25 13,29,525
2011/12/25 14,31,889
2011/12/25 15,23,733
2011/12/25 16,28,675
2011/12/25 17,34,645
2011/12/25 18,46,878
2011/12/25 19,58,816
2011/12/25 20,64,815
2011/12/25 21,68,2266
2011/12/25 22,71,2292
2011/12/25 23,64,2482
2011/12/26 00,75,1930
2011/12/26 01,79,1814
2011/12/26 02,82,1841
2011/12/26 03,79,2166
2011/12/26 04,79,2585
2011/12/26 05,87,1880
2011/12/26 06,74,1746
2011/12/26 07,73,3464
2011/12/26 08,60,1386
2011/12/26 09,54,1198
2011/12/26 10,34,1123
2011/12/26 11,27,671
2011/12/26 12,27,547
2011/12/26 13,23,1093
2011/12/26 14,29,833
2011/12/26 15,43,1193
2011/12/26 16,43,1250
2011/12/26 17,55,2056
2011/12/26 18,56,1442
2011/12/26 19,69,1611
2011/12/26 20,71,2110
2011/12/26 21,75,4258
2011/12/26 22,91,5684
2011/12/26 23,103,6589
2011/12/27 00,99,2928
2011/12/27 01,101,2537
2011/12/27 02,97,3236
2011/12/27 03,91,3011
2011/12/27 04,94,2386
2011/12/27 05,103,2129
2011/12/27 06,88,2389
2011/12/27 07,73,2337
2011/12/27 08,66,1987
2011/12/27 09,56,2134
2011/12/27 10,47,1744
2011/12/27 11,41,904
2011/12/27 12,32,1058
2011/12/27 13,22,632
2011/12/27 14,31,785
2011/12/27 15,37,770
2011/12/27 16,40,1163
2011/12/27 17,47,1843
2011/12/27 18,60,1692
2011/12/27 19,60,1645
2011/12/27 20,82,4969
2011/12/27 21,88,6132
2011/12/27 22,81,7346
2011/12/27 23,105,8073
2011/12/28 00,100,3091
2011/12/28 01,96,3593
2011/12/28 02,99,3448
2011/12/28 03,106,4031
2011/12/28 04,125,4847
2011/12/28 05,123,4718
2011/12/28 06,110,3713
2011/12/28 07,99,2521
2011/12/28 08,74,2128
2011/12/28 09,61,1997
2011/12/28 10,45,1371
2011/12/28 11,36,1348
2011/12/28 12,30,929
2011/12/28 13,26,1360
2011/12/28 14,31,1538
2011/12/28 15,36,1886
2011/12/28 16,41,2332
2011/12/28 17,49,1885
2011/12/28 18,67,2154
2011/12/28 19,70,4256
2011/12/28 20,78,4144
2011/12/28 21,90,5246
2011/12/28 22,112,3596
2011/12/28 23,111,3686
2011/12/29 00,92,4455
2011/12/29 01,97,4274
2011/12/29 02,93,2868
2011/12/29 03,111,3839
2011/12/29 04,112,4476
2011/12/29 05,92,2266
2011/12/29 06,104,3058
2011/12/29 07,95,2944
2011/12/29 08,81,2820
2011/12/29 09,66,2082
2011/12/29 10,57,1744
2011/12/29 11,44,1124
2011/12/29 12,38,1064
2011/12/29 13,36,672
2011/12/29 14,36,722
2011/12/29 15,33,868
2011/12/29 16,40,841
2011/12/29 17,40,856
2011/12/29 18,49,1579
2011/12/29 19,73,1508
2011/12/29 20,76,1616
2011/12/29 21,83,1854
2011/12/29 22,78,2329
2011/12/29 23,82,2748
2011/12/30 00,86,3679
2011/12/30 01,108,3255
2011/12/30 02,109,3685
2011/12/30 03,104,2923
2011/12/30 04,127,3559
2011/12/30 05,107,4082
2011/12/30 06,101,4010
2011/12/30 07,99,3077
2011/12/30 08,82,2328
2011/12/30 09,68,1754
2011/12/30 10,54,1410
2011/12/30 11,39,1242
2011/12/30 12,38,1119
2011/12/30 13,32,946
2011/12/30 14,24,626
2011/12/30 15,30,579
2011/12/30 16,32,1399
2011/12/30 17,43,1663
2011/12/30 18,45,1963
2011/12/30 19,54,2328
2011/12/30 20,74,2528
2011/12/30 21,90,4408
2011/12/30 22,110,4485
2011/12/30 23,100,3343
2011/12/31 00,112,3661
2011/12/31 01,101,2498
2011/12/31 02,100,2208
2011/12/31 03,98,3603
2011/12/31 04,87,2787
2011/12/31 05,91,4164
2011/12/31 06,93,2589
2011/12/31 07,86,3011
2011/12/31 08,87,2655
2011/12/31 09,81,1848
2011/12/31 10,52,1402
2011/12/31 11,40,646
2011/12/31 12,42,689
2011/12/31 13,28,471
2011/12/31 14,33,633
2011/12/31 15,44,843
2011/12/31 16,44,995
2011/12/31 17,41,1220
2011/12/31 18,53,1735
2011/12/31 19,67,1842
2011/12/31 20,79,1958
2011/12/31 21,78,2293
2011/12/31 22,90,5186
2011/12/31 23,98,2919
2012/01/01 00,93,2971
2012/01/01 01,86,2035
2012/01/01 02,82,2601
2012/01/01 03,86,2782
2012/01/01 04,100,3145
2012/01/01 05,93,1750
2012/01/01 06,88,1986
2012/01/01 07,92,2436
2012/01/01 08,81,3068
2012/01/01 09,73,1913
2012/01/01 10,60,1926
2012/01/01 11,52,1084
2012/01/01 12,46,878
2012/01/01 13,41,889
2012/01/01 14,35,504
2012/01/01 15,36,988
2012/01/01 16,32,614
2012/01/01 17,41,1599
2012/01/01 18,44,1391
2012/01/01 19,57,1832
2012/01/01 20,75,2835
2012/01/01 21,90,3734
2012/01/01 22,95,3668
2012/01/01 23,101,3953
2012/01/02 00,106,4955
2012/01/02 01,112,3903
2012/01/02 02,120,3152
2012/01/02 03,107,3967
2012/01/02 04,99,6636
2012/01/02 05,91,3580
2012/01/02 06,104,3295
2012/01/02 07,92,3022
2012/01/02 08,81,2320
2012/01/02 09,72,1951
2012/01/02 10,48,1284
2012/01/02 11,31,1167
2012/01/02 12,29,1039
2012/01/02 13,28,849
2012/01/02 14,34,777
2012/01/02 15,29,1151
2012/01/02 16,38,1496
2012/01/02 17,47,1489
2012/01/02 18,59,1818
2012/01/02 19,74,2547
2012/01/02 20,86,3630
2012/01/02 21,90,4732
2012/01/02 22,92,4353
2012/01/02 23,105,3749
2012/01/03 00,109,5109
2012/01/03 01,101,6068
2012/01/03 02,96,4003
2012/01/03 03,97,3909
2012/01/03 04,90,2967
2012/01/03 05,87,2647
2012/01/03 06,81,4817
2012/01/03 07,77,3107
2012/01/03 08,52,1703
2012/01/03 09,48,1367
2012/01/03 10,40,993
2012/01/03 11,41,871
2012/01/03 12,38,783
2012/01/03 13,31,1035
2012/01/03 14,31,646
2012/01/03 15,28,740
2012/01/03 16,34,924
2012/01/03 17,43,1410
2012/01/03 18,52,1528
2012/01/03 19,59,1568
2012/01/03 20,60,2690
2012/01/03 21,62,3034
2012/01/03 22,82,3127
2012/01/03 23,79,3549
2012/01/04 00,81,3224
2012/01/04 01,88,4130
2012/01/04 02,90,3538
2012/01/04 03,87,3632
2012/01/04 04,100,3315
2012/01/04 05,97,3451
2012/01/04 06,84,4044
2012/01/04 07,78,2521
2012/01/04 08,61,1832
2012/01/04 09,52,2149
2012/01/04 10,47,2445
2012/01/04 11,34,1664
2012/01/04 12,26,620
2012/01/04 13,23,598
2012/01/04 14,20,641
2012/01/04 15,20,762
2012/01/04 16,39,854
2012/01/04 17,46,1317
2012/01/04 18,50,1697
2012/01/04 19,60,1716
2012/01/04 20,65,1988
2012/01/04 21,79,2116
2012/01/04 22,83,4309
2012/01/04 23,86,3995
2012/01/05 00,97,5476
2012/01/05 01,97,5612
2012/01/05 02,86,3431
2012/01/05 03,97,4201
2012/01/05 04,106,4329
2012/01/05 05,102,3889
2012/01/05 06,98,4462
2012/01/05 07,79,2575
2012/01/05 08,58,2313
2012/01/05 09,47,971
2012/01/05 10,30,1022
2012/01/05 11,24,887
2012/01/05 12,23,642
2012/01/05 13,22,385
2012/01/05 14,25,344
2012/01/05 15,23,521
2012/01/05 16,32,911
2012/01/05 17,43,1346
2012/01/05 18,53,1093
2012/01/05 19,56,2660
2012/01/05 20,71,1537
2012/01/05 21,77,2409
2012/01/05 22,87,2555
2012/01/05 23,86,4642
2012/01/06 00,97,3667
2012/01/06 01,94,6026
2012/01/06 02,97,6620
2012/01/06 03,88,6011
2012/01/06 04,97,5220
2012/01/06 05,97,4014
2012/01/06 06,80,3043
2012/01/06 07,66,2685
2012/01/06 08,65,1827
2012/01/06 09,51,1932
2012/01/06 10,44,1887
2012/01/06 11,40,1260
2012/01/06 12,36,1150
2012/01/06 13,33,795
2012/01/06 14,29,981
2012/01/06 15,25,1179
2012/01/06 16,32,1190
2012/01/06 17,42,1203
2012/01/06 18,43,1271
2012/01/06 19,52,781
2012/01/06 20,71,1427
2012/01/06 21,85,1954
2012/01/06 22,95,2177
2012/01/06 23,101,3118
2012/01/07 00,100,4092
2012/01/07 01,102,2600
2012/01/07 02,106,1946
2012/01/07 03,110,3000
2012/01/07 04,96,2192
2012/01/07 05,90,2623
2012/01/07 06,96,2300
2012/01/07 07,94,2020
2012/01/07 08,86,1779
2012/01/07 09,59,1211
2012/01/07 10,50,1668
2012/01/07 11,42,1089
2012/01/07 12,34,1413
2012/01/07 13,36,1135
2012/01/07 14,39,1389
2012/01/07 15,40,1200
2012/01/07 16,52,998
2012/01/07 17,58,1584
2012/01/07 18,70,1486
2012/01/07 19,77,1795
2012/01/07 20,89,1955
2012/01/07 21,112,4573
2012/01/07 22,131,4905
2012/01/07 23,132,4940
2012/01/08 00,114,4341
2012/01/08 01,121,5168
2012/01/08 02,111,5036
2012/01/08 03,122,5369
2012/01/08 04,123,4072
2012/01/08 05,134,5533
2012/01/08 06,137,5948
2012/01/08 07,122,4841
2012/01/08 08,102,3370
2012/01/08 09,79,2001
2012/01/08 10,61,1602
2012/01/08 11,48,1563
2012/01/08 12,40,1186
2012/01/08 13,35,1113
2012/01/08 14,27,1199
2012/01/08 15,36,1392
2012/01/08 16,41,1840
2012/01/08 17,55,2174
2012/01/08 18,69,2270
2012/01/08 19,74,3008
2012/01/08 20,69,2710
2012/01/08 21,103,4717
2012/01/08 22,117,4876
2012/01/08 23,99,3542
2012/01/09 00,89,3546
2012/01/09 01,100,4603
2012/01/09 02,94,3536
2012/01/09 03,107,3573
2012/01/09 04,94,2900
2012/01/09 05,79,2249
2012/01/09 06,67,2413
2012/01/09 07,63,1931
2012/01/09 08,53,1512
2012/01/09 09,45,1208
2012/01/09 10,43,789
2012/01/09 11,19,426
2012/01/09 12,24,517
2012/01/09 13,17,590
2012/01/09 14,17,491
2012/01/09 15,13,341
