2011/10/01 01,1,1
2011/10/01 17,1,1
2011/10/02 02,1,1
2011/10/02 03,1,1
2011/10/02 18,1,3
2011/10/02 19,1,1
2011/10/02 20,1,2
2011/10/02 21,1,1
2011/10/02 23,1,0
2011/10/05 02,1,0
2011/10/08 00,1,0
2011/10/08 06,1,2
2011/10/08 07,1,4
2011/10/08 08,1,6
2011/10/08 09,1,7
2011/10/08 21,2,3
2011/10/08 22,2,3
2011/10/09 03,2,1
2011/10/09 04,2,1
2011/10/09 21,1,3
2011/10/09 22,1,2
2011/10/09 23,1,6
2011/10/10 00,1,8
2011/10/11 17,2,5
2011/10/12 18,1,0
2011/10/12 19,1,2
2011/10/12 20,1,3
2011/10/12 21,1,1
2011/10/13 04,1,0
2011/10/13 05,1,0
2011/10/14 12,1,72
2011/10/14 13,1,73
2011/10/15 06,1,1
2011/10/15 07,1,1
2011/10/15 08,1,2
2011/10/15 18,1,2
2011/10/15 20,1,4
2011/10/15 21,1,5
2011/10/15 23,1,4
2011/10/16 12,1,0
2011/10/16 19,1,1
2011/10/17 01,1,3
2011/10/17 02,1,0
2011/10/17 03,1,0
2011/10/17 04,1,2
2011/10/17 05,1,1
2011/10/17 06,1,1
2011/10/17 07,1,1
2011/10/17 08,1,1
2011/10/18 04,1,1
2011/10/18 05,1,2
2011/10/18 06,1,4
2011/10/18 07,1,3
2011/10/20 17,1,0
2011/10/20 20,1,1
2011/10/20 21,1,1
2011/10/20 23,1,0
2011/10/21 00,1,1
2011/10/21 01,1,2
2011/10/21 02,1,2
2011/10/21 03,1,3
2011/10/21 04,1,3
2011/10/21 07,1,5
2011/10/21 08,1,5
2011/10/21 09,1,7
2011/10/21 10,1,4
2011/10/21 11,1,5
2011/10/21 18,1,2
2011/10/21 19,1,2
2011/10/22 03,1,2
2011/10/22 04,1,5
2011/10/22 05,1,5
2011/10/22 06,1,8
2011/10/22 07,1,9
2011/10/22 08,1,5
2011/10/22 09,1,4
2011/10/22 10,1,6
2011/10/22 11,1,4
2011/10/23 02,1,4
2011/10/23 03,1,5
2011/10/23 04,1,4
2011/10/23 05,1,5
2011/10/23 06,1,6
2011/10/23 07,1,9
2011/10/23 08,1,11
2011/10/23 09,1,12
2011/10/23 10,1,19
2011/10/23 11,1,16
2011/10/23 12,1,10
2011/10/23 13,1,6
2011/10/23 14,1,4
2011/10/23 15,1,2
2011/10/23 16,1,2
2011/10/23 17,1,1
2011/10/23 18,1,2
2011/10/23 19,2,4
2011/10/23 20,2,2
2011/10/23 21,1,0
2011/10/24 02,1,1
2011/10/24 03,1,2
2011/10/24 04,1,4
2011/10/24 05,1,2
2011/10/24 06,1,2
2011/10/24 07,1,6
2011/10/24 08,1,6
2011/10/24 09,1,5
2011/10/24 10,1,7
2011/10/24 11,1,6
2011/10/24 12,1,7
2011/10/24 13,1,6
2011/10/24 14,1,2
2011/10/24 15,1,1
2011/10/24 16,1,1
2011/10/24 17,1,2
2011/10/24 18,1,1
2011/10/24 19,1,1
2011/10/24 20,1,1
2011/10/24 21,1,1
2011/10/25 06,1,1
2011/10/25 09,1,1
2011/10/25 10,1,1
2011/10/25 17,1,0
2011/10/25 18,1,0
2011/10/25 19,1,0
2011/10/25 20,2,2
2011/10/26 02,1,3
2011/10/26 03,1,3
2011/10/26 04,1,5
2011/10/26 05,1,3
2011/10/26 06,1,2
2011/10/26 07,1,6
2011/10/26 08,1,5
2011/10/26 09,1,10
2011/10/26 10,1,8
2011/10/26 11,1,6
2011/10/26 12,1,6
2011/10/26 13,1,7
2011/10/26 14,1,4
2011/10/26 21,1,1
2011/10/26 22,1,3
2011/10/26 23,2,9
2011/10/27 00,2,4
2011/10/27 01,1,2
2011/10/27 02,1,3
2011/10/27 06,1,4
2011/10/27 07,1,4
2011/10/27 08,1,2
2011/10/27 10,1,1
2011/10/27 22,1,1
2011/10/28 15,1,3
2011/10/28 16,1,1
2011/10/28 17,1,1
2011/10/29 03,1,12
2011/10/29 04,1,15
2011/10/29 05,1,17
2011/10/29 23,1,8
2011/10/30 00,1,5
2011/10/30 01,1,7
2011/10/30 02,1,5
2011/10/30 11,1,6
2011/10/30 12,1,4
2011/10/30 13,1,2
2011/10/30 14,1,1
2011/10/30 15,1,2
2011/10/30 16,1,1
2011/10/30 17,1,2
2011/10/30 18,1,3
2011/10/30 19,1,1
2011/10/30 20,1,4
2011/11/01 00,1,2
2011/11/03 21,1,1
2011/11/03 22,1,1
2011/11/03 23,1,2
2011/11/04 00,1,1
2011/11/05 00,1,0
2011/11/05 01,1,13
2011/11/05 02,1,15
2011/11/05 03,1,18
2011/11/05 11,1,0
2011/11/05 12,1,1
2011/11/05 13,1,1
2011/11/06 11,1,1
2011/11/06 17,1,2
2011/11/06 18,1,2
2011/11/06 19,1,1
2011/11/07 15,1,1
2011/11/07 16,1,1
2011/11/08 17,1,1
2011/11/08 18,1,3
2011/11/09 15,1,2
2011/11/09 16,1,1
2011/11/10 00,1,3
2011/11/10 01,1,1
2011/11/10 16,1,0
2011/11/10 17,1,0
2011/11/10 20,1,0
2011/11/10 21,1,0
2011/11/10 22,1,0
2011/11/11 17,1,0
2011/11/11 18,1,4
2011/11/12 15,1,2
2011/11/12 16,1,1
2011/11/13 04,1,1
2011/11/13 05,1,2
2011/11/13 06,1,2
2011/11/13 07,1,3
2011/11/13 08,1,2
2011/11/13 21,1,1
2011/11/13 22,1,1
2011/11/13 23,1,1
2011/11/14 00,2,4
2011/11/14 01,2,3
2011/11/16 23,1,1
2011/11/17 00,1,2
2011/11/17 01,1,1
2011/11/18 20,1,5
2011/11/19 13,1,2
2011/11/19 14,1,1
2011/11/19 15,1,1
2011/11/19 16,1,0
2011/11/19 20,1,2
2011/11/19 21,1,2
2011/11/20 11,1,1
2011/11/20 12,1,2
2011/11/20 13,1,3
2011/11/20 19,1,2
2011/11/20 20,1,1
2011/11/21 01,1,7
2011/11/21 02,2,5
2011/11/21 03,2,3
2011/11/21 04,1,1
2011/11/21 05,1,3
2011/11/21 06,1,3
2011/11/21 07,1,2
2011/11/21 08,1,1
2011/11/21 09,1,1
2011/11/21 10,1,1
2011/11/21 11,1,1
2011/11/21 12,1,1
2011/11/21 21,1,1
2011/11/21 22,1,1
2011/11/21 23,1,4
2011/11/22 00,1,3
2011/11/22 01,1,2
2011/11/22 02,1,3
2011/11/22 03,1,3
2011/11/23 02,1,0
2011/11/23 04,1,0
2011/11/23 05,1,0
2011/11/23 06,1,2
2011/11/23 07,1,3
2011/11/23 08,1,4
2011/11/23 09,1,3
2011/11/23 10,1,1
2011/11/24 04,1,2
2011/11/24 05,1,3
2011/11/24 06,1,2
2011/11/24 07,1,3
2011/11/24 09,1,1
2011/11/24 10,1,2
2011/11/24 11,1,2
2011/11/24 12,1,0
2011/11/24 13,1,1
2011/11/24 14,1,0
2011/11/24 15,1,0
2011/11/24 16,1,0
2011/11/24 17,1,0
2011/11/24 18,1,0
2011/11/25 01,1,2
2011/11/25 02,2,4
2011/11/25 03,1,2
2011/11/25 04,1,3
2011/11/25 05,1,4
2011/11/25 08,1,3
2011/11/25 09,1,3
2011/11/25 10,1,3
2011/11/25 11,1,4
2011/11/25 12,1,1
2011/11/25 13,1,1
2011/11/25 14,1,1
2011/11/25 15,1,1
2011/11/25 16,1,1
2011/11/25 17,1,1
2011/11/25 19,1,5
2011/11/25 20,2,2
2011/11/25 21,1,2
2011/11/25 22,1,2
2011/11/25 23,1,2
2011/11/26 00,1,2
2011/11/26 01,1,1
2011/11/26 02,1,1
2011/11/26 03,1,1
2011/11/26 04,1,2
2011/11/26 05,1,1
2011/11/26 06,1,1
2011/11/26 07,1,1
2011/11/26 08,1,1
2011/11/26 09,1,1
2011/11/26 10,1,1
2011/11/27 04,1,1
2011/11/27 05,2,2
2011/11/27 06,1,3
2011/11/27 07,1,5
2011/11/27 08,1,2
2011/11/27 09,1,3
2011/11/27 10,1,2
2011/11/27 11,1,3
2011/11/27 17,1,1
2011/11/27 18,1,2
2011/11/27 19,1,2
2011/11/27 20,1,2
2011/11/29 00,1,1
2011/11/29 01,1,2
2011/11/29 02,1,1
2011/11/29 03,1,1
2011/11/29 04,1,1
2011/11/29 05,1,1
2011/11/29 10,1,2
2011/11/29 11,2,3
2011/11/29 12,3,8
2011/11/29 13,2,5
2011/11/29 14,2,3
2011/11/29 15,2,4
2011/11/29 16,1,2
2011/11/29 17,1,2
2011/11/29 18,1,1
2011/11/29 20,1,1
2011/11/29 21,1,3
2011/11/29 22,2,6
2011/11/30 11,1,3
2011/11/30 12,1,0
2011/11/30 16,1,1
2011/11/30 17,1,2
2011/11/30 18,1,1
2011/11/30 19,1,3
2011/12/01 05,1,3
2011/12/01 06,1,2
2011/12/01 07,1,1
2011/12/01 08,1,1
2011/12/02 01,1,0
2011/12/02 02,1,1
2011/12/02 03,1,2
2011/12/02 04,1,1
2011/12/02 05,1,1
2011/12/02 06,1,10
2011/12/02 07,1,20
2011/12/02 08,1,25
2011/12/02 09,1,17
2011/12/02 10,1,53
2011/12/02 23,2,3
2011/12/03 00,1,2
2011/12/03 16,1,2
2011/12/03 17,1,2
2011/12/04 20,1,1
2011/12/05 10,1,0
2011/12/05 11,1,0
2011/12/08 06,1,2
2011/12/08 20,1,2
2011/12/08 21,1,3
2011/12/09 20,1,0
2011/12/09 21,1,1
2011/12/09 22,2,2
2011/12/09 23,1,1
2011/12/10 01,1,3
2011/12/10 02,1,5
2011/12/10 03,1,4
2011/12/10 04,1,4
2011/12/10 05,2,3
2011/12/10 21,1,3
2011/12/10 22,2,6
2011/12/11 07,1,1
2011/12/11 08,1,1
2011/12/11 12,1,1
2011/12/11 13,2,2
2011/12/11 14,2,2
2011/12/11 15,1,1
2011/12/11 16,1,1
2011/12/11 19,1,1
2011/12/11 20,1,1
2011/12/12 04,1,3
2011/12/13 14,1,4
2011/12/13 15,1,2
2011/12/13 19,1,1
2011/12/13 20,2,1
2011/12/14 01,1,1
2011/12/14 02,1,2
2011/12/14 22,1,1
2011/12/14 23,1,1
2011/12/15 00,1,1
2011/12/15 01,2,109
2011/12/15 02,2,122
2011/12/15 03,1,1
2011/12/15 09,1,0
2011/12/15 23,1,6
2011/12/16 07,1,25
2011/12/16 08,1,30
2011/12/16 09,1,17
2011/12/17 11,1,3
2011/12/17 12,1,2
2011/12/17 13,1,2
2011/12/17 14,2,4
2011/12/17 15,2,5
2011/12/17 16,2,3
2011/12/17 17,1,3
2011/12/17 18,1,4
2011/12/17 19,1,4
2011/12/17 20,1,6
2011/12/17 21,1,5
2011/12/17 22,1,2
2011/12/17 23,1,2
2011/12/19 01,1,1
2011/12/19 05,1,0
2011/12/19 06,1,0
2011/12/19 07,1,0
2011/12/19 19,1,0
2011/12/20 21,1,3
2011/12/20 22,1,4
2011/12/20 23,1,3
2011/12/21 00,1,1
2011/12/21 01,1,2
2011/12/21 02,1,3
2011/12/21 03,1,2
2011/12/21 04,1,4
2011/12/21 05,1,5
2011/12/21 06,1,8
2011/12/21 07,1,6
2011/12/21 08,1,2
2011/12/21 10,1,2
2011/12/21 11,1,2
2011/12/21 12,1,0
2011/12/21 19,1,2
2011/12/22 02,1,4
2011/12/22 03,1,1
2011/12/22 04,1,1
2011/12/22 05,1,1
2011/12/22 06,1,2
2011/12/22 07,1,2
2011/12/22 08,1,2
2011/12/22 09,1,1
2011/12/22 20,1,2
2011/12/22 21,1,0
2011/12/23 00,2,3
2011/12/23 01,1,3
2011/12/24 00,1,1
2011/12/24 01,1,2
2011/12/24 02,1,3
2011/12/24 04,1,2
2011/12/24 05,2,3
2011/12/24 06,3,8
2011/12/24 07,2,5
2011/12/24 08,2,4
2011/12/25 17,1,0
2011/12/25 18,1,0
2011/12/25 19,1,0
2011/12/25 20,2,0
2011/12/27 20,1,3
2011/12/27 21,1,3
2011/12/27 22,1,2
2011/12/27 23,1,1
2011/12/28 02,1,0
2011/12/29 00,1,3
2011/12/29 01,1,3
2011/12/29 05,1,3
2011/12/29 06,1,6
2011/12/29 07,1,2
2011/12/29 08,1,3
2011/12/29 09,1,3
2011/12/30 06,1,3
2011/12/30 07,1,2
2011/12/30 08,1,2
2011/12/30 15,1,1
2011/12/30 16,1,3
2011/12/30 17,2,3
2011/12/30 18,1,4
2011/12/30 19,1,4
2011/12/30 20,1,1
2011/12/30 21,1,3
2011/12/30 22,1,1
2011/12/30 23,1,3
2011/12/31 00,1,3
2011/12/31 01,1,1
2011/12/31 02,1,2
2011/12/31 03,1,2
2011/12/31 04,1,3
2011/12/31 05,2,3
2011/12/31 07,1,2
2011/12/31 23,1,1
2012/01/01 00,1,1
2012/01/01 01,1,2
2012/01/01 05,1,14
2012/01/01 06,1,19
2012/01/01 07,2,29
2012/01/02 21,1,6
2012/01/02 22,1,5
2012/01/03 01,1,2
2012/01/03 02,1,193
2012/01/03 03,1,2
2012/01/03 06,1,2
2012/01/03 07,1,1
2012/01/03 08,1,3
2012/01/03 14,1,75
2012/01/03 15,1,92
2012/01/03 18,1,74
2012/01/03 19,1,89
2012/01/03 20,1,166
2012/01/03 21,1,226
2012/01/03 22,1,365
2012/01/03 23,1,210
2012/01/04 00,1,213
2012/01/04 15,1,3
2012/01/04 16,1,3
2012/01/04 19,1,3
2012/01/04 21,2,4
2012/01/04 22,3,9
2012/01/04 23,2,4
2012/01/05 00,3,3
2012/01/05 01,3,4
2012/01/05 02,1,5
2012/01/05 03,2,8
2012/01/05 04,2,6
2012/01/05 05,1,4
2012/01/05 14,1,3
2012/01/05 15,1,142
2012/01/05 16,1,0
2012/01/05 18,1,1
2012/01/05 19,1,4
2012/01/05 20,1,3
2012/01/05 23,1,0
2012/01/06 03,1,2
2012/01/06 04,1,1
2012/01/06 05,1,1
2012/01/06 06,1,2
2012/01/06 07,1,1
2012/01/06 08,2,17
2012/01/06 14,1,1
2012/01/06 21,1,2
2012/01/06 22,2,3
2012/01/06 23,1,2
2012/01/07 02,2,2
2012/01/07 03,2,2
2012/01/07 04,2,3
2012/01/07 05,2,5
2012/01/07 06,2,6
2012/01/07 07,1,2
2012/01/07 08,1,1
2012/01/07 14,1,6
2012/01/07 15,2,9
2012/01/07 16,2,12
2012/01/07 17,2,7
2012/01/07 19,1,1
2012/01/07 22,1,2
2012/01/07 23,2,5
2012/01/08 00,3,6
2012/01/08 01,1,2
2012/01/08 02,1,1
2012/01/08 03,2,8
2012/01/08 04,1,6
2012/01/08 05,1,7
2012/01/08 07,1,3
2012/01/08 08,1,7
2012/01/08 09,1,1
2012/01/08 13,1,4
2012/01/08 14,1,5
2012/01/08 15,2,8
2012/01/08 16,2,5
2012/01/08 19,1,2
2012/01/08 20,2,3
2012/01/08 21,2,4
2012/01/08 22,2,2
2012/01/08 23,2,2
2012/01/09 00,1,2
2012/01/09 01,2,3
2012/01/09 02,1,2
2012/01/09 03,1,4
2012/01/09 04,2,5
2012/01/09 05,1,3
2012/01/09 13,2,1
2012/01/09 14,3,2
2012/01/09 15,1,0
