2011/09/30 22,2,56
2011/09/30 23,2,50
2011/10/01 01,1,4
2011/10/01 02,1,16
2011/10/01 03,3,39
2011/10/01 04,3,42
2011/10/01 05,2,31
2011/10/01 06,1,0
2011/10/01 07,2,1
2011/10/01 08,1,18
2011/10/01 09,1,27
2011/10/01 10,2,45
2011/10/01 11,3,60
2011/10/01 12,4,71
2011/10/01 13,2,63
2011/10/01 14,2,58
2011/10/01 15,1,54
2011/10/01 16,1,4
2011/10/01 17,1,14
2011/10/01 18,1,14
2011/10/01 19,2,36
2011/10/01 20,1,3
2011/10/01 23,1,1
2011/10/02 00,1,0
2011/10/02 01,2,15
2011/10/02 02,3,36
2011/10/02 03,3,44
2011/10/02 04,1,31
2011/10/02 05,1,35
2011/10/02 06,1,39
2011/10/02 08,1,1
2011/10/02 09,1,2
2011/10/02 11,1,28
2011/10/02 12,2,49
2011/10/02 13,2,97
2011/10/02 14,2,103
2011/10/02 15,2,57
2011/10/02 16,2,73
2011/10/02 17,2,59
2011/10/02 18,2,61
2011/10/02 19,2,28
2011/10/02 20,1,92
2011/10/02 21,1,8
2011/10/02 22,2,37
2011/10/02 23,2,37
2011/10/03 00,1,38
2011/10/03 01,1,14
2011/10/03 02,1,14
2011/10/03 11,1,16
2011/10/03 12,2,35
2011/10/03 13,1,1
2011/10/03 14,1,6
2011/10/03 18,1,35
2011/10/03 19,1,23
2011/10/04 00,1,20
2011/10/04 01,1,21
2011/10/04 02,1,14
2011/10/04 03,1,16
2011/10/04 04,1,17
2011/10/04 05,3,22
2011/10/04 06,2,30
2011/10/04 07,3,79
2011/10/04 08,3,55
2011/10/04 09,4,71
2011/10/04 10,3,45
2011/10/04 11,2,58
2011/10/04 12,1,40
2011/10/04 14,1,11
2011/10/04 15,2,58
2011/10/04 16,2,75
2011/10/04 18,1,29
2011/10/04 20,1,4
2011/10/04 21,2,5
2011/10/04 22,3,42
2011/10/04 23,3,88
2011/10/05 00,3,67
2011/10/05 01,2,28
2011/10/05 02,2,23
2011/10/05 03,2,7
2011/10/05 04,2,18
2011/10/05 05,2,27
2011/10/05 06,1,24
2011/10/05 07,2,40
2011/10/05 08,2,61
2011/10/05 09,1,43
2011/10/05 14,1,28
2011/10/05 15,1,46
2011/10/05 16,1,51
2011/10/05 17,2,47
2011/10/05 18,3,52
2011/10/05 19,1,17
2011/10/05 20,3,45
2011/10/05 21,5,65
2011/10/05 22,3,39
2011/10/05 23,3,24
2011/10/06 00,2,12
2011/10/06 01,1,10
2011/10/06 02,1,10
2011/10/06 03,2,5
2011/10/06 04,2,22
2011/10/06 05,4,44
2011/10/06 06,3,47
2011/10/06 07,2,66
2011/10/06 08,1,31
2011/10/06 09,1,36
2011/10/06 10,2,36
2011/10/06 11,1,3
2011/10/06 12,1,4
2011/10/06 13,1,1
2011/10/06 14,4,41
2011/10/06 15,4,62
2011/10/06 16,1,9
2011/10/06 18,1,2
2011/10/06 19,1,7
2011/10/06 20,1,8
2011/10/06 21,2,16
2011/10/06 22,2,26
2011/10/06 23,3,24
2011/10/07 00,1,1
2011/10/07 01,1,1
2011/10/07 02,3,16
2011/10/07 03,3,42
2011/10/07 04,2,61
2011/10/07 05,1,52
2011/10/07 06,2,49
2011/10/07 07,2,23
2011/10/07 08,4,53
2011/10/07 09,4,47
2011/10/07 10,3,80
2011/10/07 11,2,73
2011/10/07 12,3,79
2011/10/07 13,1,34
2011/10/07 15,1,17
2011/10/07 16,1,22
2011/10/07 17,2,47
2011/10/07 18,2,54
2011/10/07 19,2,26
2011/10/07 20,2,23
2011/10/07 21,3,26
2011/10/07 22,2,5
2011/10/07 23,1,0
2011/10/08 00,1,7
2011/10/08 01,4,39
2011/10/08 02,5,59
2011/10/08 03,3,59
2011/10/08 04,2,55
2011/10/08 05,1,14
2011/10/08 06,2,14
2011/10/08 07,3,45
2011/10/08 08,1,4
2011/10/08 09,1,2
2011/10/08 10,2,7
2011/10/08 11,2,12
2011/10/08 12,5,23
2011/10/08 13,4,17
2011/10/08 14,2,8
2011/10/08 15,1,1
2011/10/08 16,4,51
2011/10/08 17,3,78
2011/10/08 18,2,28
2011/10/08 19,3,73
2011/10/08 20,4,82
2011/10/08 21,3,75
2011/10/08 22,3,103
2011/10/08 23,1,46
2011/10/09 00,2,70
2011/10/09 01,4,73
2011/10/09 02,4,64
2011/10/09 03,2,49
2011/10/09 04,5,68
2011/10/09 05,3,79
2011/10/09 06,4,81
2011/10/09 07,5,129
2011/10/09 08,4,51
2011/10/09 09,1,0
2011/10/09 10,3,16
2011/10/09 11,3,35
2011/10/09 12,2,29
2011/10/09 13,2,46
2011/10/09 14,3,71
2011/10/09 15,5,75
2011/10/09 16,2,45
2011/10/09 17,2,32
2011/10/09 18,3,40
2011/10/09 19,2,58
2011/10/09 20,2,62
2011/10/09 21,2,39
2011/10/09 22,1,26
2011/10/09 23,4,39
2011/10/10 00,2,25
2011/10/10 01,2,30
2011/10/10 02,2,32
2011/10/10 03,3,40
2011/10/10 04,1,32
2011/10/10 05,1,35
2011/10/10 06,1,36
2011/10/10 07,1,38
2011/10/10 08,2,50
2011/10/10 09,2,60
2011/10/10 10,3,70
2011/10/10 11,2,28
2011/10/10 12,1,31
2011/10/10 13,3,46
2011/10/10 14,3,68
2011/10/10 15,4,103
2011/10/10 16,4,103
2011/10/10 17,2,30
2011/10/10 21,2,33
2011/10/10 22,5,74
2011/10/10 23,4,74
2011/10/11 00,2,52
2011/10/11 01,2,46
2011/10/11 02,2,27
2011/10/11 03,2,41
2011/10/11 04,2,22
2011/10/11 06,1,19
2011/10/11 07,1,31
2011/10/11 08,3,42
2011/10/11 09,3,38
2011/10/11 10,3,46
2011/10/11 11,1,34
2011/10/11 12,2,13
2011/10/11 13,3,36
2011/10/11 14,2,52
2011/10/11 15,2,27
2011/10/11 16,2,42
2011/10/11 17,2,51
2011/10/11 18,3,61
2011/10/11 19,4,58
2011/10/11 20,3,32
2011/10/11 21,3,29
2011/10/11 22,2,15
2011/10/11 23,3,34
2011/10/12 00,4,54
2011/10/12 01,4,52
2011/10/12 02,3,58
2011/10/12 03,1,0
2011/10/12 04,2,19
2011/10/12 05,2,36
2011/10/12 06,1,11
2011/10/12 07,1,3
2011/10/12 08,1,23
2011/10/12 09,2,34
2011/10/12 10,2,42
2011/10/12 11,1,18
2011/10/12 12,1,17
2011/10/12 13,1,32
2011/10/12 15,3,7
2011/10/12 16,1,1
2011/10/12 17,2,15
2011/10/12 18,2,84
2011/10/12 19,2,124
2011/10/12 20,2,134
2011/10/12 21,1,34
2011/10/12 22,2,45
2011/10/12 23,3,44
2011/10/13 00,3,48
2011/10/13 01,1,16
2011/10/13 03,1,4
2011/10/13 09,1,7
2011/10/13 10,3,38
2011/10/13 11,2,24
2011/10/13 12,3,46
2011/10/13 13,3,57
2011/10/13 14,2,45
2011/10/13 15,4,53
2011/10/13 16,4,64
2011/10/13 17,3,46
2011/10/13 18,1,57
2011/10/13 19,2,57
2011/10/13 20,1,34
2011/10/13 21,4,58
2011/10/13 22,6,78
2011/10/13 23,2,36
2011/10/14 00,2,23
2011/10/14 01,1,22
2011/10/14 02,1,32
2011/10/14 03,1,32
2011/10/14 04,1,27
2011/10/14 05,2,36
2011/10/14 06,3,39
2011/10/14 07,3,56
2011/10/14 08,3,29
2011/10/14 09,3,33
2011/10/14 10,2,18
2011/10/14 11,1,22
2011/10/14 12,4,65
2011/10/14 13,3,85
2011/10/14 14,2,72
2011/10/14 15,3,103
2011/10/14 16,2,82
2011/10/14 17,1,67
2011/10/14 18,1,19
2011/10/14 19,2,17
2011/10/14 20,1,9
2011/10/14 21,1,10
2011/10/14 22,2,11
2011/10/14 23,3,33
2011/10/15 00,2,35
2011/10/15 01,3,34
2011/10/15 02,2,38
2011/10/15 03,3,40
2011/10/15 04,1,32
2011/10/15 05,3,22
2011/10/15 06,3,57
2011/10/15 07,4,72
2011/10/15 08,3,15
2011/10/15 09,2,27
2011/10/15 10,3,52
2011/10/15 11,3,68
2011/10/15 12,3,28
2011/10/15 13,2,27
2011/10/15 14,5,48
2011/10/15 15,2,27
2011/10/15 16,4,51
2011/10/15 17,4,136
2011/10/15 18,4,105
2011/10/15 19,3,102
2011/10/15 20,3,112
2011/10/15 21,3,94
2011/10/15 22,3,11
2011/10/15 23,4,55
2011/10/16 00,2,57
2011/10/16 01,2,50
2011/10/16 02,2,52
2011/10/16 03,2,45
2011/10/16 04,1,4
2011/10/16 05,2,15
2011/10/16 06,3,25
2011/10/16 07,2,27
2011/10/16 08,2,17
2011/10/16 09,1,13
2011/10/16 11,1,7
2011/10/16 12,3,41
2011/10/16 13,4,93
2011/10/16 14,4,65
2011/10/16 15,2,50
2011/10/16 16,1,18
2011/10/16 17,2,50
2011/10/16 18,3,64
2011/10/16 19,4,125
2011/10/16 20,3,120
2011/10/16 21,3,68
2011/10/16 22,3,75
2011/10/16 23,4,43
2011/10/17 00,3,46
2011/10/17 01,3,45
2011/10/17 02,3,30
2011/10/17 03,2,24
2011/10/17 04,2,34
2011/10/17 05,2,44
2011/10/17 06,2,46
2011/10/17 07,1,34
2011/10/17 08,1,1
2011/10/17 13,1,13
2011/10/17 14,1,31
2011/10/17 15,3,67
2011/10/17 16,2,44
2011/10/17 17,3,66
2011/10/17 18,2,68
2011/10/17 19,2,99
2011/10/17 20,3,109
2011/10/17 21,2,35
2011/10/17 22,1,21
2011/10/17 23,2,26
2011/10/18 00,3,58
2011/10/18 01,3,45
2011/10/18 02,2,47
2011/10/18 03,2,56
2011/10/18 04,1,17
2011/10/18 05,3,42
2011/10/18 06,2,47
2011/10/18 07,1,29
2011/10/18 08,1,29
2011/10/18 09,2,44
2011/10/18 10,1,12
2011/10/18 13,1,37
2011/10/18 14,1,64
2011/10/18 16,1,22
2011/10/18 17,1,31
2011/10/18 23,1,1
2011/10/19 00,1,3
2011/10/19 01,2,20
2011/10/19 02,3,39
2011/10/19 03,1,32
2011/10/19 05,1,24
2011/10/19 06,1,25
2011/10/19 07,1,3
2011/10/19 08,2,8
2011/10/19 09,2,26
2011/10/19 10,2,37
2011/10/19 11,2,40
2011/10/19 14,1,1
2011/10/19 15,3,39
2011/10/19 16,1,63
2011/10/19 17,2,104
2011/10/19 18,1,81
2011/10/19 19,3,90
2011/10/19 20,2,13
2011/10/19 21,3,23
2011/10/19 22,3,46
2011/10/19 23,3,45
2011/10/20 00,5,47
2011/10/20 01,5,54
2011/10/20 02,3,48
2011/10/20 03,6,47
2011/10/20 04,5,45
2011/10/20 05,3,30
2011/10/20 06,3,36
2011/10/20 07,2,25
2011/10/20 08,2,5
2011/10/20 09,2,12
2011/10/20 10,1,4
2011/10/20 11,1,10
2011/10/20 12,2,30
2011/10/20 13,3,37
2011/10/20 14,3,55
2011/10/20 15,1,8
2011/10/20 18,1,4
2011/10/20 19,2,56
2011/10/20 20,4,77
2011/10/20 21,3,99
2011/10/20 22,4,88
2011/10/20 23,5,66
2011/10/21 00,3,38
2011/10/21 01,4,54
2011/10/21 02,5,64
2011/10/21 03,5,52
2011/10/21 04,4,57
2011/10/21 05,4,70
2011/10/21 06,4,65
2011/10/21 07,3,41
2011/10/21 08,1,0
2011/10/21 09,1,9
2011/10/21 10,1,12
2011/10/21 13,2,1
2011/10/21 14,1,53
2011/10/21 16,2,32
2011/10/21 17,2,51
2011/10/21 18,1,58
2011/10/21 19,2,77
2011/10/21 20,4,68
2011/10/21 21,6,116
2011/10/21 22,5,151
2011/10/21 23,4,124
2011/10/22 00,5,133
2011/10/22 01,3,55
2011/10/22 02,4,33
2011/10/22 03,7,58
2011/10/22 04,4,34
2011/10/22 05,1,23
2011/10/22 06,1,21
2011/10/22 08,1,2
2011/10/22 09,1,18
2011/10/22 10,4,62
2011/10/22 11,4,110
2011/10/22 12,2,66
2011/10/22 13,2,70
2011/10/22 14,7,127
2011/10/22 15,8,161
2011/10/22 16,7,171
2011/10/22 17,6,118
2011/10/22 18,5,107
2011/10/22 19,3,96
2011/10/22 20,5,51
2011/10/22 21,5,74
2011/10/22 22,4,74
2011/10/22 23,7,100
2011/10/23 00,5,89
2011/10/23 01,3,79
2011/10/23 02,1,25
2011/10/23 03,1,33
2011/10/23 04,2,64
2011/10/23 05,2,43
2011/10/23 06,1,19
2011/10/23 11,1,92
2011/10/23 12,2,76
2011/10/23 13,5,100
2011/10/23 14,5,124
2011/10/23 15,6,133
2011/10/23 16,4,106
2011/10/23 17,4,81
2011/10/23 18,5,145
2011/10/23 19,4,80
2011/10/23 20,5,107
2011/10/23 21,7,152
2011/10/23 22,4,66
2011/10/23 23,3,62
2011/10/24 00,3,47
2011/10/24 01,2,19
2011/10/24 02,5,42
2011/10/24 03,4,40
2011/10/24 04,1,26
2011/10/24 09,1,1
2011/10/24 10,1,3
2011/10/24 12,1,0
2011/10/24 13,1,10
2011/10/24 14,1,26
2011/10/24 15,1,34
2011/10/24 16,3,36
2011/10/24 17,2,40
2011/10/24 18,2,82
2011/10/24 19,3,93
2011/10/24 20,5,114
2011/10/24 21,6,53
2011/10/24 22,5,71
2011/10/24 23,3,42
2011/10/25 00,2,30
2011/10/25 01,3,41
2011/10/25 02,1,3
2011/10/25 04,1,14
2011/10/25 05,1,20
2011/10/25 06,1,27
2011/10/25 07,1,28
2011/10/25 08,2,42
2011/10/25 09,2,52
2011/10/25 10,2,59
2011/10/25 11,3,54
2011/10/25 12,3,38
2011/10/25 13,3,46
2011/10/25 14,3,46
2011/10/25 15,3,11
2011/10/25 16,3,25
2011/10/25 17,4,33
2011/10/25 18,4,19
2011/10/25 19,4,21
2011/10/25 20,5,35
2011/10/25 21,4,27
2011/10/25 22,3,30
2011/10/25 23,3,24
2011/10/26 00,2,31
2011/10/26 01,3,36
2011/10/26 02,3,54
2011/10/26 03,2,38
2011/10/26 06,1,15
2011/10/26 07,1,19
2011/10/26 08,2,28
2011/10/26 09,1,8
2011/10/26 10,2,23
2011/10/26 11,2,41
2011/10/26 12,3,32
2011/10/26 13,2,14
2011/10/26 14,2,16
2011/10/26 15,1,21
2011/10/26 16,1,22
2011/10/26 17,1,24
2011/10/26 18,3,51
2011/10/26 19,4,128
2011/10/26 20,4,112
2011/10/26 21,4,48
2011/10/26 22,3,44
2011/10/26 23,2,21
2011/10/27 00,2,19
2011/10/27 01,2,26
2011/10/27 02,2,29
2011/10/27 03,4,33
2011/10/27 04,3,46
2011/10/27 05,2,22
2011/10/27 06,1,11
2011/10/27 07,1,14
2011/10/27 11,1,2
2011/10/27 12,1,2
2011/10/27 14,1,3
2011/10/27 15,2,20
2011/10/27 16,5,34
2011/10/27 17,4,35
2011/10/27 18,2,15
2011/10/27 19,3,28
2011/10/27 20,3,64
2011/10/27 21,4,86
2011/10/27 22,3,89
2011/10/27 23,3,113
2011/10/28 00,2,70
2011/10/28 01,1,25
2011/10/28 02,1,28
2011/10/28 03,2,22
2011/10/28 04,2,22
2011/10/28 05,3,54
2011/10/28 06,3,41
2011/10/28 07,3,16
2011/10/28 08,1,10
2011/10/28 09,1,10
2011/10/28 10,3,29
2011/10/28 11,3,37
2011/10/28 13,1,14
2011/10/28 14,1,13
2011/10/28 15,1,4
2011/10/28 21,2,11
2011/10/28 22,3,79
2011/10/28 23,2,57
2011/10/29 00,2,66
2011/10/29 01,3,62
2011/10/29 02,2,55
2011/10/29 03,2,42
2011/10/29 04,2,40
2011/10/29 05,2,44
2011/10/29 06,1,18
2011/10/29 07,1,25
2011/10/29 08,2,29
2011/10/29 09,1,37
2011/10/29 10,3,47
2011/10/29 11,4,115
2011/10/29 12,4,134
2011/10/29 13,4,103
2011/10/29 14,4,122
2011/10/29 15,2,85
2011/10/29 16,1,57
2011/10/29 17,2,16
2011/10/29 18,1,59
2011/10/29 19,1,69
2011/10/29 20,1,17
2011/10/29 21,1,20
2011/10/29 22,1,29
2011/10/30 00,3,29
2011/10/30 01,5,73
2011/10/30 02,3,61
2011/10/30 03,2,48
2011/10/30 04,1,38
2011/10/30 05,3,38
2011/10/30 06,3,63
2011/10/30 07,1,34
2011/10/30 08,3,46
2011/10/30 09,5,59
2011/10/30 10,5,75
2011/10/30 11,5,123
2011/10/30 12,4,133
2011/10/30 13,6,115
2011/10/30 14,5,161
2011/10/30 15,5,127
2011/10/30 16,6,93
2011/10/30 17,8,123
2011/10/30 18,7,166
2011/10/30 19,5,108
2011/10/30 20,4,115
2011/10/30 21,3,127
2011/10/30 22,2,64
2011/10/30 23,2,15
2011/10/31 00,2,3
2011/10/31 01,2,11
2011/10/31 02,1,16
2011/10/31 03,1,18
2011/10/31 04,1,16
2011/10/31 07,1,16
2011/10/31 08,1,17
2011/10/31 09,2,33
2011/10/31 10,1,21
2011/10/31 11,1,13
2011/10/31 14,1,20
2011/10/31 15,2,39
2011/10/31 16,4,64
2011/10/31 17,4,67
2011/10/31 18,4,75
2011/10/31 19,2,75
2011/10/31 20,4,74
2011/10/31 21,4,88
2011/10/31 22,5,102
2011/10/31 23,4,125
2011/11/01 00,2,67
2011/11/01 01,2,42
2011/11/01 02,1,3
2011/11/01 03,1,0
2011/11/01 04,2,7
2011/11/01 05,2,13
2011/11/01 07,1,7
2011/11/01 08,1,17
2011/11/01 10,1,1
2011/11/01 11,2,5
2011/11/01 12,3,20
2011/11/01 13,4,42
2011/11/01 14,4,44
2011/11/01 15,3,25
2011/11/01 16,2,32
2011/11/03 15,3,85
2011/11/03 16,3,61
2011/11/03 17,2,13
2011/11/03 18,3,33
2011/11/03 19,3,44
2011/11/03 20,1,19
2011/11/03 21,3,22
2011/11/03 22,1,5
2011/11/03 23,5,21
2011/11/04 00,4,56
2011/11/04 01,4,65
2011/11/04 02,4,68
2011/11/04 03,1,46
2011/11/04 04,2,12
2011/11/04 05,1,10
2011/11/04 07,1,15
2011/11/04 08,2,26
2011/11/04 09,2,10
2011/11/04 10,1,1
2011/11/04 11,1,13
2011/11/04 12,2,39
2011/11/04 13,3,63
2011/11/04 14,3,81
2011/11/04 15,4,84
2011/11/04 16,4,90
2011/11/04 17,3,35
2011/11/04 18,4,47
2011/11/04 19,4,44
2011/11/04 20,3,56
2011/11/04 21,5,85
2011/11/04 22,6,96
2011/11/04 23,5,85
2011/11/05 00,1,3
2011/11/05 01,2,16
2011/11/05 02,2,30
2011/11/05 03,2,45
2011/11/05 04,3,62
2011/11/05 05,2,55
2011/11/05 06,1,38
2011/11/05 07,3,52
2011/11/05 08,3,39
2011/11/05 09,2,36
2011/11/05 10,3,39
2011/11/05 11,4,74
2011/11/05 12,3,114
2011/11/05 13,2,126
2011/11/05 14,5,155
2011/11/05 15,4,96
2011/11/05 16,3,79
2011/11/05 17,3,83
2011/11/05 18,3,51
2011/11/05 19,4,66
2011/11/05 20,6,119
2011/11/05 21,8,109
2011/11/05 22,6,109
2011/11/05 23,4,64
2011/11/06 00,3,49
2011/11/06 01,3,72
2011/11/06 02,2,52
2011/11/06 03,1,4
2011/11/06 04,1,6
2011/11/06 05,1,4
2011/11/06 06,1,5
2011/11/06 07,1,9
2011/11/06 08,2,17
2011/11/06 09,2,17
2011/11/06 10,3,25
2011/11/06 11,2,11
2011/11/06 12,4,82
2011/11/06 13,4,108
2011/11/06 14,3,107
2011/11/06 15,2,86
2011/11/06 16,5,118
2011/11/06 17,9,146
2011/11/06 18,8,182
2011/11/06 19,12,188
2011/11/06 20,12,207
2011/11/06 21,9,150
2011/11/06 22,6,103
2011/11/06 23,4,70
2011/11/07 00,3,57
2011/11/07 01,2,70
2011/11/07 02,1,35
2011/11/07 03,1,0
2011/11/07 14,2,5
2011/11/07 15,2,14
2011/11/07 16,1,1
2011/11/07 17,2,15
2011/11/07 18,2,31
2011/11/07 19,4,45
2011/11/07 20,4,53
2011/11/07 21,4,74
2011/11/07 22,4,51
2011/11/07 23,4,46
2011/11/08 00,6,102
2011/11/08 01,2,48
2011/11/08 02,2,63
2011/11/08 04,2,6
2011/11/08 05,2,26
2011/11/08 06,2,39
2011/11/08 07,1,28
2011/11/08 09,1,1
2011/11/08 10,1,7
2011/11/08 11,1,11
2011/11/08 12,1,9
2011/11/08 13,1,9
2011/11/08 14,1,11
2011/11/08 15,1,17
2011/11/08 17,3,6
2011/11/08 18,2,40
2011/11/08 19,4,86
2011/11/08 20,5,89
2011/11/08 21,6,109
2011/11/08 22,5,91
2011/11/08 23,4,94
2011/11/09 00,5,55
2011/11/09 01,3,28
2011/11/09 02,2,47
2011/11/09 03,1,39
2011/11/09 04,1,43
2011/11/09 05,1,14
2011/11/09 06,1,24
2011/11/09 08,1,2
2011/11/09 09,1,4
2011/11/09 13,1,8
2011/11/09 14,1,11
2011/11/09 15,1,3
2011/11/09 17,1,19
2011/11/09 18,1,38
2011/11/09 19,3,61
2011/11/09 20,3,60
2011/11/09 21,2,57
2011/11/09 22,3,83
2011/11/09 23,5,74
2011/11/10 00,3,62
2011/11/10 01,3,59
2011/11/10 02,2,42
2011/11/10 03,2,36
2011/11/10 04,2,11
2011/11/10 05,1,9
2011/11/10 07,1,3
2011/11/10 08,1,14
2011/11/10 10,1,6
2011/11/10 11,1,18
2011/11/10 12,2,17
2011/11/10 13,2,16
2011/11/10 14,1,4
2011/11/10 15,1,6
2011/11/10 17,1,24
2011/11/10 18,1,59
2011/11/10 19,1,53
2011/11/10 20,3,44
2011/11/10 21,5,74
2011/11/10 22,6,98
2011/11/10 23,5,82
2011/11/11 00,4,72
2011/11/11 01,3,43
2011/11/11 02,1,1
2011/11/11 03,1,0
2011/11/11 05,2,0
2011/11/11 08,1,4
2011/11/11 09,1,5
2011/11/11 11,1,7
2011/11/11 15,1,0
2011/11/11 16,1,6
2011/11/11 17,2,40
2011/11/11 18,4,76
2011/11/11 19,2,53
2011/11/11 20,4,66
2011/11/11 21,5,78
2011/11/11 22,2,44
2011/11/11 23,2,55
2011/11/12 00,3,43
2011/11/12 01,2,35
2011/11/12 02,2,32
2011/11/12 03,2,30
2011/11/12 04,2,39
2011/11/12 05,1,24
2011/11/12 06,1,25
2011/11/12 07,1,24
2011/11/12 10,2,17
2011/11/12 11,4,56
2011/11/12 12,3,75
2011/11/12 13,2,30
2011/11/12 14,5,57
2011/11/12 15,5,82
2011/11/12 16,3,38
2011/11/12 17,11,157
2011/11/12 18,10,177
2011/11/12 19,9,229
2011/11/12 20,9,198
2011/11/12 21,5,100
2011/11/12 22,5,116
2011/11/12 23,3,76
2011/11/13 00,2,60
2011/11/13 01,1,25
2011/11/13 12,1,7
2011/11/13 13,1,25
2011/11/13 14,1,12
2011/11/13 16,4,12
2011/11/13 17,4,43
2011/11/13 18,6,63
2011/11/13 19,8,245
2011/11/13 20,6,312
2011/11/13 21,3,328
2011/11/13 22,3,314
2011/11/13 23,2,311
2011/11/14 00,2,280
2011/11/14 01,3,27
2011/11/14 02,1,16
2011/11/14 06,1,8
2011/11/14 07,1,13
2011/11/14 08,1,15
2011/11/14 09,1,13
2011/11/14 15,1,1
2011/11/14 16,1,13
2011/11/14 17,2,15
2011/11/14 18,3,47
2011/11/14 19,2,48
2011/11/14 20,2,36
2011/11/14 21,2,49
2011/11/14 22,3,72
2011/11/14 23,1,27
2011/11/15 00,2,22
2011/11/15 01,2,57
2011/11/15 02,2,44
2011/11/15 03,2,44
2011/11/15 04,1,35
2011/11/15 05,1,34
2011/11/15 08,2,14
2011/11/15 09,2,28
2011/11/15 10,1,21
2011/11/15 11,1,33
2011/11/15 17,2,19
2011/11/15 18,1,40
2011/11/15 19,2,48
2011/11/15 20,1,7
2011/11/15 21,3,32
2011/11/15 22,4,62
2011/11/15 23,4,79
2011/11/16 00,1,28
2011/11/16 01,1,13
2011/11/16 02,1,21
2011/11/16 03,1,31
2011/11/16 04,1,30
2011/11/16 05,1,5
2011/11/16 09,2,8
2011/11/16 10,2,22
2011/11/16 11,1,22
2011/11/16 13,1,4
2011/11/16 14,1,10
2011/11/16 15,2,16
2011/11/16 16,3,43
2011/11/16 17,5,72
2011/11/16 18,4,93
2011/11/16 19,4,72
2011/11/16 20,5,90
2011/11/16 21,5,70
2011/11/16 22,3,85
2011/11/16 23,2,32
2011/11/17 00,3,48
2011/11/17 01,2,35
2011/11/17 02,2,22
2011/11/17 03,2,27
2011/11/17 04,1,18
2011/11/17 05,1,24
2011/11/17 06,1,3
2011/11/17 07,1,20
2011/11/17 08,1,22
2011/11/17 13,1,11
2011/11/17 14,1,15
2011/11/17 15,2,16
2011/11/17 16,4,14
2011/11/17 17,5,38
2011/11/17 18,4,45
2011/11/17 19,4,84
2011/11/17 20,5,87
2011/11/17 21,5,91
2011/11/17 22,3,42
2011/11/17 23,2,25
2011/11/18 00,1,5
2011/11/18 01,1,28
2011/11/18 02,1,31
2011/11/18 03,1,29
2011/11/18 05,1,5
2011/11/18 06,1,7
2011/11/18 07,2,12
2011/11/18 08,2,21
2011/11/18 09,1,17
2011/11/18 12,2,1
2011/11/18 13,2,19
2011/11/18 14,2,29
2011/11/18 15,3,29
2011/11/18 16,3,2
2011/11/18 17,5,38
2011/11/18 18,4,74
2011/11/18 19,3,54
2011/11/18 20,4,21
2011/11/18 21,3,31
2011/11/18 22,5,76
2011/11/18 23,5,95
2011/11/19 00,2,62
2011/11/19 01,1,66
2011/11/19 02,5,79
2011/11/19 03,5,115
2011/11/19 04,4,107
2011/11/19 05,2,81
2011/11/19 06,2,87
2011/11/19 07,3,81
2011/11/19 08,2,61
2011/11/19 09,1,13
2011/11/19 11,2,12
2011/11/19 12,5,38
2011/11/19 13,3,40
2011/11/19 14,2,14
2011/11/19 15,2,10
2011/11/19 16,3,12
2011/11/19 17,4,30
2011/11/19 18,1,12
2011/11/19 19,4,27
2011/11/19 20,4,36
2011/11/19 21,6,60
2011/11/19 22,5,96
2011/11/19 23,5,94
2011/11/20 00,6,109
2011/11/20 01,5,78
2011/11/20 02,4,75
2011/11/20 03,1,12
2011/11/20 04,2,13
2011/11/20 05,2,33
2011/11/20 06,1,19
2011/11/20 07,1,1
2011/11/20 08,1,16
2011/11/20 09,1,26
2011/11/20 10,2,33
2011/11/20 11,3,32
2011/11/20 12,3,58
2011/11/20 13,5,57
2011/11/20 14,5,83
2011/11/20 15,4,110
2011/11/20 16,3,59
2011/11/20 17,2,84
2011/11/20 18,1,34
2011/11/20 19,5,30
2011/11/20 20,5,49
2011/11/20 21,4,76
2011/11/20 22,5,103
2011/11/20 23,6,125
2011/11/21 00,3,55
2011/11/21 01,2,51
2011/11/21 02,2,49
2011/11/21 03,1,33
2011/11/21 04,1,33
2011/11/21 09,1,2
2011/11/21 10,1,4
2011/11/21 11,1,0
2011/11/21 14,1,1
2011/11/21 15,2,5
2011/11/21 16,4,63
2011/11/21 17,4,120
2011/11/21 18,4,136
2011/11/21 19,5,84
2011/11/21 20,6,136
2011/11/21 21,4,124
2011/11/21 22,5,162
2011/11/21 23,4,77
2011/11/22 00,4,67
2011/11/22 01,3,50
2011/11/22 02,3,49
2011/11/22 03,3,48
2011/11/22 04,2,24
2011/11/22 05,2,41
2011/11/22 06,2,46
2011/11/22 07,1,36
2011/11/22 10,1,0
2011/11/22 11,1,13
2011/11/22 12,1,17
2011/11/22 13,1,1
2011/11/22 14,1,7
2011/11/22 15,2,7
2011/11/22 16,2,10
2011/11/22 17,2,32
2011/11/22 18,2,68
2011/11/22 19,2,52
2011/11/22 20,5,91
2011/11/22 21,4,56
2011/11/22 22,5,37
2011/11/22 23,5,79
2011/11/23 00,2,68
2011/11/23 01,4,98
2011/11/23 02,7,73
2011/11/23 03,5,67
2011/11/23 04,5,59
2011/11/23 05,4,47
2011/11/23 06,2,51
2011/11/23 07,1,37
2011/11/23 09,1,13
2011/11/23 10,1,9
2011/11/23 11,2,18
2011/11/23 12,3,27
2011/11/23 13,4,54
2011/11/23 14,4,59
2011/11/23 15,2,43
2011/11/23 16,2,43
2011/11/23 17,1,25
2011/11/23 18,3,13
2011/11/23 19,5,63
2011/11/23 20,6,87
2011/11/23 21,4,120
2011/11/23 22,4,56
2011/11/23 23,4,81
2011/11/24 00,5,73
2011/11/24 01,2,49
2011/11/24 02,1,34
2011/11/24 03,2,53
2011/11/24 04,2,61
2011/11/24 05,3,56
2011/11/24 06,2,57
2011/11/24 07,1,10
2011/11/24 08,1,32
2011/11/24 09,2,50
2011/11/24 10,2,53
2011/11/24 11,1,52
2011/11/24 12,2,55
2011/11/24 13,3,67
2011/11/24 14,3,58
2011/11/24 15,1,36
2011/11/24 17,1,5
2011/11/24 18,3,13
2011/11/24 19,3,23
2011/11/24 20,5,29
2011/11/24 21,5,83
2011/11/24 22,5,85
2011/11/24 23,2,34
2011/11/25 02,3,19
2011/11/25 03,2,31
2011/11/25 04,4,62
2011/11/25 05,3,67
2011/11/25 06,3,84
2011/11/25 07,3,100
2011/11/25 08,4,98
2011/11/25 09,3,59
2011/11/25 10,2,73
2011/11/25 11,2,28
2011/11/25 12,1,12
2011/11/25 13,3,18
2011/11/25 14,3,43
2011/11/25 15,4,65
2011/11/25 16,4,55
2011/11/25 17,6,58
2011/11/25 18,3,33
2011/11/25 19,3,37
2011/11/25 20,6,54
2011/11/25 21,5,52
2011/11/25 22,1,34
2011/11/25 23,1,42
2011/11/26 00,2,57
2011/11/26 01,3,70
2011/11/26 02,2,59
2011/11/26 03,2,63
2011/11/26 04,1,39
2011/11/26 05,1,28
2011/11/26 06,2,32
2011/11/26 10,1,25
2011/11/26 11,3,35
2011/11/26 12,2,32
2011/11/26 13,2,39
2011/11/26 14,2,72
2011/11/26 15,3,53
2011/11/26 16,5,82
2011/11/26 17,5,86
2011/11/26 18,5,91
2011/11/26 19,5,93
2011/11/26 21,2,25
2011/11/26 22,3,36
2011/11/26 23,2,47
2011/11/27 00,1,33
2011/11/27 01,1,31
2011/11/27 02,3,64
2011/11/27 03,1,39
2011/11/27 04,2,69
2011/11/27 05,3,65
2011/11/27 06,4,87
2011/11/27 07,5,105
2011/11/27 08,3,80
2011/11/27 09,4,106
2011/11/27 10,3,39
2011/11/27 11,2,27
2011/11/27 12,3,32
2011/11/27 13,4,26
2011/11/27 14,4,41
2011/11/27 15,5,45
2011/11/27 16,3,42
2011/11/27 17,3,39
2011/11/27 18,2,30
2011/11/27 19,2,16
2011/11/27 20,3,333
2011/11/27 21,3,407
2011/11/27 22,3,424
2011/11/27 23,3,444
2011/11/28 00,5,438
2011/11/28 01,4,57
2011/11/28 02,2,55
2011/11/28 03,1,27
2011/11/28 04,3,28
2011/11/28 05,4,37
2011/11/28 06,2,37
2011/11/28 07,1,23
2011/11/28 08,1,5
2011/11/28 09,1,7
2011/11/28 10,1,7
2011/11/28 12,1,1
2011/11/28 13,1,27
2011/11/28 14,3,27
2011/11/28 15,3,34
2011/11/28 16,4,46
2011/11/28 17,4,42
2011/11/28 18,5,74
2011/11/28 19,3,79
2011/11/28 20,4,82
2011/11/28 21,2,48
2011/11/28 22,2,63
2011/11/28 23,1,42
2011/11/29 00,3,68
2011/11/29 01,2,63
2011/11/29 02,2,62
2011/11/29 03,1,19
2011/11/29 04,1,7
2011/11/29 05,1,8
2011/11/29 10,1,11
2011/11/29 11,2,49
2011/11/29 12,2,85
2011/11/29 13,3,100
2011/11/29 14,1,34
2011/11/29 15,1,24
2011/11/29 16,1,13
2011/11/29 17,3,34
2011/11/29 18,3,49
2011/11/29 19,4,62
2011/11/29 20,5,71
2011/11/29 21,4,65
2011/11/29 22,3,66
2011/11/29 23,1,23
2011/11/30 01,2,14
2011/11/30 02,3,27
2011/11/30 03,2,27
2011/11/30 05,1,10
2011/11/30 06,2,25
2011/11/30 07,1,15
2011/11/30 08,2,30
2011/11/30 09,2,42
2011/11/30 10,1,16
2011/11/30 11,1,22
2011/11/30 12,1,8
2011/11/30 14,2,22
2011/11/30 15,2,75
2011/11/30 16,4,98
2011/11/30 17,5,123
2011/11/30 18,4,160
2011/11/30 19,4,107
2011/11/30 20,4,73
2011/11/30 21,3,27
2011/11/30 22,4,62
2011/11/30 23,2,44
2011/12/01 00,1,38
2011/12/01 01,1,42
2011/12/01 02,1,8
2011/12/01 03,1,12
2011/12/01 10,1,7
2011/12/01 11,1,29
2011/12/01 12,1,31
2011/12/01 13,2,31
2011/12/01 14,2,52
2011/12/01 15,3,61
2011/12/01 16,5,52
2011/12/01 17,6,118
2011/12/01 18,5,116
2011/12/01 19,7,199
2011/12/01 20,4,82
2011/12/01 21,5,96
2011/12/01 22,5,111
2011/12/02 02,1,4
2011/12/02 03,1,15
2011/12/02 04,1,6
2011/12/02 05,2,24
2011/12/02 06,2,33
2011/12/02 07,2,40
2011/12/02 08,2,53
2011/12/02 09,2,56
2011/12/02 10,1,38
2011/12/02 11,1,52
2011/12/02 12,1,55
2011/12/02 13,1,21
2011/12/02 14,2,61
2011/12/02 15,3,85
2011/12/02 16,3,95
2011/12/02 17,2,49
2011/12/02 18,4,88
2011/12/02 19,4,100
2011/12/02 20,5,113
2011/12/02 21,4,91
2011/12/02 22,5,119
2011/12/02 23,4,117
2011/12/03 00,2,38
2011/12/03 01,3,37
2011/12/03 02,3,12
2011/12/03 03,3,23
2011/12/03 04,2,54
2011/12/03 05,2,54
2011/12/03 06,2,34
2011/12/03 07,3,34
2011/12/03 08,3,36
2011/12/03 09,4,43
2011/12/03 10,3,52
2011/12/03 11,3,55
2011/12/03 12,4,20
2011/12/03 13,3,23
2011/12/03 14,3,59
2011/12/03 15,4,62
2011/12/03 16,5,65
2011/12/03 17,7,77
2011/12/03 18,6,92
2011/12/03 19,6,130
2011/12/03 20,6,131
2011/12/03 21,3,128
2011/12/03 22,2,76
2011/12/03 23,2,75
2011/12/04 00,2,95
2011/12/04 02,1,4
2011/12/04 03,1,4
2011/12/04 05,1,10
2011/12/04 06,1,24
2011/12/04 07,1,27
2011/12/04 08,2,32
2011/12/04 09,3,37
2011/12/04 10,2,30
2011/12/04 11,1,31
2011/12/04 12,2,49
2011/12/04 13,4,59
2011/12/04 14,4,73
2011/12/04 15,3,21
2011/12/04 16,3,53
2011/12/04 17,3,56
2011/12/04 18,5,130
2011/12/04 19,3,163
2011/12/04 20,5,507
2011/12/04 21,3,438
2011/12/04 22,4,526
2011/12/04 23,7,571
2011/12/05 00,4,62
2011/12/05 01,1,47
2011/12/05 02,2,44
2011/12/05 03,3,62
2011/12/05 04,2,25
2011/12/05 05,1,21
2011/12/05 06,2,30
2011/12/05 07,2,36
2011/12/05 08,2,36
2011/12/05 09,2,32
2011/12/05 12,1,8
2011/12/05 13,2,14
2011/12/05 14,1,2
2011/12/05 15,2,15
2011/12/05 16,4,58
2011/12/05 17,4,108
2011/12/05 18,4,76
2011/12/05 19,6,96
2011/12/05 20,5,98
2011/12/05 21,7,108
2011/12/05 22,5,103
2011/12/05 23,5,127
2011/12/06 00,3,96
2011/12/06 01,3,107
2011/12/06 02,4,69
2011/12/06 03,4,65
2011/12/06 04,2,37
2011/12/06 07,1,22
2011/12/06 08,2,18
2011/12/06 09,2,24
2011/12/06 10,2,37
2011/12/06 11,4,53
2011/12/06 12,5,54
2011/12/06 13,4,46
2011/12/06 14,1,15
2011/12/06 15,1,11
2011/12/06 16,3,14
2011/12/06 17,4,38
2011/12/06 18,4,49
2011/12/06 19,4,37
2011/12/06 20,2,29
2011/12/06 21,3,49
2011/12/06 22,4,45
2011/12/06 23,4,94
2011/12/07 00,3,92
2011/12/07 01,2,79
2011/12/07 02,2,43
2011/12/07 03,2,58
2011/12/07 04,2,44
2011/12/07 05,2,55
2011/12/07 06,2,58
2011/12/07 07,1,17
2011/12/07 08,2,21
2011/12/07 09,1,22
2011/12/07 10,2,43
2011/12/07 11,3,81
2011/12/07 12,6,100
2011/12/07 13,5,86
2011/12/07 14,4,75
2011/12/07 15,3,29
2011/12/07 16,3,36
2011/12/07 17,1,62
2011/12/07 18,1,2
2011/12/07 19,3,27
2011/12/07 20,7,56
2011/12/07 21,7,81
2011/12/07 22,5,58
2011/12/07 23,3,75
2011/12/08 00,3,42
2011/12/08 01,1,30
2011/12/08 02,4,46
2011/12/08 03,2,44
2011/12/08 04,2,49
2011/12/08 05,2,26
2011/12/08 06,2,37
2011/12/08 07,1,21
2011/12/08 09,1,3
2011/12/08 10,1,20
2011/12/08 11,1,28
2011/12/08 12,1,34
2011/12/08 13,2,44
2011/12/08 14,3,51
2011/12/08 15,3,38
2011/12/08 16,2,27
2011/12/08 18,3,12
2011/12/08 19,3,31
2011/12/08 20,3,29
2011/12/08 21,2,36
2011/12/08 22,5,42
2011/12/08 23,4,69
2011/12/09 00,4,90
2011/12/09 01,2,49
2011/12/09 02,2,19
2011/12/09 03,3,56
2011/12/09 04,3,57
2011/12/09 05,2,51
2011/12/09 06,1,12
2011/12/09 07,2,25
2011/12/09 08,4,45
2011/12/09 09,2,31
2011/12/09 10,3,43
2011/12/09 11,2,33
2011/12/09 12,3,46
2011/12/09 13,2,46
2011/12/09 14,3,56
2011/12/09 15,3,63
2011/12/09 16,3,62
2011/12/09 17,3,65
2011/12/09 18,3,37
2011/12/09 19,3,29
2011/12/09 20,3,35
2011/12/09 21,3,32
2011/12/09 22,3,18
2011/12/09 23,2,52
2011/12/10 00,2,48
2011/12/10 01,2,32
2011/12/10 02,2,45
2011/12/10 03,2,44
2011/12/10 04,1,2
2011/12/10 05,1,4
2011/12/10 06,1,12
2011/12/10 07,1,18
2011/12/10 08,1,27
2011/12/10 09,2,31
2011/12/10 10,2,52
2011/12/10 11,1,29
2011/12/10 12,1,28
2011/12/10 13,1,14
2011/12/10 14,2,50
2011/12/10 15,2,51
2011/12/10 16,1,43
2011/12/10 17,1,42
2011/12/10 18,1,45
2011/12/10 19,1,22
2011/12/10 20,1,34
2011/12/10 21,1,30
2011/12/10 22,5,49
2011/12/10 23,3,34
2011/12/11 00,2,33
2011/12/11 01,3,38
2011/12/11 02,4,34
2011/12/11 03,3,30
2011/12/11 04,2,40
2011/12/11 05,2,56
2011/12/11 06,2,47
2011/12/11 07,2,43
2011/12/11 08,1,6
2011/12/11 09,2,26
2011/12/11 10,2,30
2011/12/11 11,3,38
2011/12/11 12,4,46
2011/12/11 13,3,27
2011/12/11 14,3,37
2011/12/11 15,3,62
2011/12/11 16,6,75
2011/12/11 17,5,103
2011/12/11 18,4,80
2011/12/11 19,3,89
2011/12/11 20,8,389
2011/12/11 21,7,599
2011/12/11 22,5,645
2011/12/11 23,5,653
2011/12/12 00,4,595
2011/12/12 01,2,37
2011/12/12 02,2,50
2011/12/12 03,3,38
2011/12/12 04,3,52
2011/12/12 05,1,30
2011/12/12 06,2,29
2011/12/12 07,2,27
2011/12/12 08,2,40
2011/12/12 09,1,20
2011/12/12 10,1,28
2011/12/12 11,1,32
2011/12/12 12,1,10
2011/12/12 13,1,39
2011/12/12 14,1,49
2011/12/12 15,3,71
2011/12/12 16,3,100
2011/12/12 17,3,106
2011/12/12 18,3,82
2011/12/12 19,5,89
2011/12/12 20,4,33
2011/12/12 21,6,41
2011/12/12 22,6,83
2011/12/12 23,5,109
2011/12/13 00,5,123
2011/12/13 01,3,57
2011/12/13 02,3,77
2011/12/13 03,4,66
2011/12/13 04,3,34
2011/12/13 05,3,6
2011/12/13 06,2,15
2011/12/13 07,1,1
2011/12/13 08,3,13
2011/12/13 09,3,19
2011/12/13 10,4,24
2011/12/13 11,2,3
2011/12/13 12,2,18
2011/12/13 13,2,47
2011/12/13 14,3,64
2011/12/13 15,3,77
2011/12/13 16,3,48
2011/12/13 17,3,57
2011/12/13 18,6,116
2011/12/13 19,7,132
2011/12/13 20,5,142
2011/12/13 21,6,121
2011/12/13 22,5,74
2011/12/13 23,4,83
2011/12/14 00,7,128
2011/12/14 01,5,92
2011/12/14 02,5,87
2011/12/14 03,4,64
2011/12/14 04,4,50
2011/12/14 05,2,43
2011/12/14 06,1,31
2011/12/14 07,3,20
2011/12/14 13,2,39
2011/12/14 14,4,69
2011/12/14 15,3,36
2011/12/14 16,5,28
2011/12/14 17,2,26
2011/12/14 18,4,95
2011/12/14 19,1,20
2011/12/14 20,4,24
2011/12/14 21,5,58
2011/12/14 22,5,116
2011/12/14 23,5,116
2011/12/15 00,6,131
2011/12/15 01,6,53
2011/12/15 02,2,28
2011/12/15 03,2,31
2011/12/15 04,1,31
2011/12/15 05,2,33
2011/12/15 07,1,14
2011/12/15 08,1,22
2011/12/15 13,1,10
2011/12/15 14,1,45
2011/12/15 15,1,57
2011/12/15 16,2,81
2011/12/15 17,5,126
2011/12/15 18,5,78
2011/12/15 19,3,76
2011/12/15 20,4,68
2011/12/15 21,4,108
2011/12/15 22,2,63
2011/12/15 23,2,66
2011/12/16 02,1,25
2011/12/16 03,1,35
2011/12/16 04,2,29
2011/12/16 05,1,10
2011/12/16 06,1,16
2011/12/16 07,1,16
2011/12/16 08,1,5
2011/12/16 09,1,6
2011/12/16 11,1,1
2011/12/16 12,1,9
2011/12/16 13,2,34
2011/12/16 14,2,42
2011/12/16 15,1,0
2011/12/16 16,1,3
2011/12/16 17,2,15
2011/12/16 18,4,36
2011/12/16 19,3,59
2011/12/16 20,4,71
2011/12/16 21,3,53
2011/12/16 22,4,59
2011/12/16 23,3,47
2011/12/17 00,1,12
2011/12/17 01,2,34
2011/12/17 02,4,45
2011/12/17 03,4,56
2011/12/17 04,3,66
2011/12/17 05,2,59
2011/12/17 06,2,43
2011/12/17 07,1,24
2011/12/17 08,1,23
2011/12/17 09,1,1
2011/12/17 10,3,20
2011/12/17 11,2,36
2011/12/17 12,1,10
2011/12/17 13,1,21
2011/12/17 14,1,18
2011/12/17 15,3,36
2011/12/17 16,3,56
2011/12/17 17,3,57
2011/12/17 18,3,60
2011/12/17 19,4,104
2011/12/17 20,8,196
2011/12/17 21,6,170
2011/12/17 22,2,49
2011/12/17 23,3,65
2011/12/18 00,2,82
2011/12/18 01,3,100
2011/12/18 02,3,92
2011/12/18 03,3,85
2011/12/18 04,3,62
2011/12/18 05,2,34
2011/12/18 06,3,52
2011/12/18 07,3,51
2011/12/18 11,2,21
2011/12/18 12,2,28
2011/12/18 13,2,47
2011/12/18 14,3,55
2011/12/18 15,3,49
2011/12/18 16,3,44
2011/12/18 17,3,48
2011/12/18 18,2,30
2011/12/18 19,3,56
2011/12/18 20,4,67
2011/12/18 21,6,483
2011/12/18 22,7,444
2011/12/18 23,6,112
2011/12/19 00,4,78
2011/12/19 01,3,72
2011/12/19 02,3,73
2011/12/19 03,3,66
2011/12/19 04,2,45
2011/12/19 05,2,54
2011/12/19 06,1,25
2011/12/19 09,1,7
2011/12/19 10,2,13
2011/12/19 11,2,36
2011/12/19 12,2,35
2011/12/19 13,3,68
2011/12/19 14,3,65
2011/12/19 15,5,73
2011/12/19 16,4,83
2011/12/19 17,2,6
2011/12/19 18,2,43
2011/12/19 19,2,45
2011/12/19 20,3,36
2011/12/19 21,6,80
2011/12/19 22,5,50
2011/12/19 23,6,55
2011/12/20 00,3,66
2011/12/20 01,3,67
2011/12/20 02,2,61
2011/12/20 03,2,49
2011/12/20 04,1,32
2011/12/20 05,1,26
2011/12/20 06,1,26
2011/12/20 07,1,21
2011/12/20 09,1,3
2011/12/20 10,1,20
2011/12/20 11,2,19
2011/12/20 12,2,48
2011/12/20 13,1,33
2011/12/20 14,1,8
2011/12/20 15,1,10
2011/12/20 16,2,26
2011/12/20 17,3,43
2011/12/20 18,3,31
2011/12/20 19,2,24
2011/12/20 20,3,50
2011/12/20 21,4,74
2011/12/20 22,4,45
2011/12/20 23,5,81
2011/12/21 00,5,85
2011/12/21 01,4,85
2011/12/21 02,4,84
2011/12/21 03,2,41
2011/12/21 04,3,42
2011/12/21 05,1,2
2011/12/21 09,1,0
2011/12/21 10,1,1
2011/12/21 12,2,65
2011/12/21 13,2,78
2011/12/21 14,3,53
2011/12/21 15,4,80
2011/12/21 16,4,80
2011/12/21 17,3,30
2011/12/21 18,6,57
2011/12/21 19,7,68
2011/12/21 20,5,36
2011/12/21 21,7,43
2011/12/21 22,6,105
2011/12/21 23,6,109
2011/12/22 00,4,148
2011/12/22 01,3,65
2011/12/22 02,2,49
2011/12/22 03,1,19
2011/12/22 05,1,31
2011/12/22 06,1,36
2011/12/22 08,1,5
2011/12/22 09,1,25
2011/12/22 12,1,0
2011/12/22 13,1,2
2011/12/22 14,1,11
2011/12/22 15,1,17
2011/12/22 16,1,13
2011/12/22 17,2,6
2011/12/22 18,1,3
2011/12/22 19,1,4
2011/12/22 20,3,14
2011/12/22 21,4,65
2011/12/22 22,3,48
2011/12/22 23,2,35
2011/12/23 00,2,3
2011/12/23 01,4,62
2011/12/23 02,3,60
2011/12/23 03,3,47
2011/12/23 04,2,36
2011/12/23 05,1,24
2011/12/23 06,1,9
2011/12/23 07,2,24
2011/12/23 08,3,43
2011/12/23 09,2,23
2011/12/23 10,3,14
2011/12/23 11,4,69
2011/12/23 12,3,69
2011/12/23 13,2,37
2011/12/23 14,1,2
2011/12/23 15,1,9
2011/12/23 16,3,45
2011/12/23 17,3,56
2011/12/23 18,1,35
2011/12/23 19,1,29
2011/12/23 20,1,5
2011/12/23 21,5,35
2011/12/23 22,6,38
2011/12/23 23,6,66
2011/12/24 00,5,37
2011/12/24 01,3,41
2011/12/24 02,2,37
2011/12/24 03,3,39
2011/12/24 04,3,40
2011/12/24 05,1,22
2011/12/24 06,1,26
2011/12/24 07,1,25
2011/12/24 10,1,10
2011/12/24 11,1,20
2011/12/24 12,2,69
2011/12/24 13,3,85
2011/12/24 14,3,105
2011/12/24 15,3,90
2011/12/24 16,3,93
2011/12/24 17,3,87
2011/12/24 18,3,77
2011/12/24 19,4,96
2011/12/24 20,2,20
2011/12/24 21,1,39
2011/12/24 22,1,32
2011/12/24 23,2,57
2011/12/25 00,2,60
2011/12/25 04,1,15
2011/12/25 05,1,20
2011/12/25 06,2,21
2011/12/25 07,1,9
2011/12/25 13,1,6
2011/12/25 14,2,16
2011/12/25 15,1,3
2011/12/25 16,1,0
2011/12/25 17,1,31
2011/12/25 18,3,38
2011/12/25 19,3,54
2011/12/25 20,5,83
2011/12/25 21,4,88
2011/12/25 22,4,70
2011/12/25 23,4,61
2011/12/26 00,3,54
2011/12/26 01,1,4
2011/12/26 02,1,15
2011/12/26 10,2,9
2011/12/26 11,2,20
2011/12/26 12,4,33
2011/12/26 13,2,36
2011/12/26 14,3,40
2011/12/26 15,2,45
2011/12/26 16,2,55
2011/12/26 17,1,22
2011/12/26 18,3,21
2011/12/26 19,4,61
2011/12/26 20,5,84
2011/12/26 21,4,80
2011/12/26 22,3,63
2011/12/26 23,3,46
2011/12/27 00,5,54
2011/12/27 01,4,10
2011/12/27 02,2,141
2011/12/27 03,1,32
2011/12/27 04,2,41
2011/12/27 05,2,38
2011/12/27 06,2,16
2011/12/27 07,2,16
2011/12/27 08,1,0
2011/12/27 09,1,18
2011/12/27 10,1,31
2011/12/27 11,1,29
2011/12/27 12,2,43
2011/12/27 13,2,39
2011/12/27 14,1,37
2011/12/27 15,2,45
2011/12/27 16,3,62
2011/12/27 17,3,29
2011/12/27 18,4,33
2011/12/27 19,9,67
2011/12/27 20,8,51
2011/12/27 21,5,37
2011/12/27 22,4,114
2011/12/27 23,3,190
2011/12/28 00,2,54
2011/12/28 01,4,93
2011/12/28 02,3,63
2011/12/28 03,2,46
2011/12/28 04,2,45
2011/12/28 05,1,6
2011/12/28 06,1,6
2011/12/28 07,2,4
2011/12/28 08,1,18
2011/12/28 09,1,34
2011/12/28 11,1,6
2011/12/28 12,1,36
2011/12/28 13,2,51
2011/12/28 14,2,29
2011/12/28 15,2,37
2011/12/28 16,2,34
2011/12/28 17,2,61
2011/12/28 18,3,86
2011/12/28 19,4,79
2011/12/28 20,5,238
2011/12/28 21,4,230
2011/12/28 22,2,249
2011/12/28 23,4,309
2011/12/29 00,7,77
2011/12/29 01,4,56
2011/12/29 02,5,51
2011/12/29 03,5,88
2011/12/29 04,2,47
2011/12/29 05,1,27
2011/12/29 09,1,24
2011/12/29 10,1,23
2011/12/29 11,1,11
2011/12/29 12,1,14
2011/12/29 13,1,4
2011/12/29 14,2,31
2011/12/29 15,3,47
2011/12/29 16,2,26
2011/12/29 17,2,17
2011/12/29 18,2,24
2011/12/29 19,4,130
2011/12/29 20,2,100
2011/12/29 21,5,48
2011/12/29 22,4,57
2011/12/29 23,5,68
2011/12/30 00,6,66
2011/12/30 01,3,45
2011/12/30 02,3,54
2011/12/30 03,3,55
2011/12/30 04,2,31
2011/12/30 05,1,3
2011/12/30 06,1,2
2011/12/30 07,1,7
2011/12/30 08,2,11
2011/12/30 09,1,7
2011/12/30 10,1,2
2011/12/30 11,2,7
2011/12/30 12,2,32
2011/12/30 13,2,55
2011/12/30 14,1,49
2011/12/30 15,3,53
2011/12/30 16,3,47
2011/12/30 17,3,56
2011/12/30 18,3,47
2011/12/30 19,4,82
2011/12/30 20,6,70
2011/12/30 21,7,81
2011/12/30 22,6,103
2011/12/30 23,5,59
2011/12/31 00,3,111
2011/12/31 01,4,93
2011/12/31 02,3,95
2011/12/31 03,5,101
2011/12/31 04,3,77
2011/12/31 05,3,80
2011/12/31 06,2,38
2011/12/31 14,1,5
2011/12/31 15,2,32
2011/12/31 16,5,66
2011/12/31 17,3,59
2011/12/31 18,3,75
2011/12/31 19,1,31
2011/12/31 20,2,30
2011/12/31 21,2,28
2011/12/31 22,1,32
2011/12/31 23,1,16
2012/01/01 00,1,43
2012/01/01 01,2,65
2012/01/01 02,1,27
2012/01/01 08,1,0
2012/01/01 09,2,1
2012/01/01 10,1,3
2012/01/01 11,1,9
2012/01/01 15,1,53
2012/01/01 16,2,61
2012/01/01 17,3,27
2012/01/01 18,3,127
2012/01/01 19,5,75
2012/01/01 20,4,77
2012/01/01 21,5,97
2012/01/01 22,6,140
2012/01/01 23,4,118
2012/01/02 00,6,105
2012/01/02 01,6,114
2012/01/02 02,6,122
2012/01/02 03,6,119
2012/01/02 04,5,85
2012/01/02 05,4,101
2012/01/02 06,5,84
2012/01/02 07,2,41
2012/01/02 08,4,55
2012/01/02 09,2,32
2012/01/02 10,2,41
2012/01/02 15,1,0
2012/01/02 16,1,5
2012/01/02 17,3,17
2012/01/02 18,3,12
2012/01/02 19,4,48
2012/01/02 20,3,33
2012/01/02 21,3,34
2012/01/02 22,3,34
2012/01/02 23,5,32
2012/01/03 00,5,73
2012/01/03 01,6,91
2012/01/03 02,6,102
2012/01/03 03,5,103
2012/01/03 04,3,74
2012/01/03 05,3,71
2012/01/03 06,4,69
2012/01/03 07,5,62
2012/01/03 08,4,46
2012/01/03 09,1,11
2012/01/03 11,1,0
2012/01/03 15,3,8
2012/01/03 16,2,17
2012/01/03 17,5,25
2012/01/03 18,4,48
2012/01/03 19,3,52
2012/01/03 20,4,102
2012/01/03 21,3,69
2012/01/03 22,4,91
2012/01/03 23,5,118
2012/01/04 00,6,109
2012/01/04 01,7,138
2012/01/04 02,8,167
2012/01/04 03,6,114
2012/01/04 04,4,90
2012/01/04 05,1,5
2012/01/04 06,2,20
2012/01/04 07,2,28
2012/01/04 08,2,22
2012/01/04 09,1,2
2012/01/04 10,1,1
2012/01/04 11,1,10
2012/01/04 12,3,26
2012/01/04 13,4,41
2012/01/04 14,3,56
2012/01/04 15,3,85
2012/01/04 16,4,100
2012/01/04 17,3,89
2012/01/04 18,5,163
2012/01/04 19,8,269
2012/01/04 20,5,197
2012/01/04 21,7,170
2012/01/04 22,7,178
2012/01/04 23,9,159
2012/01/05 00,9,190
2012/01/05 01,9,115
2012/01/05 02,7,137
2012/01/05 03,7,135
2012/01/05 04,8,133
2012/01/05 05,6,122
2012/01/05 06,5,98
2012/01/05 07,1,4
2012/01/05 08,1,82
2012/01/05 09,1,14
2012/01/05 10,1,9
2012/01/05 11,1,8
2012/01/05 12,1,13
2012/01/05 13,2,37
2012/01/05 14,5,56
2012/01/05 15,7,117
2012/01/05 16,6,131
2012/01/05 17,7,110
2012/01/05 18,5,139
2012/01/05 19,5,162
2012/01/05 20,5,185
2012/01/05 21,6,158
2012/01/05 22,7,198
2012/01/05 23,7,141
2012/01/06 00,7,156
2012/01/06 01,7,84
2012/01/06 02,7,79
2012/01/06 03,7,90
2012/01/06 04,6,86
2012/01/06 05,6,107
2012/01/06 06,3,51
2012/01/06 07,4,62
2012/01/06 08,2,52
2012/01/06 09,3,63
2012/01/06 10,1,13
2012/01/06 11,1,13
2012/01/06 12,4,33
2012/01/06 13,7,101
2012/01/06 14,5,100
2012/01/06 15,6,136
2012/01/06 16,10,189
2012/01/06 17,12,211
2012/01/06 18,14,250
2012/01/06 19,10,201
2012/01/06 20,5,178
2012/01/06 21,2,134
2012/01/06 22,2,101
2012/01/06 23,7,163
2012/01/07 00,7,174
2012/01/07 01,7,153
2012/01/07 02,7,158
2012/01/07 03,7,133
2012/01/07 04,5,89
2012/01/07 05,6,90
2012/01/07 06,5,102
2012/01/07 07,2,34
2012/01/07 08,4,46
2012/01/07 09,5,41
2012/01/07 10,4,63
2012/01/07 11,3,72
2012/01/07 12,4,111
2012/01/07 13,4,129
2012/01/07 14,5,147
2012/01/07 15,4,110
2012/01/07 16,5,112
2012/01/07 17,4,147
2012/01/07 18,3,122
2012/01/07 19,7,157
2012/01/07 20,7,151
2012/01/07 21,7,184
2012/01/07 22,9,201
2012/01/07 23,11,200
2012/01/08 00,9,207
2012/01/08 01,8,176
2012/01/08 02,8,192
2012/01/08 03,6,118
2012/01/08 04,3,97
2012/01/08 05,3,107
2012/01/08 06,3,86
2012/01/08 08,1,11
2012/01/08 09,2,16
2012/01/08 10,4,34
2012/01/08 11,2,53
2012/01/08 12,2,86
2012/01/08 13,2,93
2012/01/08 14,5,132
2012/01/08 15,6,167
2012/01/08 16,7,151
2012/01/08 17,6,157
2012/01/08 18,7,166
2012/01/08 19,7,196
2012/01/08 20,9,235
2012/01/08 21,10,570
2012/01/08 22,5,561
2012/01/08 23,7,562
2012/01/09 00,5,78
2012/01/09 01,4,92
2012/01/09 02,6,117
2012/01/09 03,5,138
2012/01/09 04,6,82
2012/01/09 05,2,40
2012/01/09 06,2,42
2012/01/09 07,2,50
2012/01/09 08,2,57
2012/01/09 09,2,71
2012/01/09 10,2,40
2012/01/09 12,2,12
2012/01/09 13,1,44
2012/01/09 14,1,61
