2011/10/08 02,1,1
2011/10/08 03,1,1
2011/10/12 12,1,2
2011/10/12 13,1,1
2011/10/12 14,1,2
2011/10/12 15,1,1
2011/10/12 22,1,1
2011/10/12 23,1,2
2011/10/13 00,1,3
2011/10/13 01,1,3
2011/10/13 07,1,1
2011/10/13 08,1,1
2011/10/13 09,1,1
2011/10/13 10,1,2
2011/10/13 11,1,4
2011/10/13 12,1,4
2011/10/13 13,1,2
2011/10/13 14,1,1
2011/10/14 11,1,2
2011/10/14 12,1,3
2011/10/15 11,1,3
2011/10/15 12,1,3
2011/10/16 11,1,2
2011/10/16 12,1,1
2011/10/16 14,1,2
2011/10/16 15,1,2
2011/10/17 10,1,2
2011/10/17 11,1,1
2011/10/18 12,1,1
2011/10/18 13,1,2
2011/10/19 12,1,1
2011/10/19 13,1,2
2011/10/19 14,1,2
2011/10/19 15,1,2
2011/10/20 05,1,4
2011/10/20 06,1,2
