2011/09/30 22,1,246
2011/09/30 23,2,222
2011/10/01 00,2,255
2011/10/01 01,1,237
2011/10/01 02,2,275
2011/10/01 03,3,398
2011/10/01 04,3,482
2011/10/01 05,4,325
2011/10/01 06,6,433
2011/10/01 07,5,268
2011/10/01 08,6,276
2011/10/01 09,6,243
2011/10/01 10,7,263
2011/10/01 11,8,346
2011/10/01 12,8,430
2011/10/01 13,8,594
2011/10/01 14,7,628
2011/10/01 15,4,632
2011/10/01 16,5,691
2011/10/01 17,5,799
2011/10/01 18,5,816
2011/10/01 19,4,866
2011/10/01 20,3,736
2011/10/01 21,2,408
2011/10/01 22,2,515
2011/10/01 23,4,232
2011/10/02 00,2,143
2011/10/02 01,5,341
2011/10/02 02,5,568
2011/10/02 03,6,479
2011/10/02 04,8,700
2011/10/02 05,6,767
2011/10/02 06,7,944
2011/10/02 07,6,878
2011/10/02 08,7,855
2011/10/02 09,7,907
2011/10/02 10,7,446
2011/10/02 11,5,545
2011/10/02 12,6,692
2011/10/02 13,7,741
2011/10/02 14,7,831
2011/10/02 15,6,924
2011/10/02 16,6,959
2011/10/02 17,5,831
2011/10/02 18,5,1000
2011/10/02 19,5,552
2011/10/02 20,3,634
2011/10/02 21,1,294
2011/10/02 22,1,400
2011/10/02 23,1,410
2011/10/03 00,1,390
2011/10/03 01,2,447
2011/10/03 02,3,488
2011/10/03 03,2,463
2011/10/03 04,3,507
2011/10/03 05,3,530
2011/10/03 06,4,597
2011/10/03 07,5,556
2011/10/03 08,4,549
2011/10/03 09,3,476
2011/10/03 10,5,505
2011/10/03 11,4,487
2011/10/03 12,7,620
2011/10/03 13,5,619
2011/10/03 14,7,650
2011/10/03 15,8,683
2011/10/03 16,6,521
2011/10/03 17,4,342
2011/10/03 18,3,490
2011/10/03 19,4,650
2011/10/03 20,3,638
2011/10/03 21,3,761
2011/10/03 22,3,534
2011/10/03 23,3,594
2011/10/04 00,4,614
2011/10/04 01,3,590
2011/10/04 02,2,600
2011/10/04 03,3,567
2011/10/04 04,12,696
2011/10/04 05,16,793
2011/10/04 06,17,784
2011/10/04 07,18,792
2011/10/04 08,16,760
2011/10/04 09,12,603
2011/10/04 10,7,522
2011/10/04 11,7,573
2011/10/04 12,7,525
2011/10/04 13,8,688
2011/10/04 14,15,581
2011/10/04 15,22,1063
2011/10/04 16,28,1414
2011/10/04 17,29,1431
2011/10/04 18,29,1385
2011/10/04 19,31,1492
2011/10/04 20,39,1598
2011/10/04 21,35,1486
2011/10/04 22,37,1453
2011/10/04 23,36,1493
2011/10/05 00,48,3133
2011/10/05 01,49,4126
2011/10/05 02,49,3835
2011/10/05 03,45,3716
2011/10/05 04,42,3187
2011/10/05 05,34,2927
2011/10/05 06,21,2705
2011/10/05 07,19,2406
2011/10/05 08,17,1511
2011/10/05 09,13,1345
2011/10/05 10,12,1566
2011/10/05 11,11,1563
2011/10/05 12,14,1738
2011/10/05 13,19,1719
2011/10/05 14,24,1061
2011/10/05 15,26,1194
2011/10/05 16,26,1454
2011/10/05 17,28,1551
2011/10/05 18,35,1540
2011/10/05 19,35,2078
2011/10/05 20,38,2885
2011/10/05 21,37,2894
2011/10/05 22,38,4242
2011/10/05 23,45,4998
2011/10/06 00,51,5228
2011/10/06 01,43,3739
2011/10/06 02,40,3289
2011/10/06 03,41,1702
2011/10/06 04,34,1821
2011/10/06 05,24,1782
2011/10/06 06,18,1769
2011/10/06 07,12,1363
2011/10/06 08,12,1398
2011/10/06 09,10,426
2011/10/06 10,12,561
2011/10/06 11,14,542
2011/10/06 12,16,633
2011/10/06 13,21,1136
2011/10/06 14,23,1844
2011/10/06 15,20,1897
2011/10/06 16,22,1880
2011/10/06 17,26,2030
2011/10/06 18,32,2161
2011/10/06 19,29,2127
2011/10/06 20,37,2436
2011/10/06 21,37,2592
2011/10/06 22,43,2821
2011/10/06 23,49,3234
2011/10/07 00,46,3123
2011/10/07 01,51,2866
2011/10/07 02,47,2791
2011/10/07 03,44,2863
2011/10/07 04,37,2909
2011/10/07 05,28,2008
2011/10/07 06,24,792
2011/10/07 07,19,960
2011/10/07 08,20,836
2011/10/07 09,18,571
2011/10/07 10,18,618
2011/10/07 11,20,875
2011/10/07 12,21,853
2011/10/07 13,19,922
2011/10/07 14,25,1269
2011/10/07 15,28,1458
2011/10/07 16,28,1651
2011/10/07 17,34,1673
2011/10/07 18,39,2146
2011/10/07 19,40,2289
2011/10/07 20,44,2669
2011/10/07 21,46,3027
2011/10/07 22,57,3308
2011/10/07 23,61,3352
2011/10/08 00,61,3446
2011/10/08 01,57,3351
2011/10/08 02,54,3247
2011/10/08 03,51,2578
2011/10/08 04,45,2493
2011/10/08 05,34,1133
2011/10/08 06,25,1187
2011/10/08 07,18,1141
2011/10/08 08,15,1004
2011/10/08 09,14,1049
2011/10/08 10,14,607
2011/10/08 11,18,945
2011/10/08 12,22,1281
2011/10/08 13,24,1839
2011/10/08 14,24,1931
2011/10/08 15,28,1839
2011/10/08 16,32,1992
2011/10/08 17,38,2153
2011/10/08 18,44,2250
2011/10/08 19,42,2347
2011/10/08 20,38,1861
2011/10/08 21,47,2524
2011/10/08 22,50,2735
2011/10/08 23,50,2405
2011/10/09 00,56,2556
2011/10/09 01,56,2435
2011/10/09 02,50,2267
2011/10/09 03,49,2261
2011/10/09 04,39,2274
2011/10/09 05,35,2148
2011/10/09 06,30,1913
2011/10/09 07,28,1868
2011/10/09 08,23,1929
2011/10/09 09,23,1886
2011/10/09 10,31,2310
2011/10/09 11,30,2148
2011/10/09 12,36,2803
2011/10/09 13,37,2726
2011/10/09 14,36,2964
2011/10/09 15,37,3235
2011/10/09 16,48,2172
2011/10/09 17,49,2487
2011/10/09 18,51,2776
2011/10/09 19,49,3033
2011/10/09 20,45,2934
2011/10/09 21,44,2489
2011/10/09 22,41,2280
2011/10/09 23,38,2290
2011/10/10 00,38,1548
2011/10/10 01,35,1525
2011/10/10 02,34,1734
2011/10/10 03,19,765
2011/10/10 04,19,849
2011/10/10 05,21,903
2011/10/10 06,20,1177
2011/10/10 07,21,981
2011/10/10 08,21,1045
2011/10/10 09,22,1116
2011/10/10 10,23,1231
2011/10/10 11,24,1377
2011/10/10 12,23,1736
2011/10/10 13,30,1834
2011/10/10 14,35,2294
2011/10/10 15,35,2328
2011/10/10 16,34,2101
2011/10/10 17,31,1679
2011/10/10 21,32,1691
2011/10/10 22,37,1884
2011/10/10 23,37,1613
2011/10/11 00,35,2621
2011/10/11 01,31,2921
2011/10/11 02,35,3795
2011/10/11 03,35,3924
2011/10/11 04,38,4111
2011/10/11 05,33,2042
2011/10/11 06,32,1911
2011/10/11 07,27,2045
2011/10/11 08,20,2046
2011/10/11 09,17,760
2011/10/11 10,13,722
2011/10/11 11,13,717
2011/10/11 12,12,711
2011/10/11 13,17,711
2011/10/11 14,18,924
2011/10/11 15,21,1013
2011/10/11 16,26,1296
2011/10/11 17,20,1278
2011/10/11 18,21,1296
2011/10/11 19,25,1580
2011/10/11 20,27,1765
2011/10/11 21,28,1848
2011/10/11 22,34,2376
2011/10/11 23,35,2663
2011/10/12 00,38,2899
2011/10/12 01,38,3269
2011/10/12 02,36,3053
2011/10/12 03,37,2653
2011/10/12 04,39,3025
2011/10/12 05,37,3507
2011/10/12 06,28,1898
2011/10/12 07,24,428
2011/10/12 08,17,453
2011/10/12 09,16,531
2011/10/12 10,15,417
2011/10/12 11,18,597
2011/10/12 12,15,611
2011/10/12 13,16,714
2011/10/12 14,18,1154
2011/10/12 15,19,1587
2011/10/12 16,23,1766
2011/10/12 17,23,1572
2011/10/12 18,28,1840
2011/10/12 19,30,2132
2011/10/12 20,33,2362
2011/10/12 21,33,2573
2011/10/12 22,31,1209
2011/10/12 23,35,1486
2011/10/13 00,32,2106
2011/10/13 01,33,2199
2011/10/13 02,35,2243
2011/10/13 03,36,2424
2011/10/13 04,30,2360
2011/10/13 05,32,2526
2011/10/13 06,27,2249
2011/10/13 07,21,2364
2011/10/13 08,20,1148
2011/10/13 09,16,706
2011/10/13 10,13,834
2011/10/13 11,11,388
2011/10/13 12,13,548
2011/10/13 13,16,567
2011/10/13 14,19,727
2011/10/13 15,20,605
2011/10/13 16,18,731
2011/10/13 17,26,691
2011/10/13 18,25,722
2011/10/13 19,20,559
2011/10/13 20,17,588
2011/10/13 21,22,714
2011/10/13 22,27,654
2011/10/13 23,30,1267
2011/10/14 00,24,1612
2011/10/14 01,22,1707
2011/10/14 02,34,1934
2011/10/14 03,37,2061
2011/10/14 04,33,2022
2011/10/14 05,32,1946
2011/10/14 06,24,1794
2011/10/14 07,16,734
2011/10/14 08,19,292
2011/10/14 09,17,311
2011/10/14 10,13,340
2011/10/14 11,14,441
2011/10/14 12,12,556
2011/10/14 13,13,443
2011/10/14 14,18,500
2011/10/14 15,16,500
2011/10/14 16,20,565
2011/10/14 17,20,582
2011/10/14 18,27,738
2011/10/14 19,23,707
2011/10/14 20,28,1275
2011/10/14 21,28,1337
2011/10/14 22,29,1759
2011/10/14 23,24,1760
2011/10/15 00,26,2020
2011/10/15 01,24,2082
2011/10/15 02,30,2636
2011/10/15 03,31,2257
2011/10/15 04,36,2670
2011/10/15 05,30,1747
2011/10/15 06,28,1340
2011/10/15 07,24,1241
2011/10/15 08,21,1175
2011/10/15 09,12,401
2011/10/15 10,14,616
2011/10/15 11,12,479
2011/10/15 12,12,625
2011/10/15 13,14,781
2011/10/15 14,14,861
2011/10/15 15,16,809
2011/10/15 16,16,769
2011/10/15 17,24,1070
2011/10/15 18,27,1254
2011/10/15 19,30,641
2011/10/15 20,37,806
2011/10/15 21,38,928
2011/10/15 22,38,935
2011/10/15 23,36,1119
2011/10/16 00,35,1024
2011/10/16 01,35,1010
2011/10/16 02,35,1067
2011/10/16 03,33,1139
2011/10/16 04,31,1181
2011/10/16 05,33,1254
2011/10/16 06,34,1200
2011/10/16 07,31,1217
2011/10/16 08,23,1140
2011/10/16 09,21,1129
2011/10/16 10,15,536
2011/10/16 11,15,607
2011/10/16 12,16,783
2011/10/16 13,18,820
2011/10/16 14,22,1024
2011/10/16 15,21,947
2011/10/16 16,25,1028
2011/10/16 17,24,1111
2011/10/16 18,24,1399
2011/10/16 19,23,1164
2011/10/16 20,27,1418
2011/10/16 21,27,905
2011/10/16 22,22,957
2011/10/16 23,18,967
2011/10/17 00,28,1182
2011/10/17 01,35,1306
2011/10/17 02,32,1566
2011/10/17 03,31,1584
2011/10/17 04,31,501
2011/10/17 05,28,511
2011/10/17 06,26,992
2011/10/17 07,15,740
2011/10/17 08,12,759
2011/10/17 09,10,766
2011/10/17 10,10,774
2011/10/17 11,11,738
2011/10/17 12,10,823
2011/10/17 13,9,888
2011/10/17 14,11,1046
2011/10/17 15,10,610
2011/10/17 16,12,798
2011/10/17 17,17,888
2011/10/17 18,17,700
2011/10/17 19,16,749
2011/10/17 20,19,986
2011/10/17 21,23,1255
2011/10/17 22,22,1218
2011/10/17 23,22,1231
2011/10/18 00,24,1261
2011/10/18 01,28,1364
2011/10/18 02,27,1494
2011/10/18 03,25,1353
2011/10/18 04,24,1050
2011/10/18 05,21,800
2011/10/18 06,16,308
2011/10/18 07,15,365
2011/10/18 08,7,293
2011/10/18 09,6,321
2011/10/18 10,9,384
2011/10/18 11,8,458
2011/10/18 12,9,715
2011/10/18 13,8,766
2011/10/18 14,11,913
2011/10/18 15,15,983
2011/10/18 16,13,1339
2011/10/18 17,14,1128
2011/10/18 18,14,1170
2011/10/18 19,16,1223
2011/10/18 20,18,1258
2011/10/18 21,21,1253
2011/10/18 22,20,788
2011/10/18 23,24,772
2011/10/19 00,21,676
2011/10/19 01,21,620
2011/10/19 02,19,631
2011/10/19 03,22,805
2011/10/19 04,25,811
2011/10/19 05,25,880
2011/10/19 06,20,387
2011/10/19 07,14,389
2011/10/19 08,17,566
2011/10/19 09,13,522
2011/10/19 10,15,725
2011/10/19 11,11,307
2011/10/19 12,11,276
2011/10/19 13,13,360
2011/10/19 14,13,457
2011/10/19 15,14,617
2011/10/19 16,17,733
2011/10/19 17,16,766
2011/10/19 18,19,1263
2011/10/19 19,20,1425
2011/10/19 20,14,1329
2011/10/19 21,13,1408
2011/10/19 22,13,1515
2011/10/19 23,17,1143
2011/10/20 00,15,1178
2011/10/20 01,14,1125
2011/10/20 02,17,2087
2011/10/20 03,21,2056
2011/10/20 04,20,2085
2011/10/20 05,16,1790
2011/10/20 06,15,1568
2011/10/20 07,10,782
2011/10/20 08,8,934
2011/10/20 09,9,926
2011/10/20 10,12,1070
2011/10/20 11,15,1218
2011/10/20 12,15,1276
2011/10/20 13,14,1231
2011/10/20 14,16,1388
2011/10/20 15,17,962
2011/10/20 16,17,1013
2011/10/20 17,19,943
2011/10/20 18,14,767
2011/10/20 19,13,233
2011/10/20 20,18,314
2011/10/20 21,16,325
2011/10/20 22,16,526
2011/10/20 23,19,657
2011/10/21 00,21,645
2011/10/21 01,20,637
2011/10/21 02,20,667
2011/10/21 03,15,662
2011/10/21 04,18,656
2011/10/21 05,15,699
2011/10/21 06,12,695
2011/10/21 07,12,252
2011/10/21 08,12,307
2011/10/21 09,10,322
2011/10/21 10,15,526
2011/10/21 11,17,721
2011/10/21 12,18,624
2011/10/21 13,17,457
2011/10/21 14,16,545
2011/10/21 15,19,909
2011/10/21 16,16,972
2011/10/21 17,17,1065
2011/10/21 18,12,800
2011/10/21 19,13,927
2011/10/21 20,10,783
2011/10/21 21,8,962
2011/10/21 22,8,468
2011/10/21 23,10,564
2011/10/22 00,16,846
2011/10/22 01,19,895
2011/10/22 02,17,540
2011/10/22 03,18,781
2011/10/22 04,18,600
2011/10/22 05,13,417
2011/10/22 06,17,366
2011/10/22 07,20,577
2011/10/22 08,16,678
2011/10/22 09,11,708
2011/10/22 10,6,690
2011/10/22 11,7,819
2011/10/22 12,13,995
2011/10/22 13,16,672
2011/10/22 14,20,865
2011/10/22 15,22,925
2011/10/22 16,19,958
2011/10/22 17,16,952
2011/10/22 18,18,1074
2011/10/22 19,18,660
2011/10/22 20,16,601
2011/10/22 21,13,644
2011/10/22 22,17,754
2011/10/22 23,19,769
2011/10/23 00,18,744
2011/10/23 01,21,775
2011/10/23 02,21,795
2011/10/23 03,21,758
2011/10/23 04,24,841
2011/10/23 05,24,951
2011/10/23 06,22,961
2011/10/23 07,24,968
2011/10/23 08,17,934
2011/10/23 09,17,851
2011/10/23 10,15,954
2011/10/23 11,13,963
2011/10/23 12,12,975
2011/10/23 13,15,1364
2011/10/23 14,16,1434
2011/10/23 15,15,1071
2011/10/23 16,18,1163
2011/10/23 17,24,1221
2011/10/23 18,21,575
2011/10/23 19,20,601
2011/10/23 20,15,404
2011/10/23 21,12,450
2011/10/23 22,15,501
2011/10/23 23,16,527
2011/10/24 00,18,579
2011/10/24 01,16,279
2011/10/24 02,14,332
2011/10/24 03,14,359
2011/10/24 04,12,354
2011/10/24 05,9,316
2011/10/24 06,9,348
2011/10/24 07,11,343
2011/10/24 08,10,380
2011/10/24 09,10,448
2011/10/24 10,12,426
2011/10/24 11,13,547
2011/10/24 12,14,606
2011/10/24 13,14,616
2011/10/24 14,16,700
2011/10/24 15,14,732
2011/10/24 16,12,554
2011/10/24 17,19,673
2011/10/24 18,19,384
2011/10/24 19,21,461
2011/10/24 20,21,455
2011/10/24 21,20,535
2011/10/24 22,16,357
2011/10/24 23,16,428
2011/10/25 00,16,447
2011/10/25 01,13,540
2011/10/25 02,20,648
2011/10/25 03,20,641
2011/10/25 04,21,602
2011/10/25 05,18,631
2011/10/25 06,10,365
2011/10/25 07,10,193
2011/10/25 08,7,247
2011/10/25 09,9,291
2011/10/25 10,9,527
2011/10/25 11,10,641
2011/10/25 12,15,835
2011/10/25 13,18,916
2011/10/25 14,18,995
2011/10/25 15,18,964
2011/10/25 16,23,1115
2011/10/25 17,21,818
2011/10/25 18,17,791
2011/10/25 19,18,907
2011/10/25 20,15,613
2011/10/25 21,13,695
2011/10/25 22,11,325
2011/10/25 23,10,458
2011/10/26 00,10,455
2011/10/26 01,15,435
2011/10/26 02,13,295
2011/10/26 03,16,317
2011/10/26 04,13,298
2011/10/26 05,9,174
2011/10/26 06,10,123
2011/10/26 07,8,120
2011/10/26 08,8,142
2011/10/26 09,5,153
2011/10/26 10,6,246
2011/10/26 11,7,176
2011/10/26 12,7,218
2011/10/26 13,12,484
2011/10/26 14,13,601
2011/10/26 15,14,742
2011/10/26 16,14,588
2011/10/26 17,16,729
2011/10/26 18,14,789
2011/10/26 19,12,1020
2011/10/26 20,12,880
2011/10/26 21,11,783
2011/10/26 22,9,776
2011/10/26 23,11,828
2011/10/27 00,14,786
2011/10/27 01,12,776
2011/10/27 02,14,729
2011/10/27 03,16,1048
2011/10/27 04,12,1092
2011/10/27 05,11,955
2011/10/27 06,10,931
2011/10/27 07,8,874
2011/10/27 08,7,760
2011/10/27 09,9,738
2011/10/27 10,9,792
2011/10/27 11,6,813
2011/10/27 12,7,876
2011/10/27 13,9,177
2011/10/27 14,12,316
2011/10/27 15,12,270
2011/10/27 16,15,346
2011/10/27 17,16,378
2011/10/27 18,13,328
2011/10/27 19,8,374
2011/10/27 20,5,305
2011/10/27 21,7,349
2011/10/27 22,7,334
2011/10/27 23,13,360
2011/10/28 00,13,443
2011/10/28 01,10,330
2011/10/28 02,14,357
2011/10/28 03,13,402
2011/10/28 04,14,372
2011/10/28 05,11,356
2011/10/28 06,10,321
2011/10/28 07,12,386
2011/10/28 08,12,308
2011/10/28 09,14,320
2011/10/28 10,10,378
2011/10/28 11,6,194
2011/10/28 12,11,355
2011/10/28 13,12,483
2011/10/28 14,14,619
2011/10/28 15,14,612
2011/10/28 16,15,603
2011/10/28 17,23,656
2011/10/28 18,18,487
2011/10/28 19,17,489
2011/10/28 20,12,848
2011/10/28 21,12,986
2011/10/28 22,14,1064
2011/10/28 23,14,1120
2011/10/29 00,19,1219
2011/10/29 01,14,1249
2011/10/29 02,18,1273
2011/10/29 03,15,1283
2011/10/29 04,15,1073
2011/10/29 05,16,1052
2011/10/29 06,10,947
2011/10/29 07,10,659
2011/10/29 08,12,296
2011/10/29 09,11,269
2011/10/29 10,11,348
2011/10/29 11,12,370
2011/10/29 12,10,279
2011/10/29 13,9,225
2011/10/29 14,11,321
2011/10/29 15,13,377
2011/10/29 16,13,460
2011/10/29 17,12,355
2011/10/29 18,12,393
2011/10/29 19,12,295
2011/10/29 20,12,320
2011/10/29 21,14,386
2011/10/29 22,11,441
2011/10/29 23,10,415
2011/10/30 00,12,394
2011/10/30 01,12,449
2011/10/30 02,14,483
2011/10/30 03,14,455
2011/10/30 04,15,401
2011/10/30 05,15,451
2011/10/30 06,12,447
2011/10/30 07,12,447
2011/10/30 08,9,405
2011/10/30 09,8,434
2011/10/30 10,9,459
2011/10/30 11,13,512
2011/10/30 12,13,1029
2011/10/30 13,15,704
2011/10/30 14,16,768
2011/10/30 15,15,850
2011/10/30 16,12,867
2011/10/30 17,14,623
2011/10/30 18,14,359
2011/10/30 19,15,390
2011/10/30 20,13,336
2011/10/30 21,14,504
2011/10/30 22,14,524
2011/10/30 23,15,853
2011/10/31 00,18,968
2011/10/31 01,15,909
2011/10/31 02,16,844
2011/10/31 03,11,926
2011/10/31 04,9,363
2011/10/31 05,7,248
2011/10/31 06,7,262
2011/10/31 07,8,333
2011/10/31 08,10,307
2011/10/31 09,8,216
2011/10/31 10,7,243
2011/10/31 11,11,369
2011/10/31 12,13,370
2011/10/31 13,11,387
2011/10/31 14,14,414
2011/10/31 15,13,478
2011/10/31 16,10,448
2011/10/31 17,10,470
2011/10/31 18,8,595
2011/10/31 19,7,340
2011/10/31 20,6,394
2011/10/31 21,8,463
2011/10/31 22,6,342
2011/10/31 23,7,371
2011/11/01 00,12,475
2011/11/01 01,16,550
2011/11/01 02,13,585
2011/11/01 03,16,653
2011/11/01 04,12,711
2011/11/01 05,12,417
2011/11/01 06,9,177
2011/11/01 07,9,231
2011/11/01 08,6,212
2011/11/01 09,6,129
2011/11/01 10,6,324
2011/11/01 11,7,453
2011/11/01 12,8,407
2011/11/01 13,8,482
2011/11/01 14,12,561
2011/11/01 15,15,621
2011/11/01 16,15,509
2011/11/03 15,10,731
2011/11/03 16,9,913
2011/11/03 17,8,595
2011/11/03 18,11,691
2011/11/03 19,12,766
2011/11/03 20,10,747
2011/11/03 21,9,854
2011/11/03 22,10,913
2011/11/03 23,13,810
2011/11/04 00,12,656
2011/11/04 01,11,617
2011/11/04 02,12,684
2011/11/04 03,12,724
2011/11/04 04,13,737
2011/11/04 05,10,528
2011/11/04 06,7,257
2011/11/04 07,8,279
2011/11/04 08,6,172
2011/11/04 09,5,207
2011/11/04 10,6,233
2011/11/04 11,4,309
2011/11/04 12,5,399
2011/11/04 13,9,421
2011/11/04 14,8,512
2011/11/04 15,7,462
2011/11/04 16,8,500
2011/11/04 17,8,462
2011/11/04 18,10,612
2011/11/04 19,8,513
2011/11/04 20,9,567
2011/11/04 21,10,575
2011/11/04 22,9,658
2011/11/04 23,8,628
2011/11/05 00,13,632
2011/11/05 01,15,755
2011/11/05 02,15,854
2011/11/05 03,15,692
2011/11/05 04,15,676
2011/11/05 05,17,679
2011/11/05 06,12,318
2011/11/05 07,10,381
2011/11/05 08,6,146
2011/11/05 09,8,168
2011/11/05 10,8,178
2011/11/05 11,7,229
2011/11/05 12,7,265
2011/11/05 13,8,284
2011/11/05 14,10,437
2011/11/05 15,8,342
2011/11/05 16,12,397
2011/11/05 17,12,500
2011/11/05 18,8,466
2011/11/05 19,6,814
2011/11/05 20,11,672
2011/11/05 21,10,594
2011/11/05 22,11,571
2011/11/05 23,10,619
2011/11/06 00,9,665
2011/11/06 01,6,276
2011/11/06 02,8,351
2011/11/06 03,10,377
2011/11/06 04,10,394
2011/11/06 05,13,418
2011/11/06 06,12,418
2011/11/06 07,7,307
2011/11/06 08,9,403
2011/11/06 09,9,308
2011/11/06 10,9,322
2011/11/06 11,12,480
2011/11/06 12,9,422
2011/11/06 13,9,286
2011/11/06 14,10,328
2011/11/06 15,12,412
2011/11/06 16,11,556
2011/11/06 17,9,593
2011/11/06 18,8,722
2011/11/06 19,10,620
2011/11/06 20,10,757
2011/11/06 21,9,609
2011/11/06 22,11,772
2011/11/06 23,10,703
2011/11/07 00,12,566
2011/11/07 01,10,608
2011/11/07 02,9,655
2011/11/07 03,10,507
2011/11/07 04,10,550
2011/11/07 05,10,571
2011/11/07 06,12,388
2011/11/07 07,14,377
2011/11/07 08,12,363
2011/11/07 09,15,402
2011/11/07 10,11,255
2011/11/07 11,9,247
2011/11/07 12,8,243
2011/11/07 13,10,267
2011/11/07 14,13,348
2011/11/07 15,9,405
2011/11/07 16,7,391
2011/11/07 17,7,511
2011/11/07 18,9,804
2011/11/07 19,5,553
2011/11/07 20,8,545
2011/11/07 21,8,504
2011/11/07 22,7,459
2011/11/07 23,5,427
2011/11/08 00,9,430
2011/11/08 01,11,483
2011/11/08 02,12,498
2011/11/08 03,13,552
2011/11/08 04,15,440
2011/11/08 05,10,515
2011/11/08 06,10,463
2011/11/08 07,10,390
2011/11/08 08,6,335
2011/11/08 09,5,124
2011/11/08 10,6,128
2011/11/08 11,5,157
2011/11/08 12,7,174
2011/11/08 13,10,233
2011/11/08 14,11,349
2011/11/08 15,10,466
2011/11/08 16,9,554
2011/11/08 17,8,421
2011/11/08 18,8,455
2011/11/08 19,7,489
2011/11/08 20,9,565
2011/11/08 21,9,586
2011/11/08 22,10,596
2011/11/08 23,10,551
2011/11/09 00,10,532
2011/11/09 01,6,465
2011/11/09 02,9,371
2011/11/09 03,7,425
2011/11/09 04,7,385
2011/11/09 05,9,369
2011/11/09 06,6,163
2011/11/09 07,8,231
2011/11/09 08,8,211
2011/11/09 09,6,239
2011/11/09 10,3,146
2011/11/09 11,5,168
2011/11/09 12,7,162
2011/11/09 13,9,198
2011/11/09 14,9,271
2011/11/09 15,9,351
2011/11/09 16,6,407
2011/11/09 17,7,462
2011/11/09 18,10,564
2011/11/09 19,9,619
2011/11/09 20,7,649
2011/11/09 21,6,565
2011/11/09 22,5,283
2011/11/09 23,3,310
2011/11/10 00,4,324
2011/11/10 01,4,341
2011/11/10 02,6,382
2011/11/10 03,7,375
2011/11/10 04,7,404
2011/11/10 05,8,414
2011/11/10 06,10,464
2011/11/10 07,10,404
2011/11/10 08,9,351
2011/11/10 09,7,334
2011/11/10 10,7,350
2011/11/10 11,8,389
2011/11/10 12,6,443
2011/11/10 13,5,504
2011/11/10 14,7,559
2011/11/10 15,6,543
2011/11/10 16,8,528
2011/11/10 17,8,627
2011/11/10 18,7,541
2011/11/10 19,6,581
2011/11/10 20,6,801
2011/11/10 21,7,826
2011/11/10 22,8,683
2011/11/10 23,9,598
2011/11/11 00,11,605
2011/11/11 01,5,284
2011/11/11 02,9,329
2011/11/11 03,10,360
2011/11/11 04,13,325
2011/11/11 05,14,349
2011/11/11 06,13,441
2011/11/11 07,11,269
2011/11/11 08,9,174
2011/11/11 09,10,186
2011/11/11 10,9,163
2011/11/11 11,9,135
2011/11/11 12,8,134
2011/11/11 13,5,107
2011/11/11 14,6,133
2011/11/11 15,6,188
2011/11/11 16,8,252
2011/11/11 17,6,115
2011/11/11 18,11,315
2011/11/11 19,10,239
2011/11/11 20,9,209
2011/11/11 21,6,132
2011/11/11 22,2,60
2011/11/11 23,3,132
2011/11/12 00,3,132
2011/11/12 01,4,130
2011/11/12 02,3,82
2011/11/12 03,5,120
2011/11/12 04,6,143
2011/11/12 05,5,143
2011/11/12 06,4,109
2011/11/12 07,5,143
2011/11/12 08,3,104
2011/11/12 09,5,137
2011/11/12 10,4,248
2011/11/12 11,4,292
2011/11/12 12,4,249
2011/11/12 13,4,323
2011/11/12 14,5,386
2011/11/12 15,6,394
2011/11/12 16,5,392
2011/11/12 17,7,408
2011/11/12 18,5,360
2011/11/12 19,5,360
2011/11/12 20,4,393
2011/11/12 21,4,372
2011/11/12 22,4,120
2011/11/12 23,5,146
2011/11/13 00,5,179
2011/11/13 01,4,241
2011/11/13 02,4,241
2011/11/13 03,4,169
2011/11/13 04,4,171
2011/11/13 05,5,228
2011/11/13 06,5,234
2011/11/13 07,4,133
2011/11/13 08,5,196
2011/11/13 12,5,291
2011/11/13 13,5,371
2011/11/13 14,5,363
2011/11/13 15,9,387
2011/11/13 16,7,498
2011/11/13 17,9,298
2011/11/13 18,10,342
2011/11/13 19,10,368
2011/11/13 20,8,190
2011/11/13 21,8,231
2011/11/13 22,7,280
2011/11/13 23,7,311
2011/11/14 00,8,275
2011/11/14 01,9,266
2011/11/14 02,7,271
2011/11/14 03,6,183
2011/11/14 04,5,174
2011/11/14 05,6,236
2011/11/14 06,6,188
2011/11/14 07,6,211
2011/11/14 08,5,212
2011/11/14 09,3,31
2011/11/14 10,3,33
2011/11/14 11,4,47
2011/11/14 12,5,65
2011/11/14 13,7,76
2011/11/14 14,5,67
2011/11/14 15,5,63
2011/11/14 16,4,76
2011/11/14 17,6,104
2011/11/14 18,3,42
2011/11/14 19,2,31
2011/11/14 20,3,36
2011/11/14 21,1,9
2011/11/14 22,2,21
2011/11/14 23,5,58
2011/11/15 00,6,105
2011/11/15 01,6,172
2011/11/15 02,6,184
2011/11/15 03,8,261
2011/11/15 04,8,195
2011/11/15 05,6,98
2011/11/15 06,5,104
2011/11/15 07,6,100
2011/11/15 08,4,80
2011/11/15 09,4,94
2011/11/15 10,4,81
2011/11/15 11,5,92
2011/11/15 12,5,121
2011/11/15 13,7,228
2011/11/15 14,5,274
2011/11/15 15,5,305
2011/11/15 16,5,352
2011/11/15 17,5,338
2011/11/15 18,7,327
2011/11/15 19,7,322
2011/11/15 20,7,136
2011/11/15 21,5,129
2011/11/15 22,5,127
2011/11/15 23,4,103
2011/11/16 00,4,102
2011/11/16 01,6,120
2011/11/16 02,5,64
2011/11/16 03,7,70
2011/11/16 04,5,85
2011/11/16 05,5,91
2011/11/16 06,7,100
2011/11/16 07,6,51
2011/11/16 08,4,46
2011/11/16 09,1,26
2011/11/16 10,1,28
2011/11/16 11,2,44
2011/11/16 12,2,14
2011/11/16 13,1,6
2011/11/16 14,1,9
2011/11/16 15,2,34
2011/11/16 16,2,34
2011/11/16 17,3,36
2011/11/16 18,4,22
2011/11/16 19,3,35
2011/11/16 20,6,66
2011/11/16 21,6,96
2011/11/16 22,4,89
2011/11/16 23,6,108
2011/11/17 00,6,130
2011/11/17 01,5,124
2011/11/17 02,4,69
2011/11/17 03,4,68
2011/11/17 04,6,75
2011/11/17 05,3,44
2011/11/17 06,6,61
2011/11/17 07,4,58
2011/11/17 08,4,60
2011/11/17 09,3,60
2011/11/17 10,1,18
2011/11/17 11,3,27
2011/11/17 12,6,46
2011/11/17 13,6,40
2011/11/17 14,7,43
2011/11/17 15,6,44
2011/11/17 16,6,77
2011/11/17 17,4,81
2011/11/17 18,5,76
2011/11/17 19,5,81
2011/11/17 20,5,65
2011/11/17 21,3,40
2011/11/17 22,2,27
2011/11/17 23,3,38
2011/11/18 00,5,53
2011/11/18 01,5,57
2011/11/18 02,6,70
2011/11/18 03,5,73
2011/11/18 04,4,68
2011/11/18 05,3,40
2011/11/18 06,3,52
2011/11/18 07,2,56
2011/11/18 08,4,44
2011/11/18 09,4,62
2011/11/18 10,6,62
2011/11/18 11,4,70
2011/11/18 12,6,103
2011/11/18 13,6,120
2011/11/18 14,6,135
2011/11/18 15,5,117
2011/11/18 16,5,112
2011/11/18 17,5,113
2011/11/18 18,5,98
2011/11/18 19,6,119
2011/11/18 20,6,569
2011/11/18 21,8,515
2011/11/18 22,7,464
2011/11/18 23,7,56
2011/11/19 00,7,47
2011/11/19 01,8,148
2011/11/19 02,8,127
2011/11/19 03,6,144
2011/11/19 04,5,119
2011/11/19 05,4,89
2011/11/19 06,5,95
2011/11/19 07,4,90
2011/11/19 08,4,67
2011/11/19 09,4,60
2011/11/19 10,2,23
2011/11/19 11,4,33
2011/11/19 12,5,53
2011/11/19 13,4,44
2011/11/19 14,4,39
2011/11/19 15,5,45
2011/11/19 16,5,32
2011/11/19 17,6,54
2011/11/19 18,6,47
2011/11/19 19,4,45
2011/11/19 20,4,56
2011/11/19 21,4,62
2011/11/19 22,3,48
2011/11/19 23,3,32
2011/11/20 00,4,48
2011/11/20 01,4,69
2011/11/20 02,6,338
2011/11/20 03,5,418
2011/11/20 04,6,520
2011/11/20 05,5,558
2011/11/20 06,5,155
2011/11/20 07,6,201
2011/11/20 08,5,218
2011/11/20 09,4,233
2011/11/20 10,5,229
2011/11/20 11,5,172
2011/11/20 12,5,174
2011/11/20 13,4,161
2011/11/20 14,3,172
2011/11/20 15,2,59
2011/11/20 16,4,57
2011/11/20 17,4,64
2011/11/20 18,4,99
2011/11/20 19,5,127
2011/11/20 20,4,121
2011/11/20 21,5,118
2011/11/20 22,5,174
2011/11/20 23,5,130
2011/11/21 00,6,136
2011/11/21 01,5,128
2011/11/21 02,7,103
2011/11/21 03,6,126
2011/11/21 04,5,218
2011/11/21 05,6,314
2011/11/21 06,8,218
2011/11/21 07,7,148
2011/11/21 08,4,102
2011/11/21 09,2,34
2011/11/21 10,4,46
2011/11/21 11,4,43
2011/11/21 12,4,37
2011/11/21 13,2,28
2011/11/21 14,3,32
2011/11/21 15,2,15
2011/11/21 16,3,36
2011/11/21 17,3,53
2011/11/21 18,4,98
2011/11/21 19,6,106
2011/11/21 20,6,122
2011/11/21 21,4,110
2011/11/21 22,4,116
2011/11/21 23,3,127
2011/11/22 00,2,127
2011/11/22 01,3,125
2011/11/22 02,4,128
2011/11/22 03,5,175
2011/11/22 04,4,137
2011/11/22 05,6,149
2011/11/22 06,5,120
2011/11/22 07,5,73
2011/11/22 08,4,73
2011/11/22 09,4,67
2011/11/22 10,4,46
2011/11/22 11,5,61
2011/11/22 12,5,78
2011/11/22 13,5,144
2011/11/22 14,4,739
2011/11/22 15,5,354
2011/11/22 16,8,463
2011/11/22 17,8,561
2011/11/22 18,10,547
2011/11/22 19,9,609
2011/11/22 20,7,458
2011/11/22 21,6,318
2011/11/22 22,8,309
2011/11/22 23,7,327
2011/11/23 00,5,139
2011/11/23 01,7,153
2011/11/23 02,7,162
2011/11/23 03,9,249
2011/11/23 04,10,157
2011/11/23 05,5,100
2011/11/23 06,5,94
2011/11/23 07,5,96
2011/11/23 08,6,46
2011/11/23 09,6,55
2011/11/23 10,5,45
2011/11/23 11,7,110
2011/11/23 12,8,169
2011/11/23 13,8,255
2011/11/23 14,10,305
2011/11/23 15,8,390
2011/11/23 16,6,401
2011/11/23 17,6,429
2011/11/23 18,5,455
2011/11/23 19,5,454
2011/11/23 20,5,498
2011/11/23 21,5,618
2011/11/23 22,5,504
2011/11/23 23,6,479
2011/11/24 00,5,103
2011/11/24 01,8,123
2011/11/24 02,9,104
2011/11/24 03,10,123
2011/11/24 04,7,121
2011/11/24 05,6,150
2011/11/24 06,5,101
2011/11/24 07,5,106
2011/11/24 08,4,68
2011/11/24 09,7,103
2011/11/24 10,6,116
2011/11/24 11,6,159
2011/11/24 12,7,217
2011/11/24 13,6,222
2011/11/24 14,5,226
2011/11/24 15,6,235
2011/11/24 16,4,73
2011/11/24 17,7,65
2011/11/24 18,9,103
2011/11/24 19,10,107
2011/11/24 20,9,117
2011/11/24 21,7,111
2011/11/24 22,5,142
2011/11/24 23,4,109
2011/11/25 00,4,118
2011/11/25 01,5,58
2011/11/25 02,5,53
2011/11/25 03,6,87
2011/11/25 04,8,141
2011/11/25 05,6,150
2011/11/25 06,5,93
2011/11/25 07,6,150
2011/11/25 08,4,48
2011/11/25 09,5,56
2011/11/25 10,3,43
2011/11/25 11,4,54
2011/11/25 12,6,50
2011/11/25 13,6,103
2011/11/25 14,6,123
2011/11/25 15,7,146
2011/11/25 16,5,153
2011/11/25 17,5,178
2011/11/25 18,8,190
2011/11/25 19,9,209
2011/11/25 20,10,259
2011/11/25 21,8,229
2011/11/25 22,9,240
2011/11/25 23,8,246
2011/11/26 00,7,303
2011/11/26 01,9,276
2011/11/26 02,8,293
2011/11/26 03,9,297
2011/11/26 04,7,147
2011/11/26 05,6,163
2011/11/26 06,7,170
2011/11/26 07,6,203
2011/11/26 08,5,227
2011/11/26 09,4,230
2011/11/26 10,5,145
2011/11/26 11,5,159
2011/11/26 12,5,145
2011/11/26 13,6,158
2011/11/26 14,7,181
2011/11/26 15,10,370
2011/11/26 16,9,613
2011/11/26 17,8,717
2011/11/26 18,4,262
2011/11/26 19,7,293
2011/11/26 20,7,703
2011/11/26 21,7,717
2011/11/26 22,7,739
2011/11/26 23,5,884
2011/11/27 00,4,89
2011/11/27 01,8,811
2011/11/27 02,10,983
2011/11/27 03,10,984
2011/11/27 04,10,999
2011/11/27 05,10,845
2011/11/27 06,11,830
2011/11/27 07,10,910
2011/11/27 08,10,735
2011/11/27 09,7,707
2011/11/27 10,5,703
2011/11/27 11,8,124
2011/11/27 12,5,96
2011/11/27 13,7,101
2011/11/27 14,8,188
2011/11/27 15,8,166
2011/11/27 16,4,154
2011/11/27 17,5,235
2011/11/27 18,6,104
2011/11/27 19,7,135
2011/11/27 20,8,112
2011/11/27 21,10,221
2011/11/27 22,13,252
2011/11/27 23,13,706
2011/11/28 00,11,764
2011/11/28 01,10,685
2011/11/28 02,15,727
2011/11/28 03,13,286
2011/11/28 04,12,338
2011/11/28 05,8,146
2011/11/28 06,10,173
2011/11/28 07,9,187
2011/11/28 08,9,163
2011/11/28 09,7,156
2011/11/28 10,7,113
2011/11/28 11,5,103
2011/11/28 12,4,91
2011/11/28 13,3,74
2011/11/28 14,3,147
2011/11/28 15,4,174
2011/11/28 16,4,193
2011/11/28 17,5,228
2011/11/28 18,8,289
2011/11/28 19,8,266
2011/11/28 20,6,294
2011/11/28 21,4,168
2011/11/28 22,5,158
2011/11/28 23,3,120
2011/11/29 00,4,138
2011/11/29 01,5,196
2011/11/29 02,6,214
2011/11/29 03,5,122
2011/11/29 04,4,117
2011/11/29 05,8,142
2011/11/29 06,7,134
2011/11/29 07,6,146
2011/11/29 08,4,46
2011/11/29 09,5,61
2011/11/29 10,5,70
2011/11/29 11,4,63
2011/11/29 12,4,56
2011/11/29 13,4,128
2011/11/29 14,6,146
2011/11/29 15,7,187
2011/11/29 16,7,234
2011/11/29 17,5,229
2011/11/29 18,7,228
2011/11/29 19,7,258
2011/11/29 20,6,103
2011/11/29 21,9,104
2011/11/29 22,9,162
2011/11/29 23,9,180
2011/11/30 00,6,177
2011/11/30 01,7,225
2011/11/30 02,10,484
2011/11/30 03,9,540
2011/11/30 04,9,602
2011/11/30 05,8,542
2011/11/30 06,7,453
2011/11/30 07,7,487
2011/11/30 08,4,55
2011/11/30 09,6,66
2011/11/30 10,5,71
2011/11/30 11,1,37
2011/11/30 12,3,43
2011/11/30 13,6,125
2011/11/30 14,6,170
2011/11/30 15,6,233
2011/11/30 16,3,64
2011/11/30 17,4,73
2011/11/30 18,5,122
2011/11/30 19,9,145
2011/11/30 20,8,115
2011/11/30 21,8,151
2011/11/30 22,8,167
2011/11/30 23,7,177
2011/12/01 00,9,196
2011/12/01 01,8,179
2011/12/01 02,9,168
2011/12/01 03,8,168
2011/12/01 04,8,216
2011/12/01 05,7,150
2011/12/01 06,7,92
2011/12/01 07,5,63
2011/12/01 08,5,78
2011/12/01 09,4,72
2011/12/01 10,4,65
2011/12/01 11,3,61
2011/12/01 12,1,20
2011/12/01 13,1,25
2011/12/01 14,2,36
2011/12/01 15,3,54
2011/12/01 16,2,36
2011/12/01 17,2,42
2011/12/01 18,1,33
2011/12/01 19,2,27
2011/12/01 20,2,53
2011/12/01 21,4,111
2011/12/01 22,2,73
2011/12/01 23,2,91
2011/12/02 00,3,108
2011/12/02 01,3,128
2011/12/02 02,4,146
2011/12/02 03,6,198
2011/12/02 04,5,186
2011/12/02 05,5,196
2011/12/02 06,2,101
2011/12/02 07,5,101
2011/12/02 08,5,101
2011/12/02 09,4,60
2011/12/02 10,4,66
2011/12/02 11,2,52
2011/12/02 13,2,24
2011/12/02 14,2,98
2011/12/02 15,2,94
2011/12/02 16,2,108
2011/12/02 17,2,133
2011/12/02 18,6,34
2011/12/02 19,5,78
2011/12/02 20,4,92
2011/12/02 21,3,86
2011/12/02 22,3,106
2011/12/02 23,3,33
2011/12/03 00,5,78
2011/12/03 01,6,105
2011/12/03 02,6,154
2011/12/03 03,6,130
2011/12/03 04,6,137
2011/12/03 05,6,157
2011/12/03 06,7,166
2011/12/03 07,5,157
2011/12/03 08,3,61
2011/12/03 09,3,66
2011/12/03 10,4,65
2011/12/03 11,3,51
2011/12/03 12,4,63
2011/12/03 13,4,66
2011/12/03 14,4,74
2011/12/03 15,4,75
2011/12/03 16,5,89
2011/12/03 17,5,58
2011/12/03 18,3,67
2011/12/03 19,3,69
2011/12/03 20,4,48
2011/12/03 21,6,74
2011/12/03 22,5,68
2011/12/03 23,6,89
2011/12/04 00,7,156
2011/12/04 01,3,120
2011/12/04 02,4,134
2011/12/04 03,4,153
2011/12/04 04,3,141
2011/12/04 05,3,124
2011/12/04 06,5,169
2011/12/04 07,5,79
2011/12/04 08,4,73
2011/12/04 09,4,78
2011/12/04 10,5,80
2011/12/04 11,5,90
2011/12/04 12,5,103
2011/12/04 13,5,124
2011/12/04 14,4,112
2011/12/04 15,3,61
2011/12/04 16,4,79
2011/12/04 17,5,185
2011/12/04 18,6,205
2011/12/04 19,7,305
2011/12/04 20,9,288
2011/12/04 21,9,188
2011/12/04 22,10,197
2011/12/04 23,10,208
2011/12/05 00,9,205
2011/12/05 01,8,209
2011/12/05 02,7,681
2011/12/05 03,8,709
2011/12/05 04,7,716
2011/12/05 05,4,702
2011/12/05 06,5,688
2011/12/05 07,5,713
2011/12/05 08,4,717
2011/12/05 09,3,675
2011/12/05 10,2,679
2011/12/05 11,3,685
2011/12/05 12,2,652
2011/12/05 13,1,699
2011/12/05 14,1,651
2011/12/05 16,1,11
2011/12/05 17,1,23
2011/12/05 18,1,38
2011/12/05 19,1,36
2011/12/05 20,1,43
2011/12/05 21,3,53
2011/12/05 22,4,80
2011/12/05 23,4,96
2011/12/06 00,6,98
2011/12/06 01,8,157
2011/12/06 02,7,202
2011/12/06 03,6,158
2011/12/06 04,6,170
2011/12/06 05,11,192
2011/12/06 06,10,144
2011/12/06 07,5,75
2011/12/06 08,6,83
2011/12/06 09,4,71
2011/12/06 10,4,58
2011/12/06 11,3,66
2011/12/06 12,4,66
2011/12/06 13,4,69
2011/12/06 14,4,71
2011/12/06 15,5,102
2011/12/06 16,5,67
2011/12/06 17,5,71
2011/12/06 18,5,66
2011/12/06 19,5,49
2011/12/06 20,4,30
2011/12/06 21,1,17
2011/12/06 22,5,47
2011/12/06 23,5,45
2011/12/07 00,7,49
2011/12/07 01,6,107
2011/12/07 02,7,124
2011/12/07 03,8,154
2011/12/07 04,7,176
2011/12/07 05,10,204
2011/12/07 06,4,63
2011/12/07 07,1,63
2011/12/07 08,4,76
2011/12/07 09,3,91
2011/12/07 10,3,85
2011/12/07 11,4,75
2011/12/07 12,5,100
2011/12/07 13,3,70
2011/12/07 14,2,76
2011/12/07 15,1,73
2011/12/07 16,2,150
2011/12/07 17,3,144
2011/12/07 18,6,162
2011/12/07 19,8,189
2011/12/07 20,7,197
2011/12/07 21,7,154
2011/12/07 22,8,170
2011/12/07 23,5,113
2011/12/08 00,4,105
2011/12/08 01,8,139
2011/12/08 02,5,143
2011/12/08 03,3,166
2011/12/08 04,3,944
2011/12/08 05,3,936
2011/12/08 06,4,819
2011/12/08 07,3,55
2011/12/08 08,4,55
2011/12/08 09,4,66
2011/12/08 10,4,87
2011/12/08 11,4,93
2011/12/08 12,3,97
2011/12/08 13,4,97
2011/12/08 14,3,80
2011/12/08 15,1,70
2011/12/08 16,1,59
2011/12/08 18,1,22
2011/12/08 19,3,85
2011/12/08 20,5,105
2011/12/08 21,6,128
2011/12/08 22,5,154
2011/12/08 23,4,135
2011/12/09 00,6,169
2011/12/09 01,6,189
2011/12/09 02,7,179
2011/12/09 03,6,193
2011/12/09 04,5,141
2011/12/09 05,5,150
2011/12/09 06,4,111
2011/12/09 07,2,100
2011/12/09 08,2,93
2011/12/09 10,1,7
2011/12/09 11,1,8
2011/12/09 12,1,7
2011/12/09 14,1,13
2011/12/09 15,1,14
2011/12/09 16,1,26
2011/12/09 17,3,54
2011/12/09 18,4,69
2011/12/09 19,4,169
2011/12/09 20,4,149
2011/12/09 21,5,145
2011/12/09 22,4,104
2011/12/09 23,4,144
2011/12/10 00,6,205
2011/12/10 01,5,231
2011/12/10 02,6,243
2011/12/10 03,10,249
2011/12/10 04,6,258
2011/12/10 05,3,151
2011/12/10 06,4,164
2011/12/10 07,3,135
2011/12/10 08,3,46
2011/12/10 09,1,1
2011/12/10 10,2,5
2011/12/10 11,1,2
2011/12/10 15,3,277
2011/12/10 16,3,555
2011/12/10 17,5,771
2011/12/10 18,5,753
2011/12/10 19,7,898
2011/12/10 20,9,812
2011/12/10 21,11,823
2011/12/10 22,7,739
2011/12/10 23,7,113
2011/12/11 00,5,117
2011/12/11 01,8,152
2011/12/11 02,8,132
2011/12/11 03,8,169
2011/12/11 04,7,368
2011/12/11 05,8,742
2011/12/11 06,6,856
2011/12/11 07,3,519
2011/12/11 08,3,461
2011/12/11 09,4,447
2011/12/11 10,3,180
2011/12/11 11,5,192
2011/12/11 12,3,20
2011/12/11 13,3,23
2011/12/11 14,5,47
2011/12/11 15,4,32
2011/12/11 16,5,41
2011/12/11 17,6,47
2011/12/11 18,2,48
2011/12/11 19,4,50
2011/12/11 20,4,70
2011/12/11 21,2,59
2011/12/11 22,3,81
2011/12/11 23,6,96
2011/12/12 00,5,154
2011/12/12 01,4,147
2011/12/12 02,5,532
2011/12/12 03,5,590
2011/12/12 04,8,705
2011/12/12 05,9,765
2011/12/12 06,6,557
2011/12/12 07,5,84
2011/12/12 08,6,85
2011/12/12 09,4,59
2011/12/12 10,2,29
2011/12/12 11,1,30
2011/12/12 12,1,13
2011/12/12 13,1,20
2011/12/12 14,1,29
2011/12/12 15,2,116
2011/12/12 16,1,143
2011/12/12 17,2,278
2011/12/12 18,3,219
2011/12/12 19,1,48
2011/12/12 20,2,77
2011/12/12 21,3,93
2011/12/12 22,6,113
2011/12/12 23,6,141
2011/12/13 00,6,145
2011/12/13 01,6,190
2011/12/13 02,8,605
2011/12/13 03,8,910
2011/12/13 04,9,1591
2011/12/13 05,9,1350
2011/12/13 06,8,962
2011/12/13 07,7,836
2011/12/13 08,6,988
2011/12/13 09,6,775
2011/12/13 10,6,749
2011/12/13 11,6,745
2011/12/13 12,3,50
2011/12/13 13,3,50
2011/12/13 14,4,107
2011/12/13 15,3,157
2011/12/13 16,4,201
2011/12/13 17,5,274
2011/12/13 18,5,283
2011/12/13 19,4,283
2011/12/13 20,4,273
2011/12/13 21,3,284
2011/12/13 22,5,299
2011/12/13 23,5,265
2011/12/14 00,5,250
2011/12/14 01,7,295
2011/12/14 02,6,147
2011/12/14 03,6,169
2011/12/14 04,6,471
2011/12/14 05,5,481
2011/12/14 06,6,154
2011/12/14 07,5,144
2011/12/14 08,8,503
2011/12/14 09,8,689
2011/12/14 10,7,657
2011/12/14 11,6,552
2011/12/14 12,3,576
2011/12/14 13,4,676
2011/12/14 14,2,71
2011/12/14 15,2,82
2011/12/14 16,3,84
2011/12/14 17,4,117
2011/12/14 18,4,93
2011/12/14 19,4,103
2011/12/14 20,4,108
2011/12/14 21,4,145
2011/12/14 22,6,123
2011/12/14 23,6,184
2011/12/15 00,8,167
2011/12/15 01,8,179
2011/12/15 02,7,210
2011/12/15 03,7,219
2011/12/15 04,8,215
2011/12/15 05,8,251
2011/12/15 06,5,184
2011/12/15 07,4,172
2011/12/15 08,3,54
2011/12/15 09,3,408
2011/12/15 10,2,44
2011/12/15 11,4,65
2011/12/15 12,5,115
2011/12/15 13,5,146
2011/12/15 14,5,183
2011/12/15 15,5,189
2011/12/15 16,5,268
2011/12/15 17,5,226
2011/12/15 18,3,203
2011/12/15 19,4,217
2011/12/15 20,8,284
2011/12/15 21,7,307
2011/12/15 22,8,196
2011/12/15 23,8,184
2011/12/16 00,4,102
2011/12/16 01,5,169
2011/12/16 02,5,169
2011/12/16 03,5,161
2011/12/16 04,5,167
2011/12/16 05,5,429
2011/12/16 06,4,385
2011/12/16 07,5,402
2011/12/16 08,5,412
2011/12/16 09,4,51
2011/12/16 10,2,26
2011/12/16 11,3,73
2011/12/16 12,3,116
2011/12/16 13,2,174
2011/12/16 14,3,187
2011/12/16 15,2,224
2011/12/16 16,4,705
2011/12/16 17,4,373
2011/12/16 18,4,365
2011/12/16 19,5,392
2011/12/16 20,5,428
2011/12/16 21,5,494
2011/12/16 22,5,294
2011/12/16 23,4,327
2011/12/17 00,5,396
2011/12/17 01,6,376
2011/12/17 02,6,114
2011/12/17 03,6,124
2011/12/17 04,6,279
2011/12/17 05,4,106
2011/12/17 06,6,133
2011/12/17 07,8,132
2011/12/17 08,6,142
2011/12/17 09,7,469
2011/12/17 10,5,488
2011/12/17 11,8,550
2011/12/17 12,6,579
2011/12/17 13,8,616
2011/12/17 14,7,810
2011/12/17 15,4,760
2011/12/17 16,4,661
2011/12/17 17,4,748
2011/12/17 18,3,720
2011/12/17 19,6,744
2011/12/17 20,7,822
2011/12/17 21,9,901
2011/12/17 22,5,142
2011/12/17 23,7,152
2011/12/18 00,6,150
2011/12/18 01,7,158
2011/12/18 02,7,149
2011/12/18 03,6,139
2011/12/18 04,6,151
2011/12/18 05,8,171
2011/12/18 06,7,166
2011/12/18 07,6,161
2011/12/18 08,4,72
2011/12/18 09,3,63
2011/12/18 10,3,81
2011/12/18 11,3,109
2011/12/18 12,6,135
2011/12/18 13,6,116
2011/12/18 14,7,104
2011/12/18 15,6,64
2011/12/18 16,4,63
2011/12/18 17,3,68
2011/12/18 18,5,113
2011/12/18 19,6,136
2011/12/18 20,7,127
2011/12/18 21,10,140
2011/12/18 22,9,146
2011/12/18 23,10,441
2011/12/19 00,6,583
2011/12/19 01,6,592
2011/12/19 02,5,569
2011/12/19 03,7,570
2011/12/19 04,6,106
2011/12/19 05,5,67
2011/12/19 06,5,63
2011/12/19 07,4,59
2011/12/19 08,4,58
2011/12/19 09,4,56
2011/12/19 10,4,67
2011/12/19 11,3,70
2011/12/19 12,3,56
2011/12/19 13,4,82
2011/12/19 14,3,82
2011/12/19 15,2,63
2011/12/19 16,1,68
2011/12/19 17,1,72
2011/12/19 18,2,81
2011/12/19 19,2,109
2011/12/19 20,3,82
2011/12/19 21,3,94
2011/12/19 22,5,119
2011/12/19 23,5,138
2011/12/20 00,6,129
2011/12/20 01,6,882
2011/12/20 02,8,876
2011/12/20 03,7,1050
2011/12/20 04,8,2226
2011/12/20 05,8,2353
2011/12/20 06,5,1299
2011/12/20 07,3,963
2011/12/20 08,2,44
2011/12/20 09,2,53
2011/12/20 10,2,60
2011/12/20 11,3,89
2011/12/20 12,5,120
2011/12/20 13,4,148
2011/12/20 14,3,156
2011/12/20 15,3,157
2011/12/20 16,3,199
2011/12/20 17,4,256
2011/12/20 18,4,278
2011/12/20 19,6,309
2011/12/20 20,6,356
2011/12/20 21,9,317
2011/12/20 22,9,333
2011/12/20 23,8,341
2011/12/21 00,8,933
2011/12/21 01,9,986
2011/12/21 02,7,926
2011/12/21 03,7,985
2011/12/21 04,6,775
2011/12/21 05,7,794
2011/12/21 06,4,592
2011/12/21 07,6,97
2011/12/21 08,4,72
2011/12/21 09,3,77
2011/12/21 10,2,65
2011/12/21 11,4,76
2011/12/21 12,3,32
2011/12/21 13,2,27
2011/12/21 14,4,32
2011/12/21 15,2,11
2011/12/21 16,2,33
2011/12/21 17,2,58
2011/12/21 18,3,72
2011/12/21 19,3,133
2011/12/21 20,4,94
2011/12/21 21,4,111
2011/12/21 22,6,143
2011/12/21 23,8,277
2011/12/22 00,11,238
2011/12/22 01,12,236
2011/12/22 02,10,271
2011/12/22 03,11,294
2011/12/22 04,9,219
2011/12/22 05,6,242
2011/12/22 06,6,170
2011/12/22 07,6,197
2011/12/22 08,5,136
2011/12/22 09,4,88
2011/12/22 10,4,70
2011/12/22 11,3,68
2011/12/22 12,3,66
2011/12/22 13,3,68
2011/12/22 14,2,53
2011/12/22 15,2,28
2011/12/22 16,2,65
2011/12/22 17,4,29
2011/12/22 18,4,60
2011/12/22 19,9,143
2011/12/22 20,9,168
2011/12/22 21,9,186
2011/12/22 22,8,205
2011/12/22 23,6,237
2011/12/23 00,4,211
2011/12/23 01,6,299
2011/12/23 02,6,185
2011/12/23 03,8,213
2011/12/23 04,8,174
2011/12/23 05,4,201
2011/12/23 06,3,77
2011/12/23 07,3,78
2011/12/23 08,2,103
2011/12/23 09,1,48
2011/12/23 10,2,48
2011/12/23 11,3,53
2011/12/23 12,5,51
2011/12/23 13,4,50
2011/12/23 14,4,60
2011/12/23 15,3,83
2011/12/23 16,3,86
2011/12/23 17,4,65
2011/12/23 18,5,70
2011/12/23 19,6,87
2011/12/23 20,6,82
2011/12/23 21,3,63
2011/12/23 22,4,100
2011/12/23 23,3,153
2011/12/24 00,3,215
2011/12/24 01,4,224
2011/12/24 02,5,237
2011/12/24 03,9,300
2011/12/24 04,10,228
2011/12/24 05,8,254
2011/12/24 06,9,303
2011/12/24 07,9,270
2011/12/24 08,7,205
2011/12/24 09,5,126
2011/12/24 10,4,78
2011/12/24 11,4,48
2011/12/24 12,4,181
2011/12/24 13,4,78
2011/12/24 14,3,61
2011/12/24 15,2,31
2011/12/24 16,3,35
2011/12/24 17,4,79
2011/12/24 18,2,59
2011/12/24 19,7,118
2011/12/24 20,8,189
2011/12/24 21,9,238
2011/12/24 22,8,253
2011/12/24 23,6,121
2011/12/25 00,3,99
2011/12/25 01,3,125
2011/12/25 02,4,103
2011/12/25 03,3,97
2011/12/25 04,2,23
2011/12/25 05,2,24
2011/12/25 06,2,38
2011/12/25 07,3,152
2011/12/25 08,3,62
2011/12/25 09,5,61
2011/12/25 10,3,23
2011/12/25 11,4,68
2011/12/25 12,3,76
2011/12/25 13,3,73
2011/12/25 14,3,96
2011/12/25 15,3,85
2011/12/25 16,3,90
2011/12/25 17,2,22
2011/12/25 18,3,28
2011/12/25 19,2,10
2011/12/25 20,3,6
2011/12/25 21,4,23
2011/12/25 22,5,67
2011/12/25 23,6,84
2011/12/26 00,7,283
2011/12/26 01,7,149
2011/12/26 02,6,101
2011/12/26 03,5,82
2011/12/26 04,4,99
2011/12/26 05,5,92
2011/12/26 06,6,73
2011/12/26 07,5,84
2011/12/26 08,5,70
2011/12/26 09,5,72
2011/12/26 10,4,72
2011/12/26 11,4,75
2011/12/26 12,5,78
2011/12/26 13,4,75
2011/12/26 14,2,61
2011/12/26 15,5,100
2011/12/26 16,4,124
2011/12/26 17,5,140
2011/12/26 18,5,251
2011/12/26 19,5,189
2011/12/26 20,3,162
2011/12/26 21,3,171
2011/12/26 22,4,183
2011/12/26 23,5,209
2011/12/27 00,7,198
2011/12/27 01,9,234
2011/12/27 02,6,228
2011/12/27 03,6,205
2011/12/27 04,7,208
2011/12/27 05,5,114
2011/12/27 06,7,579
2011/12/27 07,8,494
2011/12/27 08,7,134
2011/12/27 09,7,233
2011/12/27 10,6,151
2011/12/27 11,6,168
2011/12/27 12,3,105
2011/12/27 13,4,117
2011/12/27 14,4,113
2011/12/27 15,4,120
2011/12/27 16,4,86
2011/12/27 17,7,156
2011/12/27 18,6,114
2011/12/27 19,4,107
2011/12/27 20,7,143
2011/12/27 21,8,173
2011/12/27 22,7,177
2011/12/27 23,7,232
2011/12/28 00,8,187
2011/12/28 01,12,198
2011/12/28 02,13,222
2011/12/28 03,12,242
2011/12/28 04,15,280
2011/12/28 05,15,328
2011/12/28 06,10,251
2011/12/28 07,10,212
2011/12/28 08,9,191
2011/12/28 09,8,192
2011/12/28 10,8,227
2011/12/28 11,5,126
2011/12/28 12,2,106
2011/12/28 13,5,117
2011/12/28 14,5,107
2011/12/28 15,6,148
2011/12/28 16,8,175
2011/12/28 17,6,134
2011/12/28 18,7,194
2011/12/28 19,8,204
2011/12/28 20,6,159
2011/12/28 21,6,180
2011/12/28 22,6,158
2011/12/28 23,5,171
2011/12/29 00,5,191
2011/12/29 01,8,246
2011/12/29 02,10,260
2011/12/29 03,9,277
2011/12/29 04,12,287
2011/12/29 05,11,280
2011/12/29 06,12,238
2011/12/29 07,9,176
2011/12/29 08,9,177
2011/12/29 09,8,140
2011/12/29 10,6,145
2011/12/29 11,5,49
2011/12/29 12,3,62
2011/12/29 13,1,28
2011/12/29 14,1,9
2011/12/29 15,3,31
2011/12/29 16,3,55
2011/12/29 17,4,53
2011/12/29 18,6,158
2011/12/29 19,7,139
2011/12/29 20,7,117
2011/12/29 21,5,109
2011/12/29 22,5,115
2011/12/29 23,6,177
2011/12/30 00,9,681
2011/12/30 01,11,998
2011/12/30 02,10,1089
2011/12/30 03,10,226
2011/12/30 04,8,231
2011/12/30 05,9,235
2011/12/30 06,9,234
2011/12/30 07,10,172
2011/12/30 08,8,210
2011/12/30 09,7,207
2011/12/30 10,6,207
2011/12/30 11,5,149
2011/12/30 12,4,147
2011/12/30 13,5,154
2011/12/30 14,3,142
2011/12/30 15,6,262
2011/12/30 16,5,178
2011/12/30 17,5,215
2011/12/30 18,6,227
2011/12/30 19,8,228
2011/12/30 20,10,283
2011/12/30 21,7,288
2011/12/30 22,5,174
2011/12/30 23,7,169
2011/12/31 00,8,191
2011/12/31 01,8,185
2011/12/31 02,7,179
2011/12/31 03,11,1039
2011/12/31 04,10,235
2011/12/31 05,8,246
2011/12/31 06,6,246
2011/12/31 07,8,261
2011/12/31 08,8,315
2011/12/31 09,9,207
2011/12/31 10,7,196
2011/12/31 11,7,190
2011/12/31 12,6,157
2011/12/31 13,5,116
2011/12/31 14,4,77
2011/12/31 15,3,137
2011/12/31 16,3,57
2011/12/31 17,4,72
2011/12/31 18,2,14
2011/12/31 19,3,35
2011/12/31 20,4,118
2011/12/31 21,5,277
2011/12/31 22,4,260
2011/12/31 23,7,352
2012/01/01 00,6,434
2012/01/01 01,6,647
2012/01/01 02,6,505
2012/01/01 03,4,382
2012/01/01 04,6,398
2012/01/01 05,7,415
2012/01/01 06,7,403
2012/01/01 07,9,232
2012/01/01 08,9,193
2012/01/01 09,7,190
2012/01/01 10,5,165
2012/01/01 11,4,160
2012/01/01 12,4,148
2012/01/01 13,5,171
2012/01/01 14,4,102
2012/01/01 15,5,119
2012/01/01 16,4,119
2012/01/01 17,4,133
2012/01/01 18,4,130
2012/01/01 19,3,157
2012/01/01 20,4,147
2012/01/01 21,7,185
2012/01/01 22,10,200
2012/01/01 23,9,240
2012/01/02 00,5,185
2012/01/02 01,6,196
2012/01/02 02,3,186
2012/01/02 03,6,217
2012/01/02 04,7,268
2012/01/02 05,8,149
2012/01/02 06,8,171
2012/01/02 07,7,156
2012/01/02 08,5,141
2012/01/02 09,5,134
2012/01/02 10,4,94
2012/01/02 11,4,105
2012/01/02 12,3,64
2012/01/02 14,2,28
2012/01/02 15,2,55
2012/01/02 16,3,87
2012/01/02 17,3,102
2012/01/02 18,2,110
2012/01/02 19,2,120
2012/01/02 20,2,144
2012/01/02 21,4,163
2012/01/02 22,3,142
2012/01/02 23,6,185
2012/01/03 00,6,107
2012/01/03 01,7,138
2012/01/03 02,11,235
2012/01/03 03,9,376
2012/01/03 04,10,297
2012/01/03 05,11,439
2012/01/03 06,8,366
2012/01/03 07,3,155
2012/01/03 08,4,124
2012/01/03 09,3,119
2012/01/03 10,2,123
2012/01/03 11,1,112
2012/01/03 12,1,113
2012/01/03 13,1,116
2012/01/03 14,1,111
2012/01/03 15,3,151
2012/01/03 16,3,152
2012/01/03 17,2,163
2012/01/03 18,4,229
2012/01/03 19,4,244
2012/01/03 20,6,262
2012/01/03 21,5,417
2012/01/03 22,5,480
2012/01/03 23,7,569
2012/01/04 00,7,587
2012/01/04 01,6,559
2012/01/04 02,4,237
2012/01/04 03,5,904
2012/01/04 04,6,990
2012/01/04 05,4,983
2012/01/04 06,5,925
2012/01/04 07,5,176
2012/01/04 08,7,156
2012/01/04 09,6,151
2012/01/04 10,5,143
2012/01/04 11,2,37
2012/01/04 12,2,37
2012/01/04 13,3,71
2012/01/04 14,4,94
2012/01/04 15,2,55
2012/01/04 16,3,124
2012/01/04 17,3,121
2012/01/04 18,3,159
2012/01/04 19,4,138
2012/01/04 20,4,167
2012/01/04 21,4,167
2012/01/04 22,6,479
2012/01/04 23,6,477
2012/01/05 00,5,538
2012/01/05 01,7,530
2012/01/05 02,7,226
2012/01/05 03,7,226
2012/01/05 04,9,243
2012/01/05 05,6,228
2012/01/05 06,6,190
2012/01/05 07,7,145
2012/01/05 08,8,168
2012/01/05 09,5,111
2012/01/05 10,3,102
2012/01/05 11,1,101
2012/01/05 12,1,109
2012/01/05 13,1,106
2012/01/05 14,1,86
2012/01/05 15,1,12
2012/01/05 16,2,31
2012/01/05 17,3,36
2012/01/05 18,3,62
2012/01/05 19,3,59
2012/01/05 20,3,71
2012/01/05 21,2,38
2012/01/05 22,3,50
2012/01/05 23,4,60
2012/01/06 00,5,137
2012/01/06 01,7,275
2012/01/06 02,10,190
2012/01/06 03,9,181
2012/01/06 04,11,363
2012/01/06 05,10,283
2012/01/06 06,8,266
2012/01/06 07,7,138
2012/01/06 08,6,374
2012/01/06 09,4,129
2012/01/06 10,3,118
2012/01/06 11,3,104
2012/01/06 12,2,90
2012/01/06 13,3,84
2012/01/06 14,2,83
2012/01/06 15,2,49
2012/01/06 16,2,16
2012/01/06 17,2,37
2012/01/06 18,3,65
2012/01/06 19,5,126
2012/01/06 20,5,133
2012/01/06 21,5,121
2012/01/06 22,4,137
2012/01/06 23,6,152
2012/01/07 00,4,148
2012/01/07 01,10,309
2012/01/07 02,10,201
2012/01/07 03,12,245
2012/01/07 04,10,169
2012/01/07 05,11,177
2012/01/07 06,10,168
2012/01/07 07,8,172
2012/01/07 08,9,163
2012/01/07 09,8,191
2012/01/07 10,8,200
2012/01/07 11,7,315
2012/01/07 12,3,210
2012/01/07 13,2,236
2012/01/07 14,2,267
2012/01/07 15,3,54
2012/01/07 16,2,132
2012/01/07 17,3,212
2012/01/07 18,4,257
2012/01/07 19,5,293
2012/01/07 20,7,353
2012/01/07 21,7,340
2012/01/07 22,6,84
2012/01/07 23,8,140
2012/01/08 00,8,133
2012/01/08 01,8,162
2012/01/08 02,10,206
2012/01/08 03,9,174
2012/01/08 04,10,159
2012/01/08 05,9,289
2012/01/08 06,10,193
2012/01/08 07,11,196
2012/01/08 08,12,181
2012/01/08 09,11,172
2012/01/08 10,11,180
2012/01/08 11,7,123
2012/01/08 12,4,114
2012/01/08 13,2,72
2012/01/08 14,2,66
2012/01/08 15,2,54
2012/01/08 16,4,52
2012/01/08 17,4,68
2012/01/08 18,3,231
2012/01/08 19,4,313
2012/01/08 20,5,319
2012/01/08 21,6,463
2012/01/08 22,6,163
2012/01/08 23,5,172
2012/01/09 00,7,205
2012/01/09 01,10,298
2012/01/09 02,8,257
2012/01/09 03,10,300
2012/01/09 04,9,177
2012/01/09 05,11,215
2012/01/09 06,9,172
2012/01/09 07,8,176
2012/01/09 08,5,49
2012/01/09 09,8,76
2012/01/09 10,5,67
2012/01/09 11,5,47
2012/01/09 12,4,71
2012/01/09 13,2,43
2012/01/09 14,2,52
2012/01/09 15,1,43
