2011/10/04 21,1,5
2011/10/04 22,1,3
2011/10/07 22,1,3
2011/10/08 19,1,2
2011/10/08 20,1,2
2011/10/08 21,1,2
2011/10/10 13,1,1
2011/10/11 02,1,2
2011/10/11 07,1,3
2011/10/11 08,1,6
2011/10/12 03,1,2
2011/10/12 04,1,4
2011/10/16 01,1,4
2011/10/16 02,1,5
2011/10/16 03,1,5
2011/10/16 04,1,5
2011/10/16 18,1,1
2011/10/16 19,1,3
2011/10/17 00,1,30
2011/10/17 01,1,10
2011/10/18 09,1,3
2011/10/19 07,1,1
2011/10/19 08,1,3
2011/10/21 13,1,2
2011/10/21 14,1,3
2011/11/27 03,1,1
2011/11/29 12,1,0
2011/12/01 17,1,1
2011/12/01 18,1,0
2011/12/02 00,1,1
2011/12/06 09,1,2
2011/12/10 10,1,1
2011/12/10 11,1,1
