2011/09/30 22,2,29
2011/09/30 23,2,36
2011/10/01 02,2,8
2011/10/01 03,2,14
2011/10/01 04,2,21
2011/10/01 05,2,25
2011/10/01 06,1,8
2011/10/01 07,1,17
2011/10/01 08,1,14
2011/10/01 11,1,1
2011/10/01 12,1,14
2011/10/01 13,3,92
2011/10/01 14,2,106
2011/10/01 15,2,97
2011/10/01 16,2,113
2011/10/01 19,1,48
2011/10/01 20,1,55
2011/10/01 21,2,71
2011/10/01 22,1,39
2011/10/01 23,2,74
2011/10/02 00,2,66
2011/10/02 01,1,55
2011/10/02 02,3,50
2011/10/02 03,3,5
2011/10/02 04,1,6
2011/10/02 05,1,49
2011/10/02 08,1,4
2011/10/02 09,1,15
2011/10/02 10,1,13
2011/10/02 17,1,1
2011/10/02 23,1,10
2011/10/03 00,1,4
2011/10/03 01,1,14
2011/10/03 15,1,3
2011/10/03 16,1,29
2011/10/03 17,1,21
2011/10/03 20,1,11
2011/10/03 21,2,53
2011/10/03 22,2,57
2011/10/03 23,1,7
2011/10/04 00,1,4
2011/10/04 01,2,11
2011/10/04 02,2,7
2011/10/04 03,2,9
2011/10/04 23,1,22
2011/10/05 00,1,7
2011/10/05 03,1,8
2011/10/05 04,1,5
2011/10/05 05,1,2
2011/10/05 06,1,1
2011/10/05 07,1,1
2011/10/05 17,1,3
2011/10/05 18,1,3
2011/10/05 21,1,9
2011/10/05 22,1,5
2011/10/05 23,1,0
2011/10/06 14,1,8
2011/10/06 15,1,9
2011/10/06 16,1,4
2011/10/06 17,1,3
2011/10/06 18,1,7
2011/10/06 19,1,6
2011/10/06 20,1,12
2011/10/06 21,1,30
2011/10/06 22,1,31
2011/10/06 23,1,18
2011/10/07 00,1,4
2011/10/07 01,1,4
2011/10/07 02,1,2
2011/10/07 03,1,1
2011/10/07 06,1,1
2011/10/07 07,1,1
2011/10/07 08,1,1
2011/10/07 11,1,1
2011/10/07 12,1,0
2011/10/07 13,1,9
2011/10/07 14,1,10
2011/10/07 15,2,14
2011/10/07 16,2,10
2011/10/08 01,1,1
2011/10/08 02,1,19
2011/10/08 03,1,14
2011/10/08 11,1,2
2011/10/08 12,1,1
2011/10/08 15,2,537
2011/10/08 16,3,440
2011/10/08 17,2,344
2011/10/08 18,1,22
2011/10/09 00,2,7
2011/10/09 01,2,13
2011/10/09 02,1,2
2011/10/09 03,1,1
2011/10/09 04,2,7
2011/10/09 05,1,25
2011/10/09 06,1,16
2011/10/09 08,1,44
2011/10/09 09,1,102
2011/10/09 10,1,115
2011/10/09 11,2,111
2011/10/09 12,1,117
2011/10/09 13,1,135
2011/10/09 14,1,150
2011/10/09 18,1,1
2011/10/09 19,1,1
2011/10/09 23,1,10
2011/10/10 00,1,6
2011/10/10 12,1,11
2011/10/10 13,1,29
2011/10/10 14,1,28
2011/10/10 16,2,27
2011/10/10 17,1,3
2011/10/10 21,1,4
2011/10/10 22,2,12
2011/10/10 23,2,14
2011/10/11 00,1,6
2011/10/11 05,1,3
2011/10/11 06,1,4
2011/10/11 07,1,4
2011/10/11 16,1,1
2011/10/11 17,1,2
2011/10/11 18,1,2
2011/10/11 19,1,2
2011/10/11 20,2,94
2011/10/11 21,1,0
2011/10/11 22,1,0
2011/10/11 23,1,0
2011/10/12 00,1,0
2011/10/12 01,1,0
2011/10/12 02,1,0
2011/10/12 03,2,3
2011/10/12 04,1,4
2011/10/13 04,1,1
2011/10/13 05,1,2
2011/10/13 06,1,3
2011/10/13 07,1,8
2011/10/13 08,1,12
2011/10/13 09,1,13
2011/10/13 13,1,125
2011/10/13 14,1,165
2011/10/13 15,1,152
2011/10/13 16,1,142
2011/10/13 17,1,55
2011/10/13 22,1,1
2011/10/14 05,2,5
2011/10/14 06,2,8
2011/10/14 07,1,12
2011/10/14 08,1,13
2011/10/14 09,1,13
2011/10/14 10,1,21
2011/10/14 11,2,32
2011/10/14 12,1,9
2011/10/14 13,1,46
2011/10/14 14,1,87
2011/10/14 15,2,93
2011/10/14 16,2,84
2011/10/14 17,2,91
2011/10/14 18,2,86
2011/10/14 19,1,0
2011/10/14 23,1,3
2011/10/15 00,1,2
2011/10/15 13,2,9
2011/10/15 14,1,7
2011/10/15 15,2,16
2011/10/15 16,2,24
2011/10/15 17,2,18
2011/10/15 18,1,5
2011/10/15 19,1,5
2011/10/15 20,1,5
2011/10/16 04,1,3
2011/10/16 05,1,5
2011/10/16 06,1,5
2011/10/16 20,1,6
2011/10/16 21,1,5
2011/10/17 01,1,0
2011/10/17 03,1,1
2011/10/17 17,2,5
2011/10/17 18,2,6
2011/10/18 07,1,14
2011/10/18 09,1,3
2011/10/19 08,1,2
2011/10/19 09,1,0
2011/10/19 10,1,0
2011/10/19 12,1,1
2011/10/19 17,1,6
2011/10/19 18,1,11
2011/10/19 19,1,11
2011/10/19 20,1,5
2011/10/19 21,1,8
2011/10/19 22,1,10
2011/10/20 02,1,4
2011/10/20 03,1,4
2011/10/20 10,1,0
2011/10/20 12,1,1
2011/10/20 15,1,2
2011/10/20 16,1,1
2011/10/20 17,2,2
2011/10/20 18,2,4
2011/10/20 19,1,2
2011/10/20 20,1,2
2011/10/20 21,1,2
2011/10/20 22,1,2
2011/10/20 23,2,2
2011/10/21 00,2,2
2011/10/21 01,2,8
2011/10/21 02,1,6
2011/10/21 03,1,9
2011/10/21 04,2,12
2011/10/21 05,1,12
2011/10/21 06,1,11
2011/10/21 07,1,13
2011/10/21 08,1,16
2011/10/21 09,1,19
2011/10/21 13,1,1
2011/10/21 16,1,43
2011/10/21 17,2,1310
2011/10/21 18,1,5344
2011/10/21 19,1,5369
2011/10/22 07,1,6
2011/10/22 08,1,5
2011/10/22 09,1,6
2011/10/22 10,1,10
2011/10/22 11,1,20
2011/10/22 12,1,22
2011/10/22 13,1,21
2011/10/22 14,1,22
2011/10/22 15,1,12
2011/10/22 23,2,2
2011/10/23 00,2,24
2011/10/23 01,2,41
2011/10/23 02,2,39
2011/10/23 03,2,21
2011/10/23 04,1,2
2011/10/23 15,1,2
2011/10/23 23,1,0
2011/10/25 03,1,15
2011/10/25 04,1,19
2011/10/26 03,1,1
2011/10/26 04,1,4
2011/10/26 05,1,1
2011/10/26 23,1,42
2011/10/27 05,1,2
2011/10/28 05,1,8
2011/10/28 06,1,11
2011/10/28 07,2,13
2011/10/28 08,2,16
2011/10/28 09,2,4
2011/10/28 10,1,6
2011/10/28 11,1,6
2011/10/28 12,1,6
2011/10/29 03,1,1
2011/10/29 04,1,1
2011/10/29 06,1,4
2011/10/29 07,1,8
2011/10/29 08,1,7
2011/10/29 09,1,4
2011/10/30 04,1,0
2011/10/30 05,1,2
2011/10/30 08,1,5
2011/10/30 09,1,8
2011/10/30 10,1,4
2011/10/30 11,1,6
2011/10/30 12,1,6
2011/10/31 02,1,2
2011/11/01 05,1,4
2011/11/01 06,1,3
2011/11/03 17,1,8
2011/11/03 18,2,12
2011/11/04 03,1,6
2011/11/04 06,1,7
2011/11/04 07,3,25
2011/11/04 08,4,71
2011/11/04 09,5,98
2011/11/04 10,7,241
2011/11/04 11,4,125
2011/11/04 12,6,122
2011/11/04 13,6,120
2011/11/04 14,5,140
2011/11/04 15,4,91
2011/11/04 16,3,75
2011/11/04 17,2,32
2011/11/04 18,2,26
2011/11/04 19,3,60
2011/11/04 20,4,81
2011/11/04 21,4,77
2011/11/04 22,5,110
2011/11/04 23,4,64
2011/11/05 00,3,68
2011/11/05 01,2,52
2011/11/05 02,4,62
2011/11/05 03,5,91
2011/11/05 04,4,121
2011/11/05 05,4,127
2011/11/05 06,3,105
2011/11/05 07,5,127
2011/11/05 08,5,138
2011/11/05 09,2,113
2011/11/05 10,3,34
2011/11/05 11,2,23
2011/11/05 12,2,36
2011/11/05 13,1,26
2011/11/05 14,1,2
2011/11/05 15,1,1
2011/11/05 16,1,1
2011/11/05 18,1,4
2011/11/05 19,3,20
2011/11/05 20,5,20
2011/11/05 21,4,40
2011/11/05 22,4,40
2011/11/05 23,3,48
2011/11/06 00,4,58
2011/11/06 01,3,76
2011/11/06 02,1,27
2011/11/06 03,1,29
2011/11/06 04,1,26
2011/11/06 05,2,3
2011/11/06 06,2,6
2011/11/06 07,1,4
2011/11/06 13,1,33
2011/11/06 14,2,35
2011/11/06 15,2,20
2011/11/06 16,2,39
2011/11/06 17,1,11
2011/11/06 18,3,24
2011/11/06 19,3,30
2011/11/06 20,2,21
2011/11/06 21,3,155
2011/11/06 22,3,21
2011/11/06 23,2,32
2011/11/07 00,2,38
2011/11/07 01,2,38
2011/11/07 02,3,64
2011/11/07 03,3,45
2011/11/07 04,2,37
2011/11/07 05,1,19
2011/11/07 07,2,11
2011/11/07 08,2,14
2011/11/07 12,1,6
2011/11/07 13,1,26
2011/11/07 14,1,23
2011/11/07 15,1,29
2011/11/07 16,1,24
2011/11/07 18,1,13
2011/11/07 19,1,23
2011/11/07 21,1,1
2011/11/07 22,1,6
2011/11/08 02,1,0
2011/11/08 03,2,13
2011/11/08 04,2,9
2011/11/08 05,2,20
2011/11/08 06,1,17
2011/11/08 07,2,23
2011/11/08 11,1,10
2011/11/08 12,2,37
2011/11/08 13,1,41
2011/11/08 14,1,49
2011/11/08 15,1,3
2011/11/08 16,1,5
2011/11/08 17,1,4
2011/11/08 18,3,16
2011/11/08 19,2,9
2011/11/08 20,1,27
2011/11/08 21,1,42
2011/11/08 22,2,50
2011/11/08 23,3,36
2011/11/09 00,3,20
2011/11/09 01,3,34
2011/11/09 02,2,54
2011/11/09 03,3,29
2011/11/09 04,3,23
2011/11/09 05,2,20
2011/11/09 06,2,19
2011/11/09 07,2,20
2011/11/09 08,1,10
2011/11/09 11,1,11
2011/11/09 12,1,21
2011/11/09 13,1,16
2011/11/09 15,1,54
2011/11/09 16,1,99
2011/11/09 17,1,129
2011/11/09 18,1,126
2011/11/09 19,1,5
2011/11/09 20,2,7
2011/11/09 21,2,15
2011/11/09 22,3,68
2011/11/09 23,1,67
2011/11/10 00,1,62
2011/11/10 01,1,10
2011/11/10 02,2,11
2011/11/10 03,1,3
2011/11/10 04,1,1
2011/11/10 06,1,1
2011/11/10 07,3,14
2011/11/10 08,1,7
2011/11/10 09,2,5
2011/11/10 10,1,0
2011/11/10 14,1,75
2011/11/10 15,1,54
2011/11/11 08,1,87
2011/11/11 09,2,121
2011/11/11 12,1,3
2011/11/11 13,1,5
2011/11/11 14,1,2
2011/11/11 17,2,2
2011/11/11 18,2,5
2011/11/11 19,1,11
2011/11/11 20,2,34
2011/11/11 21,2,34
2011/11/11 22,1,2
2011/11/12 03,1,0
2011/11/12 04,1,0
2011/11/12 07,1,513
2011/11/12 08,1,954
2011/11/12 09,1,1543
2011/11/12 10,1,2015
2011/11/12 11,1,2217
2011/11/12 12,1,4
2011/11/12 13,1,4
2011/11/12 20,1,38
2011/11/12 21,1,45
2011/11/12 22,1,38
2011/11/13 02,2,1
2011/11/13 03,1,2
2011/11/13 17,1,2
2011/11/13 18,1,3
2011/11/13 19,1,0
2011/11/13 20,3,37
2011/11/13 21,3,27
2011/11/13 22,3,7
2011/11/13 23,1,3
2011/11/14 00,1,4
2011/11/14 01,1,4
2011/11/14 02,1,5
2011/11/14 03,1,5
2011/11/14 04,1,3
2011/11/14 05,1,3
2011/11/14 14,1,19
2011/11/14 15,1,43
2011/11/14 16,2,73
2011/11/14 17,1,69
2011/11/14 20,1,45
2011/11/14 21,2,48
2011/11/14 22,2,15
2011/11/14 23,5,16
2011/11/15 00,6,28
2011/11/15 01,13,56
2011/11/15 02,14,62
2011/11/15 03,14,56
2011/11/15 04,11,49
2011/11/15 05,5,26
2011/11/15 06,4,23
2011/11/15 07,6,25
2011/11/15 08,7,41
2011/11/15 09,5,36
2011/11/15 10,4,36
2011/11/15 11,5,40
2011/11/15 13,1,4
2011/11/15 15,1,1
2011/11/15 16,2,7
2011/11/15 17,1,10
2011/11/15 18,1,9
2011/11/15 19,4,23
2011/11/15 20,4,43
2011/11/15 21,9,45
2011/11/15 22,9,45
2011/11/15 23,9,59
2011/11/16 00,13,71
2011/11/16 01,13,83
2011/11/16 02,9,58
2011/11/16 03,10,81
2011/11/16 04,4,29
2011/11/16 05,6,34
2011/11/16 06,4,29
2011/11/16 07,5,24
2011/11/16 08,4,28
2011/11/16 09,3,18
2011/11/16 10,2,13
2011/11/16 11,2,8
2011/11/16 12,1,7
2011/11/16 13,1,3
2011/11/16 15,1,9
2011/11/16 16,1,13
2011/11/16 17,2,5
2011/11/16 19,1,6
2011/11/16 20,3,83
2011/11/16 21,4,57
2011/11/16 22,3,51
2011/11/16 23,2,9
2011/11/17 00,2,4
2011/11/17 01,5,18
2011/11/17 02,4,26
2011/11/17 03,3,25
2011/11/17 04,6,21
2011/11/17 05,8,31
2011/11/17 06,5,19
2011/11/17 07,4,10
2011/11/17 08,3,9
2011/11/17 09,2,6
2011/11/17 12,1,7
2011/11/17 13,1,6
2011/11/17 14,1,1
2011/11/17 15,2,8
2011/11/17 16,2,8
2011/11/17 17,1,6
2011/11/17 18,1,10
2011/11/17 19,3,14
2011/11/17 20,3,18
2011/11/17 21,4,24
2011/11/17 22,2,6
2011/11/18 03,1,2
2011/11/18 04,1,4
2011/11/18 06,1,2
2011/11/18 07,1,4
2011/11/18 08,1,2
2011/11/18 14,1,2
2011/11/18 17,1,29
2011/11/18 18,1,64
2011/11/18 19,3,103
2011/11/18 20,4,156
2011/11/18 21,8,232
2011/11/18 22,6,210
2011/11/18 23,7,79
2011/11/19 00,7,79
2011/11/19 01,10,78
2011/11/19 02,10,120
2011/11/19 03,7,88
2011/11/19 04,6,75
2011/11/19 05,3,50
2011/11/19 06,7,46
2011/11/19 07,6,84
2011/11/19 08,4,56
2011/11/19 09,4,44
2011/11/19 10,4,20
2011/11/19 11,4,30
2011/11/19 12,3,16
2011/11/19 13,3,7
2011/11/19 14,3,15
2011/11/19 15,2,14
2011/11/19 16,3,20
2011/11/19 17,6,85
2011/11/19 18,6,102
2011/11/19 19,7,178
2011/11/19 20,10,187
2011/11/19 21,8,182
2011/11/19 22,6,154
2011/11/19 23,3,48
2011/11/20 00,3,17
2011/11/20 01,4,10
2011/11/20 02,4,58
2011/11/20 03,4,51
2011/11/20 04,5,60
2011/11/20 05,5,59
2011/11/20 06,5,14
2011/11/20 07,3,7
2011/11/20 08,4,74
2011/11/20 09,4,40
2011/11/20 10,1,31
2011/11/20 11,1,2
2011/11/20 12,1,4
2011/11/20 13,2,10
2011/11/20 14,3,22
2011/11/20 15,4,27
2011/11/20 16,3,20
2011/11/20 17,4,24
2011/11/20 18,4,26
2011/11/20 19,6,61
2011/11/20 20,8,94
2011/11/20 21,3,22
2011/11/20 22,2,21
2011/11/20 23,1,24
2011/11/21 00,2,29
2011/11/21 01,2,16
2011/11/21 02,2,25
2011/11/21 03,3,30
2011/11/21 04,3,13
2011/11/21 05,3,9
2011/11/21 06,2,13
2011/11/21 07,1,5
2011/11/21 08,1,6
2011/11/21 09,1,8
2011/11/21 10,1,9
2011/11/21 11,1,7
2011/11/21 12,2,7
2011/11/21 13,1,4
2011/11/21 16,1,9
2011/11/21 17,2,23
2011/11/21 18,4,33
2011/11/21 19,5,29
2011/11/21 20,5,60
2011/11/21 21,6,98
2011/11/21 22,9,63
2011/11/21 23,7,36
2011/11/22 00,8,36
2011/11/22 01,4,28
2011/11/22 02,3,17
2011/11/22 03,6,15
2011/11/22 04,6,14
2011/11/22 05,9,37
2011/11/22 06,14,85
2011/11/22 07,10,63
2011/11/22 08,10,117
2011/11/22 09,9,167
2011/11/22 10,6,93
2011/11/22 11,5,65
2011/11/22 12,4,17
2011/11/22 13,2,15
2011/11/22 14,2,23
2011/11/22 15,4,22
2011/11/22 16,5,23
2011/11/22 17,5,26
2011/11/22 18,6,36
2011/11/22 19,4,16
2011/11/22 20,6,42
2011/11/22 21,8,67
2011/11/22 22,9,374
2011/11/22 23,5,277
2011/11/23 00,2,13
2011/11/23 01,8,24
2011/11/23 02,11,43
2011/11/23 03,9,46
2011/11/23 04,7,36
2011/11/23 05,8,37
2011/11/23 06,6,35
2011/11/23 07,8,38
2011/11/23 08,4,33
2011/11/23 09,3,36
2011/11/23 10,3,34
2011/11/23 11,1,2
2011/11/23 12,1,2
2011/11/23 13,1,6
2011/11/23 16,2,85
2011/11/23 17,2,219
2011/11/23 18,2,217
2011/11/23 19,3,5
2011/11/23 20,8,48
2011/11/23 21,9,83
2011/11/23 22,12,142
2011/11/23 23,6,34
2011/11/24 00,6,33
2011/11/24 01,4,17
2011/11/24 02,3,6
2011/11/24 03,3,6
2011/11/24 04,3,6
2011/11/24 05,5,8
2011/11/24 06,4,9
2011/11/24 07,4,15
2011/11/24 08,5,33
2011/11/24 09,4,34
2011/11/24 10,3,20
2011/11/24 11,2,10
2011/11/24 15,1,0
2011/11/24 17,1,2
2011/11/24 18,3,11
2011/11/24 19,2,10
2011/11/24 20,3,8
2011/11/24 21,1,1
2011/11/24 22,3,5
2011/11/24 23,3,2
2011/11/25 01,1,4
2011/11/25 02,1,6
2011/11/25 03,1,1
2011/11/25 04,3,13
2011/11/25 05,3,17
2011/11/25 06,3,17
2011/11/25 07,4,8
2011/11/25 08,4,9
2011/11/25 09,3,1
2011/11/25 10,3,6
2011/11/25 11,2,14
2011/11/25 12,1,11
2011/11/25 14,1,3
2011/11/25 15,2,4
2011/11/25 16,1,8
2011/11/25 17,1,13
2011/11/25 18,1,2
2011/11/25 19,2,11
2011/11/25 20,2,31
2011/11/25 21,2,26
2011/11/25 22,3,35
2011/11/25 23,2,17
2011/11/26 00,1,13
2011/11/26 01,1,0
2011/11/26 02,2,3
2011/11/26 03,2,8
2011/11/26 04,3,16
2011/11/26 05,1,8
2011/11/26 06,1,5
2011/11/26 07,2,13
2011/11/26 08,4,21
2011/11/26 09,5,29
2011/11/26 10,2,15
2011/11/26 11,2,15
2011/11/26 12,1,7
2011/11/26 18,1,0
2011/11/26 20,3,19
2011/11/26 21,3,38
2011/11/26 22,4,41
2011/11/26 23,3,14
2011/11/27 00,5,23
2011/11/27 01,6,24
2011/11/27 02,7,29
2011/11/27 03,6,31
2011/11/27 04,6,27
2011/11/27 05,6,46
2011/11/27 06,5,34
2011/11/27 07,3,28
2011/11/27 08,4,33
2011/11/27 09,3,37
2011/11/27 10,2,24
2011/11/27 12,1,4
2011/11/27 13,2,13
2011/11/27 15,3,4
2011/11/27 16,2,4
2011/11/27 17,1,5
2011/11/27 18,2,14
2011/11/27 19,2,77
2011/11/27 20,2,16
2011/11/27 21,3,25
2011/11/27 22,2,13
2011/11/27 23,2,11
2011/11/28 00,2,9
2011/11/28 01,2,7
2011/11/28 02,4,511
2011/11/28 03,4,425
2011/11/28 04,1,393
2011/11/28 06,3,19
2011/11/28 07,2,16
2011/11/28 08,2,26
2011/11/28 09,2,32
2011/11/28 10,2,40
2011/11/28 11,2,47
2011/11/28 12,3,156
2011/11/28 13,1,8
2011/11/28 15,1,3
2011/11/28 20,2,34
2011/11/28 21,1,56
2011/11/28 22,3,59
2011/11/28 23,3,11
2011/11/29 00,3,11
2011/11/29 01,5,18
2011/11/29 02,3,4
2011/11/29 03,3,228
2011/11/29 04,5,416
2011/11/29 05,4,475
2011/11/29 06,3,369
2011/11/29 07,1,62
2011/11/29 11,1,3
2011/11/29 12,2,7
2011/11/29 13,2,9
2011/11/29 14,1,5
2011/11/29 15,1,5
2011/11/29 16,1,4
2011/11/29 19,1,8
2011/11/29 20,1,14
2011/11/29 21,1,2
2011/11/30 01,3,11
2011/11/30 02,4,21
2011/11/30 03,3,26
2011/11/30 04,5,60
2011/11/30 05,3,42
2011/11/30 06,4,50
2011/11/30 07,4,47
2011/11/30 08,1,1
2011/11/30 09,1,0
2011/11/30 11,1,1
2011/11/30 12,2,7
2011/11/30 13,3,11
2011/11/30 14,1,8
2011/11/30 15,1,17
2011/11/30 16,2,19
2011/11/30 17,3,28
2011/11/30 18,3,15
2011/11/30 19,2,16
2011/11/30 20,4,43
2011/11/30 21,3,87
2011/11/30 22,3,85
2011/11/30 23,5,51
2011/12/01 00,4,53
2011/12/01 01,3,47
2011/12/01 02,2,16
2011/12/01 03,3,19
2011/12/01 04,2,12
2011/12/01 05,2,8
2011/12/01 06,4,38
2011/12/01 07,4,181
2011/12/01 08,5,226
2011/12/01 09,2,146
2011/12/01 10,2,145
2011/12/01 11,1,3
2011/12/01 12,1,2
2011/12/01 13,1,2
2011/12/01 14,1,24
2011/12/01 15,2,38
2011/12/01 16,2,82
2011/12/01 17,3,81
2011/12/01 18,2,48
2011/12/01 19,4,1469
2011/12/01 20,4,74
2011/12/01 21,4,99
2011/12/01 22,5,61
2011/12/01 23,1,5
2011/12/02 00,1,0
2011/12/02 01,2,0
2011/12/02 04,1,8
2011/12/02 05,2,15
2011/12/02 06,3,8
2011/12/02 07,5,17
2011/12/02 08,4,37
2011/12/02 09,3,29
2011/12/02 10,2,42
2011/12/02 11,2,45
2011/12/02 13,1,1
2011/12/02 18,1,2
2011/12/02 19,1,1
2011/12/02 20,2,12
2011/12/02 21,3,43
2011/12/02 22,2,55
2011/12/03 00,1,0
2011/12/03 01,3,3
2011/12/03 02,5,25
2011/12/03 03,4,16
2011/12/03 04,3,21
2011/12/03 05,5,24
2011/12/03 06,4,474
2011/12/03 07,3,20
2011/12/03 08,1,11
2011/12/03 13,1,2
2011/12/03 15,1,12
2011/12/03 17,1,4
2011/12/03 18,1,6
2011/12/03 19,1,23
2011/12/03 20,4,46
2011/12/03 21,4,35
2011/12/03 22,3,37
2011/12/03 23,4,24
2011/12/04 00,5,37
2011/12/04 01,4,30
2011/12/04 02,7,37
2011/12/04 03,8,36
2011/12/04 04,5,21
2011/12/04 05,4,23
2011/12/04 06,7,37
2011/12/04 07,4,36
2011/12/04 08,5,31
2011/12/04 09,4,20
2011/12/04 10,3,23
2011/12/04 11,2,13
2011/12/04 12,3,8
2011/12/04 13,2,16
2011/12/04 14,1,6
2011/12/04 15,1,3
2011/12/04 16,1,3
2011/12/04 17,1,7
2011/12/04 18,1,3
2011/12/04 19,2,10
2011/12/04 20,3,24
2011/12/04 21,3,24
2011/12/04 22,1,15
2011/12/05 00,2,9
2011/12/05 03,3,10
2011/12/05 04,1,10
2011/12/05 05,1,2
2011/12/05 11,1,2
2011/12/05 13,2,5
2011/12/05 14,2,8
2011/12/05 15,1,10
2011/12/05 16,1,9
2011/12/05 18,3,11
2011/12/05 19,2,17
2011/12/05 20,2,21
2011/12/05 21,3,67
2011/12/05 22,3,54
2011/12/05 23,1,11
2011/12/06 02,3,5
2011/12/06 03,2,10
2011/12/06 04,2,13
2011/12/06 05,1,2
2011/12/06 06,1,9
2011/12/06 07,2,7
2011/12/06 08,4,13
2011/12/06 09,2,7
2011/12/06 10,2,15
2011/12/06 11,2,14
2011/12/06 12,2,13
2011/12/06 13,1,4
2011/12/06 16,2,9
2011/12/06 17,2,14
2011/12/06 18,3,18
2011/12/06 19,3,28
2011/12/06 20,4,54
2011/12/06 21,4,61
2011/12/06 22,4,46
2011/12/06 23,5,20
2011/12/07 00,3,20
2011/12/07 01,4,26
2011/12/07 02,4,21
2011/12/07 03,6,27
2011/12/07 04,6,31
2011/12/07 05,3,29
2011/12/07 06,5,31
2011/12/07 07,4,26
2011/12/07 08,4,30
2011/12/07 09,4,32
2011/12/07 10,4,28
2011/12/07 11,1,5
2011/12/07 12,3,14
2011/12/07 13,3,17
2011/12/07 14,2,9
2011/12/07 17,3,10
2011/12/07 18,5,20
2011/12/07 19,2,17
2011/12/07 20,2,16
2011/12/07 21,4,25
2011/12/07 22,6,48
2011/12/07 23,16,64
2011/12/08 00,23,107
2011/12/08 01,25,93
2011/12/08 02,18,69
2011/12/08 03,23,92
2011/12/08 04,25,91
2011/12/08 05,24,85
2011/12/08 06,23,85
2011/12/08 07,20,84
2011/12/08 08,20,127
2011/12/08 09,13,514
2011/12/08 10,11,30
2011/12/08 11,9,33
2011/12/08 12,8,35
2011/12/08 13,7,31
2011/12/08 14,6,18
2011/12/08 15,8,25
2011/12/08 16,7,737
2011/12/08 17,10,365
2011/12/08 18,8,314
2011/12/08 19,11,56
2011/12/08 20,8,46
2011/12/08 21,7,47
2011/12/08 22,15,79
2011/12/08 23,17,279
2011/12/09 00,14,43
2011/12/09 01,18,51
2011/12/09 02,17,48
2011/12/09 03,14,42
2011/12/09 04,25,61
2011/12/09 05,21,42
2011/12/09 06,13,29
2011/12/09 07,8,116
2011/12/09 08,20,57
2011/12/09 09,24,73
2011/12/09 10,14,56
2011/12/09 11,12,49
2011/12/09 12,9,41
2011/12/09 13,6,22
2011/12/09 14,2,8
2011/12/09 15,2,10
2011/12/09 16,1,11
2011/12/09 17,1,7
2011/12/09 18,3,12
2011/12/09 19,4,26
2011/12/09 20,8,51
2011/12/09 21,8,44
2011/12/09 22,8,36
2011/12/09 23,7,28
2011/12/10 00,9,40
2011/12/10 01,7,363
2011/12/10 02,5,22
2011/12/10 03,3,15
2011/12/10 04,6,15
2011/12/10 05,4,12
2011/12/10 06,5,12
2011/12/10 07,1,6
2011/12/10 08,1,2
2011/12/10 09,1,2
2011/12/10 10,1,8
2011/12/10 12,1,2
2011/12/10 13,1,2
2011/12/10 14,1,1
2011/12/10 15,1,2
2011/12/10 16,1,2
2011/12/10 17,1,0
2011/12/10 18,2,1
2011/12/10 19,1,1
2011/12/10 20,3,2
2011/12/10 21,9,20
2011/12/10 22,4,5
2011/12/10 23,9,18
2011/12/11 00,11,39
2011/12/11 01,12,37
2011/12/11 02,15,37
2011/12/11 03,16,67
2011/12/11 04,15,80
2011/12/11 05,10,60
2011/12/11 06,11,53
2011/12/11 07,14,43
2011/12/11 08,14,72
2011/12/11 09,8,41
2011/12/11 10,9,55
2011/12/11 11,12,73
2011/12/11 12,9,97
2011/12/11 13,7,35
2011/12/11 14,9,58
2011/12/11 15,4,135
2011/12/11 16,6,75
2011/12/11 17,8,65
2011/12/11 18,12,56
2011/12/11 19,8,32
2011/12/11 20,9,42
2011/12/11 21,11,43
2011/12/11 22,12,62
2011/12/11 23,12,46
2011/12/12 00,11,56
2011/12/12 01,16,60
2011/12/12 02,16,59
2011/12/12 03,15,60
2011/12/12 04,10,59
2011/12/12 05,7,66
2011/12/12 06,8,62
2011/12/12 07,13,68
2011/12/12 08,16,89
2011/12/12 09,10,93
2011/12/12 10,10,100
2011/12/12 11,7,80
2011/12/12 12,5,23
2011/12/12 13,4,24
2011/12/12 14,3,24
2011/12/12 15,3,16
2011/12/12 16,4,18
2011/12/12 17,3,28
2011/12/12 18,4,25
2011/12/12 19,5,19
2011/12/12 20,3,21
2011/12/12 21,5,34
2011/12/12 22,4,42
2011/12/12 23,3,15
2011/12/13 00,5,15
2011/12/13 01,6,27
2011/12/13 02,10,33
2011/12/13 03,10,44
2011/12/13 04,8,55
2011/12/13 05,6,53
2011/12/13 06,12,73
2011/12/13 07,9,44
2011/12/13 08,8,56
2011/12/13 09,4,13
2011/12/13 10,2,9
2011/12/13 11,2,3
2011/12/13 12,2,7
2011/12/13 13,2,8
2011/12/13 14,2,13
2011/12/13 15,3,12
2011/12/13 16,5,17
2011/12/13 17,5,25
2011/12/13 18,5,29
2011/12/13 19,4,30
2011/12/13 20,4,15
2011/12/13 21,4,17
2011/12/13 22,2,8
2011/12/13 23,4,9
2011/12/14 00,6,16
2011/12/14 01,6,28
2011/12/14 02,6,35
2011/12/14 03,6,148
2011/12/14 04,5,160
2011/12/14 05,8,141
2011/12/14 06,7,40
2011/12/14 07,7,50
2011/12/14 08,7,37
2011/12/14 09,5,26
2011/12/14 10,3,15
2011/12/14 11,5,13
2011/12/14 12,2,8
2011/12/14 13,4,53
2011/12/14 14,5,52
2011/12/14 15,4,62
2011/12/14 16,4,12
2011/12/14 17,2,23
2011/12/14 18,2,5
2011/12/14 19,1,3
2011/12/14 21,2,3
2011/12/14 22,3,223
2011/12/14 23,5,257
2011/12/15 00,5,253
2011/12/15 01,1,12
2011/12/15 02,6,34
2011/12/15 03,10,47
2011/12/15 04,12,42
2011/12/15 05,8,37
2011/12/15 06,5,24
2011/12/15 07,5,19
2011/12/15 08,4,15
2011/12/15 09,2,19
2011/12/15 10,3,15
2011/12/15 11,4,22
2011/12/15 12,3,19
2011/12/15 13,2,10
2011/12/15 14,1,2
2011/12/15 15,1,0
2011/12/15 16,2,8
2011/12/15 17,2,12
2011/12/15 18,4,29
2011/12/15 19,2,5
2011/12/15 20,4,13
2011/12/15 21,4,25
2011/12/15 22,3,18
2011/12/15 23,3,18
2011/12/16 00,2,6
2011/12/16 01,6,7
2011/12/16 02,4,5
2011/12/16 03,3,7
2011/12/16 04,4,7
2011/12/16 05,4,11
2011/12/16 06,5,13
2011/12/16 07,3,16
2011/12/16 08,2,17
2011/12/16 09,1,6
2011/12/16 11,1,0
2011/12/16 12,1,0
2011/12/16 13,1,0
2011/12/16 20,2,3
2011/12/16 21,1,3
2011/12/16 22,2,4
2011/12/16 23,2,5
2011/12/17 00,2,6
2011/12/17 01,3,5
2011/12/17 02,2,4
2011/12/17 03,5,9
2011/12/17 04,7,72
2011/12/17 05,9,128
2011/12/17 06,7,44
2011/12/17 07,5,12
2011/12/17 08,5,14
2011/12/17 09,4,20
2011/12/17 10,4,18
2011/12/17 11,2,18
2011/12/17 12,1,13
2011/12/17 13,1,13
2011/12/17 14,4,16
2011/12/17 15,6,71
2011/12/17 16,6,99
2011/12/17 17,4,129
2011/12/17 18,5,128
2011/12/17 19,5,96
2011/12/17 20,5,45
2011/12/17 21,9,73
2011/12/17 22,8,67
2011/12/17 23,6,60
2011/12/18 00,3,24
2011/12/18 01,5,33
2011/12/18 02,4,22
2011/12/18 03,3,15
2011/12/18 04,3,16
2011/12/18 05,4,18
2011/12/18 06,3,23
2011/12/18 07,4,29
2011/12/18 08,4,24
2011/12/18 09,2,27
2011/12/18 10,4,23
2011/12/18 11,4,37
2011/12/18 12,4,42
2011/12/18 13,1,16
2011/12/18 14,1,19
2011/12/18 15,2,19
2011/12/18 16,2,23
2011/12/18 17,5,62
2011/12/18 18,7,119
2011/12/18 19,6,258
2011/12/18 20,5,245
2011/12/18 21,2,36
2011/12/18 22,3,26
2011/12/18 23,2,34
2011/12/19 00,4,40
2011/12/19 01,6,55
2011/12/19 02,9,53
2011/12/19 03,9,57
2011/12/19 04,8,60
2011/12/19 05,7,51
2011/12/19 06,5,23
2011/12/19 07,6,28
2011/12/19 08,7,37
2011/12/19 09,8,52
2011/12/19 10,5,22
2011/12/19 11,5,27
2011/12/19 12,5,25
2011/12/19 13,4,13
2011/12/19 14,4,20
2011/12/19 15,4,28
2011/12/19 16,4,27
2011/12/19 17,1,0
2011/12/19 18,2,1
2011/12/19 19,4,13
2011/12/19 20,7,33
2011/12/19 21,5,65
2011/12/19 22,2,26
2011/12/19 23,3,37
2011/12/20 00,3,45
2011/12/20 01,3,58
2011/12/20 02,3,23
2011/12/20 03,6,22
2011/12/20 04,7,37
2011/12/20 05,6,180
2011/12/20 06,5,41
2011/12/20 07,5,32
2011/12/20 08,4,39
2011/12/20 09,4,42
2011/12/20 10,3,20
2011/12/20 11,2,18
2011/12/20 12,2,19
2011/12/20 13,2,20
2011/12/20 14,1,4
2011/12/20 15,1,11
2011/12/20 16,2,12
2011/12/20 17,1,17
2011/12/20 18,2,19
2011/12/20 19,2,41
2011/12/20 20,2,36
2011/12/20 21,3,34
2011/12/20 22,4,41
2011/12/20 23,4,44
2011/12/21 00,2,32
2011/12/21 01,2,34
2011/12/21 02,3,42
2011/12/21 03,6,56
2011/12/21 04,7,76
2011/12/21 05,7,92
2011/12/21 06,6,80
2011/12/21 07,7,20
2011/12/21 08,4,21
2011/12/21 09,4,16
2011/12/21 10,2,17
2011/12/21 11,3,16
2011/12/21 12,3,20
2011/12/21 13,3,21
2011/12/21 14,2,9
2011/12/21 15,2,3
2011/12/21 16,3,11
2011/12/21 17,3,20
2011/12/21 18,2,22
2011/12/21 19,2,15
2011/12/21 20,3,17
2011/12/21 21,3,22
2011/12/21 22,3,22
2011/12/21 23,5,40
2011/12/22 00,5,46
2011/12/22 01,7,41
2011/12/22 02,4,153
2011/12/22 03,4,193
2011/12/22 04,3,144
2011/12/22 05,2,3
2011/12/22 06,3,9
2011/12/22 07,3,14
2011/12/22 08,2,4
2011/12/22 09,3,17
2011/12/22 10,4,10
2011/12/22 11,3,17
2011/12/22 12,3,18
2011/12/22 13,2,62
2011/12/22 14,3,89
2011/12/22 15,3,409
2011/12/22 16,3,1106
2011/12/22 17,6,1319
2011/12/22 18,7,1568
2011/12/22 19,7,922
2011/12/22 20,6,476
2011/12/22 21,4,525
2011/12/22 22,7,36
2011/12/22 23,6,20
2011/12/23 00,2,6
2011/12/23 02,1,1
2011/12/23 03,1,0
2011/12/23 05,3,78
2011/12/23 06,2,84
2011/12/23 07,3,93
2011/12/23 08,4,114
2011/12/23 09,2,7
2011/12/23 10,1,1
2011/12/23 11,1,0
2011/12/23 12,1,6
2011/12/23 13,1,5
2011/12/23 14,3,12
2011/12/23 15,3,21
2011/12/23 16,3,18
2011/12/23 17,2,24
2011/12/23 18,2,25
2011/12/23 19,1,23
2011/12/23 20,2,17
2011/12/23 21,5,29
2011/12/23 22,5,32
2011/12/23 23,5,12
2011/12/24 00,3,18
2011/12/24 01,4,14
2011/12/24 02,1,8
2011/12/24 03,2,4
2011/12/24 04,2,9
2011/12/24 05,2,4
2011/12/24 06,2,11
2011/12/24 07,5,20
2011/12/24 08,3,13
2011/12/24 09,1,7
2011/12/24 11,1,0
2011/12/24 13,1,1
2011/12/24 14,2,2
2011/12/24 15,2,9
2011/12/24 16,1,1
2011/12/24 17,3,11
2011/12/24 18,1,12
2011/12/24 19,1,6
2011/12/24 20,3,12
2011/12/24 21,1,15
2011/12/24 22,1,5
2011/12/24 23,4,24
2011/12/25 00,4,19
2011/12/25 01,2,9
2011/12/25 02,1,1
2011/12/25 03,2,5
2011/12/25 04,5,12
2011/12/25 05,3,73
2011/12/25 06,2,79
2011/12/25 07,1,80
2011/12/25 08,1,0
2011/12/25 09,2,45
2011/12/25 10,2,40
2011/12/25 11,2,3
2011/12/25 12,1,2
2011/12/25 13,2,4
2011/12/25 14,2,3
2011/12/25 15,1,0
2011/12/25 18,1,2
2011/12/25 19,2,2
2011/12/25 20,1,1
2011/12/25 21,2,5
2011/12/25 22,3,12
2011/12/25 23,2,17
2011/12/26 00,1,12
2011/12/26 01,1,6
2011/12/26 02,2,321
2011/12/26 03,2,447
2011/12/26 04,2,120
2011/12/26 05,3,20
2011/12/26 06,5,32
2011/12/26 07,3,17
2011/12/26 08,2,20
2011/12/26 09,2,9
2011/12/26 10,1,13
2011/12/26 11,1,15
2011/12/26 12,2,21
2011/12/26 13,1,18
2011/12/26 14,2,26
2011/12/26 15,2,22
2011/12/26 16,3,26
2011/12/26 17,2,22
2011/12/26 18,1,15
2011/12/26 19,2,27
2011/12/26 20,4,203
2011/12/26 21,5,68
2011/12/26 22,4,85
2011/12/26 23,1,48
2011/12/27 02,1,2
2011/12/27 03,1,1
2011/12/27 04,1,1
2011/12/27 06,2,1
2011/12/27 07,3,8
2011/12/27 08,2,12
2011/12/27 09,1,2
2011/12/27 10,3,14
2011/12/27 11,2,14
2011/12/27 12,1,10
2011/12/27 13,1,12
2011/12/27 14,1,11
2011/12/27 15,2,13
2011/12/27 16,2,22
2011/12/27 17,3,119
2011/12/27 18,1,29
2011/12/27 19,1,35
2011/12/27 20,2,38
2011/12/27 21,2,41
2011/12/27 22,1,34
2011/12/28 00,2,3
2011/12/28 01,2,8
2011/12/28 02,2,5
2011/12/28 03,2,1
2011/12/28 04,1,5
2011/12/28 07,2,4
2011/12/28 08,1,0
2011/12/28 09,3,11
2011/12/28 10,6,18
2011/12/28 11,5,17
2011/12/28 12,2,11
2011/12/28 13,3,7
2011/12/28 14,2,4
2011/12/28 15,3,19
2011/12/28 16,4,17
2011/12/28 17,3,22
2011/12/28 18,2,27
2011/12/28 19,3,28
2011/12/28 20,3,32
2011/12/28 21,1,16
2011/12/28 22,3,23
2011/12/28 23,3,27
2011/12/29 00,2,21
2011/12/29 01,4,24
2011/12/29 02,3,16
2011/12/29 03,2,17
2011/12/29 04,1,9
2011/12/29 06,2,3
2011/12/29 07,2,6
2011/12/29 08,3,11
2011/12/29 09,3,12
2011/12/29 10,3,15
2011/12/29 11,3,18
2011/12/29 12,2,10
2011/12/29 13,2,8
2011/12/29 14,3,9
2011/12/29 15,1,9
2011/12/29 16,2,15
2011/12/29 17,2,17
2011/12/29 18,3,245
2011/12/29 19,3,256
2011/12/29 20,2,219
2011/12/29 21,3,63
2011/12/29 22,2,11
2011/12/29 23,3,19
2011/12/30 00,1,18
2011/12/30 01,2,21
2011/12/30 02,2,17
2011/12/30 03,2,17
2011/12/30 04,3,15
2011/12/30 05,5,20
2011/12/30 06,4,13
2011/12/30 07,2,14
2011/12/30 08,1,13
2011/12/30 09,2,12
2011/12/30 10,3,21
2011/12/30 11,3,15
2011/12/30 12,3,12
2011/12/30 13,2,8
2011/12/30 14,1,8
2011/12/30 15,1,8
2011/12/30 16,2,30
2011/12/30 17,2,173
2011/12/30 18,2,218
2011/12/30 19,2,202
2011/12/30 20,1,184
2011/12/30 21,2,191
2011/12/30 22,6,192
2011/12/30 23,5,23
2011/12/31 00,5,25
2011/12/31 01,5,31
2011/12/31 02,4,25
2011/12/31 03,4,23
2011/12/31 04,2,24
2011/12/31 05,3,28
2011/12/31 06,4,22
2011/12/31 07,2,6
2011/12/31 08,3,14
2011/12/31 09,2,20
2011/12/31 10,2,20
2011/12/31 11,2,10
2011/12/31 12,1,12
2011/12/31 13,1,10
2011/12/31 14,1,15
2011/12/31 15,1,14
2011/12/31 16,2,39
2011/12/31 17,2,48
2011/12/31 18,3,41
2011/12/31 19,2,14
2011/12/31 20,3,14
2011/12/31 21,4,93
2011/12/31 22,3,16
2011/12/31 23,3,16
2012/01/01 00,3,21
2012/01/01 01,3,17
2012/01/01 02,2,15
2012/01/01 03,2,16
2012/01/01 04,3,19
2012/01/01 05,4,22
2012/01/01 06,3,22
2012/01/01 07,1,18
2012/01/01 08,1,15
2012/01/01 09,2,17
2012/01/01 10,4,31
2012/01/01 11,4,15
2012/01/01 12,2,11
2012/01/01 13,3,15
2012/01/01 14,1,3
2012/01/01 15,1,2
2012/01/01 16,1,5
2012/01/01 17,1,6
2012/01/01 18,1,5
2012/01/01 19,2,8
2012/01/01 20,2,12
2012/01/01 21,2,9
2012/01/01 22,2,9
2012/01/01 23,2,17
2012/01/02 00,3,31
2012/01/02 01,3,23
2012/01/02 02,2,8
2012/01/02 03,2,16
2012/01/02 04,3,17
2012/01/02 05,4,19
2012/01/02 06,3,16
2012/01/02 07,3,24
2012/01/02 08,3,21
2012/01/02 09,4,19
2012/01/02 10,1,3
2012/01/02 12,1,1
2012/01/02 18,1,6
2012/01/02 19,2,6
2012/01/02 20,2,7
2012/01/02 21,2,10
2012/01/02 22,2,10
2012/01/02 23,5,24
2012/01/03 00,6,29
2012/01/03 01,4,21
2012/01/03 02,1,31
2012/01/03 03,1,12
2012/01/03 04,1,13
2012/01/03 05,2,409
2012/01/03 06,2,24
2012/01/03 07,1,22
2012/01/03 08,2,22
2012/01/03 10,2,24
2012/01/03 11,1,21
2012/01/03 12,1,33
2012/01/03 13,1,40
2012/01/03 14,2,67
2012/01/03 15,2,89
2012/01/03 16,2,84
2012/01/03 17,2,82
2012/01/03 20,1,1
2012/01/03 21,2,7
2012/01/03 22,1,6
2012/01/03 23,1,11
2012/01/04 00,1,2
2012/01/04 01,1,1
2012/01/04 02,3,4
2012/01/04 03,2,2
2012/01/04 04,1,1
2012/01/04 05,2,12
2012/01/04 06,1,13
2012/01/04 07,2,21
2012/01/04 08,1,11
2012/01/04 09,2,99
2012/01/04 10,2,149
2012/01/04 11,2,43
2012/01/04 12,3,43
2012/01/04 13,3,52
2012/01/04 14,3,44
2012/01/04 15,2,11
2012/01/04 16,4,28
2012/01/04 17,4,32
2012/01/04 18,4,21
2012/01/04 19,5,22
2012/01/04 20,3,26
2012/01/04 21,1,20
2012/01/04 22,2,20
2012/01/04 23,2,22
2012/01/05 00,3,29
2012/01/05 01,2,19
2012/01/05 02,2,18
2012/01/05 03,1,11
2012/01/05 04,2,15
2012/01/05 05,1,12
2012/01/05 06,2,13
2012/01/05 07,4,18
2012/01/05 08,2,11
2012/01/05 09,4,20
2012/01/05 10,3,26
2012/01/05 11,2,19
2012/01/05 12,1,19
2012/01/05 13,1,12
2012/01/05 14,1,20
2012/01/05 15,2,21
2012/01/05 16,2,16
2012/01/05 17,2,16
2012/01/05 18,2,11
2012/01/05 19,1,8
2012/01/05 20,1,4
2012/01/05 21,1,5
2012/01/05 22,1,3
2012/01/05 23,2,12
2012/01/06 00,3,7
2012/01/06 01,4,21
2012/01/06 02,8,35
2012/01/06 03,6,42
2012/01/06 04,3,18
2012/01/06 05,2,6
2012/01/06 09,1,4
2012/01/06 11,1,4
2012/01/06 12,1,4
2012/01/06 13,1,8
2012/01/06 14,1,8
2012/01/06 15,1,12
2012/01/06 16,1,6
2012/01/06 17,1,3
2012/01/06 18,2,27
2012/01/06 19,2,32
2012/01/06 20,3,25
2012/01/06 21,2,13
2012/01/06 22,3,7
2012/01/07 00,1,3
2012/01/07 03,2,22
2012/01/07 04,3,42
2012/01/07 05,3,44
2012/01/07 06,2,21
2012/01/07 07,1,24
2012/01/07 08,1,3
2012/01/07 09,2,12
2012/01/07 10,3,26
2012/01/07 11,3,28
2012/01/07 12,3,27
2012/01/07 13,1,10
2012/01/07 14,1,14
2012/01/07 15,1,14
2012/01/07 16,4,20
2012/01/07 17,4,19
2012/01/07 18,3,32
2012/01/07 19,2,24
2012/01/07 20,3,27
2012/01/07 21,2,7
2012/01/07 22,1,4
2012/01/07 23,2,8
2012/01/08 00,1,4
2012/01/08 02,1,1
2012/01/08 03,2,7
2012/01/08 04,1,0
2012/01/08 05,2,6
2012/01/08 06,2,9
2012/01/08 08,2,2
2012/01/08 09,2,6
2012/01/08 10,2,12
2012/01/08 11,2,13
2012/01/08 12,2,8
2012/01/08 13,3,12
2012/01/08 14,1,10
2012/01/08 15,1,9
2012/01/08 16,2,10
2012/01/08 17,2,13
2012/01/08 18,2,19
2012/01/08 19,3,194
2012/01/08 20,3,224
2012/01/08 21,2,179
2012/01/08 22,1,19
2012/01/08 23,1,21
2012/01/09 00,3,25
2012/01/09 01,5,31
2012/01/09 02,3,16
2012/01/09 03,2,12
2012/01/09 04,3,18
2012/01/09 05,3,19
2012/01/09 06,3,21
2012/01/09 07,3,19
2012/01/09 08,3,19
2012/01/09 09,4,33
2012/01/09 10,3,12
2012/01/09 11,1,0
2012/01/09 12,1,0
