2011/09/30 22,3,40
2011/09/30 23,3,47
2011/10/01 00,3,168
2011/10/01 01,4,259
2011/10/01 02,5,276
2011/10/01 03,6,354
2011/10/01 04,6,364
2011/10/01 05,6,340
2011/10/01 06,4,362
2011/10/01 07,3,431
2011/10/01 08,3,507
2011/10/01 09,3,458
2011/10/01 10,3,76
2011/10/01 11,2,70
2011/10/01 12,1,77
2011/10/01 13,2,135
2011/10/01 14,2,113
2011/10/01 15,2,106
2011/10/01 16,4,36
2011/10/01 17,4,49
2011/10/01 18,4,45
2011/10/01 19,4,46
2011/10/01 20,5,54
2011/10/01 21,5,36
2011/10/01 22,4,40
2011/10/01 23,6,89
2011/10/02 00,7,90
2011/10/02 01,5,89
2011/10/02 02,4,90
2011/10/02 03,4,50
2011/10/02 04,3,51
2011/10/02 05,2,71
2011/10/02 06,2,118
2011/10/02 07,2,90
2011/10/02 08,4,110
2011/10/02 09,5,197
2011/10/02 10,4,275
2011/10/02 11,3,189
2011/10/02 12,3,168
2011/10/02 13,2,106
2011/10/02 14,3,92
2011/10/02 15,5,147
2011/10/02 16,5,325
2011/10/02 17,7,398
2011/10/02 18,4,352
2011/10/02 19,4,486
2011/10/02 20,4,480
2011/10/02 21,6,591
2011/10/02 22,8,809
2011/10/02 23,10,808
2011/10/03 00,9,776
2011/10/03 01,3,508
2011/10/03 02,4,541
2011/10/03 03,6,542
2011/10/03 04,5,108
2011/10/03 05,3,65
2011/10/03 06,4,58
2011/10/03 07,4,78
2011/10/03 08,3,61
2011/10/03 09,1,31
2011/10/03 10,2,40
2011/10/03 11,2,51
2011/10/03 12,2,55
2011/10/03 13,3,117
2011/10/03 14,4,141
2011/10/03 15,8,136
2011/10/03 16,7,166
2011/10/03 17,6,165
2011/10/03 18,6,85
2011/10/03 19,5,98
2011/10/03 20,4,101
2011/10/03 21,6,107
2011/10/03 22,7,88
2011/10/03 23,6,96
2011/10/04 00,7,122
2011/10/04 01,4,92
2011/10/04 02,2,13
2011/10/04 03,1,14
2011/10/04 04,2,25
2011/10/04 05,2,28
2011/10/04 06,2,28
2011/10/04 07,1,64
2011/10/04 08,1,58
2011/10/04 13,1,0
2011/10/04 14,2,19
2011/10/04 15,3,25
2011/10/04 16,2,11
2011/10/04 17,3,18
2011/10/04 18,2,21
2011/10/04 19,3,22
2011/10/04 20,4,31
2011/10/04 21,5,46
2011/10/04 22,4,34
2011/10/04 23,6,38
2011/10/05 00,6,70
2011/10/05 01,5,134
2011/10/05 02,5,63
2011/10/05 03,4,77
2011/10/05 04,5,192
2011/10/05 05,6,138
2011/10/05 06,4,128
2011/10/05 07,2,32
2011/10/05 08,1,34
2011/10/05 09,2,40
2011/10/05 10,4,57
2011/10/05 11,5,278
2011/10/05 12,4,303
2011/10/05 13,5,348
2011/10/05 14,7,263
2011/10/05 15,7,220
2011/10/05 16,6,164
2011/10/05 17,4,143
2011/10/05 18,7,198
2011/10/05 19,7,108
2011/10/05 20,5,228
2011/10/05 21,4,168
2011/10/05 22,9,88
2011/10/05 23,11,110
2011/10/06 00,12,172
2011/10/06 01,7,92
2011/10/06 02,8,115
2011/10/06 03,5,53
2011/10/06 04,2,17
2011/10/06 05,1,1
2011/10/06 06,1,1
2011/10/06 09,1,1
2011/10/06 10,1,7
2011/10/06 11,2,11
2011/10/06 12,1,6
2011/10/06 13,2,10
2011/10/06 14,4,11
2011/10/06 15,5,60
2011/10/06 16,6,73
2011/10/06 17,6,49
2011/10/06 18,5,207
2011/10/06 19,7,273
2011/10/06 20,6,90
2011/10/06 21,8,204
2011/10/06 22,5,119
2011/10/06 23,4,143
2011/10/07 00,7,236
2011/10/07 01,6,190
2011/10/07 02,5,112
2011/10/07 03,4,30
2011/10/07 04,5,169
2011/10/07 05,4,346
2011/10/07 06,4,555
2011/10/07 07,4,772
2011/10/07 08,2,12
2011/10/07 09,1,6
2011/10/07 10,3,55
2011/10/07 11,3,78
2011/10/07 12,4,60
2011/10/07 13,4,69
2011/10/07 14,5,79
2011/10/07 15,6,56
2011/10/07 16,5,112
2011/10/07 17,5,188
2011/10/07 18,5,65
2011/10/07 19,6,82
2011/10/07 20,5,145
2011/10/07 21,8,112
2011/10/07 22,7,279
2011/10/07 23,9,310
2011/10/08 00,9,250
2011/10/08 01,7,269
2011/10/08 02,7,297
2011/10/08 03,10,269
2011/10/08 04,4,105
2011/10/08 05,4,173
2011/10/08 06,6,170
2011/10/08 07,6,49
2011/10/08 08,4,29
2011/10/08 09,5,53
2011/10/08 10,5,80
2011/10/08 11,6,94
2011/10/08 12,7,41
2011/10/08 13,3,34
2011/10/08 14,7,81
2011/10/08 15,8,198
2011/10/08 16,6,212
2011/10/08 17,7,192
2011/10/08 18,10,187
2011/10/08 19,8,190
2011/10/08 20,11,264
2011/10/08 21,6,276
2011/10/08 22,6,241
2011/10/08 23,5,160
2011/10/09 00,6,185
2011/10/09 01,5,29
2011/10/09 02,1,8
2011/10/09 03,2,12
2011/10/09 04,5,74
2011/10/09 05,3,111
2011/10/09 06,3,41
2011/10/09 07,5,43
2011/10/09 08,5,46
2011/10/09 09,7,53
2011/10/09 10,5,60
2011/10/09 11,3,42
2011/10/09 12,2,9
2011/10/09 13,3,37
2011/10/09 14,3,148
2011/10/09 15,4,156
2011/10/09 16,8,182
2011/10/09 17,9,180
2011/10/09 18,10,196
2011/10/09 19,9,276
2011/10/09 20,6,196
2011/10/09 21,7,162
2011/10/09 22,6,153
2011/10/09 23,8,156
2011/10/10 00,5,162
2011/10/10 01,6,178
2011/10/10 02,3,126
2011/10/10 03,1,8
2011/10/10 04,1,8
2011/10/10 05,2,6
2011/10/10 06,1,3
2011/10/10 07,2,13
2011/10/10 08,3,27
2011/10/10 09,3,28
2011/10/10 10,3,31
2011/10/10 11,4,18
2011/10/10 12,6,36
2011/10/10 13,5,37
2011/10/10 14,7,115
2011/10/10 15,5,123
2011/10/10 16,3,71
2011/10/10 17,3,43
2011/10/10 21,4,38
2011/10/10 22,5,29
2011/10/10 23,3,16
2011/10/11 00,2,22
2011/10/11 01,3,35
2011/10/11 02,6,587
2011/10/11 03,8,317
2011/10/11 04,6,156
2011/10/11 05,4,107
2011/10/11 06,4,68
2011/10/11 07,4,39
2011/10/11 08,3,18
2011/10/11 09,5,25
2011/10/11 10,7,73
2011/10/11 11,7,112
2011/10/11 12,6,99
2011/10/11 13,4,55
2011/10/11 14,3,56
2011/10/11 15,5,32
2011/10/11 16,5,80
2011/10/11 17,4,95
2011/10/11 18,4,143
2011/10/11 19,8,95
2011/10/11 20,10,111
2011/10/11 21,9,90
2011/10/11 22,7,259
2011/10/11 23,7,409
2011/10/12 00,5,259
2011/10/12 01,9,282
2011/10/12 02,9,236
2011/10/12 03,5,72
2011/10/12 04,5,69
2011/10/12 05,7,94
2011/10/12 06,6,81
2011/10/12 07,6,56
2011/10/12 08,2,33
2011/10/12 09,1,2
2011/10/12 10,2,27
2011/10/12 11,5,96
2011/10/12 12,4,151
2011/10/12 13,5,234
2011/10/12 14,6,203
2011/10/12 15,8,109
2011/10/12 16,5,48
2011/10/12 17,5,25
2011/10/12 18,7,141
2011/10/12 19,8,205
2011/10/12 20,5,114
2011/10/12 21,6,123
2011/10/12 22,7,123
2011/10/12 23,6,214
2011/10/13 00,8,270
2011/10/13 01,5,321
2011/10/13 02,5,329
2011/10/13 03,5,366
2011/10/13 04,3,228
2011/10/13 05,4,226
2011/10/13 06,2,200
2011/10/13 07,3,215
2011/10/13 08,4,232
2011/10/13 09,4,343
2011/10/13 10,3,300
2011/10/13 11,3,311
2011/10/13 12,3,308
2011/10/13 13,2,317
2011/10/13 14,4,295
2011/10/13 15,4,289
2011/10/13 16,6,72
2011/10/13 17,9,61
2011/10/13 18,6,48
2011/10/13 19,7,61
2011/10/13 20,8,49
2011/10/13 21,7,45
2011/10/13 22,7,43
2011/10/13 23,5,51
2011/10/14 00,5,57
2011/10/14 01,3,95
2011/10/14 02,4,208
2011/10/14 03,6,165
2011/10/14 04,5,77
2011/10/14 05,8,87
2011/10/14 06,4,45
2011/10/14 07,1,13
2011/10/14 08,1,6
2011/10/14 09,2,39
2011/10/14 10,5,80
2011/10/14 11,5,102
2011/10/14 12,5,211
2011/10/14 13,6,278
2011/10/14 14,9,218
2011/10/14 15,6,82
2011/10/14 16,7,79
2011/10/14 17,9,63
2011/10/14 18,8,92
2011/10/14 19,10,316
2011/10/14 20,8,467
2011/10/14 21,9,599
2011/10/14 22,13,729
2011/10/14 23,12,686
2011/10/15 00,11,649
2011/10/15 01,7,527
2011/10/15 02,8,366
2011/10/15 03,5,350
2011/10/15 04,5,53
2011/10/15 05,4,47
2011/10/15 06,6,61
2011/10/15 07,4,58
2011/10/15 08,4,66
2011/10/15 09,5,54
2011/10/15 10,4,40
2011/10/15 11,4,66
2011/10/15 12,6,75
2011/10/15 13,6,76
2011/10/15 14,10,85
2011/10/15 15,7,49
2011/10/15 16,9,100
2011/10/15 17,7,127
2011/10/15 18,7,199
2011/10/15 19,7,216
2011/10/15 20,7,120
2011/10/15 21,9,144
2011/10/15 22,9,164
2011/10/15 23,12,201
2011/10/16 00,12,195
2011/10/16 01,10,269
2011/10/16 02,11,467
2011/10/16 03,8,271
2011/10/16 04,7,239
2011/10/16 05,8,294
2011/10/16 06,8,354
2011/10/16 07,5,297
2011/10/16 08,2,23
2011/10/16 09,2,29
2011/10/16 10,5,74
2011/10/16 11,4,165
2011/10/16 12,4,228
2011/10/16 13,5,204
2011/10/16 14,6,150
2011/10/16 15,5,93
2011/10/16 16,4,181
2011/10/16 17,7,273
2011/10/16 18,7,274
2011/10/16 19,9,344
2011/10/16 20,8,295
2011/10/16 21,11,366
2011/10/16 22,7,310
2011/10/16 23,9,331
2011/10/17 00,11,479
2011/10/17 01,7,494
2011/10/17 02,8,266
2011/10/17 03,7,287
2011/10/17 04,9,510
2011/10/17 05,6,326
2011/10/17 06,4,264
2011/10/17 07,3,330
2011/10/17 08,6,303
2011/10/17 09,3,24
2011/10/17 10,1,19
2011/10/17 11,2,20
2011/10/17 12,2,16
2011/10/17 13,5,143
2011/10/17 14,7,237
2011/10/17 15,5,263
2011/10/17 16,1,40
2011/10/17 17,5,389
2011/10/17 18,7,470
2011/10/17 19,6,168
2011/10/17 20,6,197
2011/10/17 21,6,220
2011/10/17 22,10,244
2011/10/17 23,10,124
2011/10/18 00,9,231
2011/10/18 01,8,369
2011/10/18 02,8,378
2011/10/18 03,5,308
2011/10/18 04,4,269
2011/10/18 05,4,202
2011/10/18 06,3,225
2011/10/18 07,2,297
2011/10/18 08,3,318
2011/10/18 09,2,335
2011/10/18 10,2,338
2011/10/18 11,2,2
2011/10/18 12,4,15
2011/10/18 13,5,42
2011/10/18 14,5,48
2011/10/18 15,6,186
2011/10/18 16,5,310
2011/10/18 17,4,347
2011/10/18 18,6,250
2011/10/18 19,6,244
2011/10/18 20,9,267
2011/10/18 21,10,395
2011/10/18 22,9,516
2011/10/18 23,9,594
2011/10/19 00,7,532
2011/10/19 01,9,384
2011/10/19 02,11,253
2011/10/19 03,12,293
2011/10/19 04,10,314
2011/10/19 05,9,359
2011/10/19 06,8,366
2011/10/19 07,5,226
2011/10/19 08,2,343
2011/10/19 09,3,430
2011/10/19 10,4,464
2011/10/19 11,8,469
2011/10/19 12,8,594
2011/10/19 13,7,199
2011/10/19 14,8,219
2011/10/19 15,5,103
2011/10/19 16,3,80
2011/10/19 17,7,194
2011/10/19 18,10,333
2011/10/19 19,10,557
2011/10/19 20,9,631
2011/10/19 21,10,645
2011/10/19 22,10,659
2011/10/19 23,8,657
2011/10/20 00,6,532
2011/10/20 01,6,499
2011/10/20 02,7,331
2011/10/20 03,8,310
2011/10/20 04,9,345
2011/10/20 05,10,489
2011/10/20 06,8,377
2011/10/20 07,5,476
2011/10/20 08,3,360
2011/10/20 09,4,326
2011/10/20 10,3,10
2011/10/20 11,4,46
2011/10/20 12,4,48
2011/10/20 13,3,31
2011/10/20 14,2,60
2011/10/20 15,1,91
2011/10/20 16,2,136
2011/10/20 17,5,143
2011/10/20 18,5,305
2011/10/20 19,9,338
2011/10/20 20,11,400
2011/10/20 21,11,530
2011/10/20 22,12,985
2011/10/20 23,10,478
2011/10/21 00,11,572
2011/10/21 01,7,815
2011/10/21 02,9,888
2011/10/21 03,8,724
2011/10/21 04,9,730
2011/10/21 05,6,617
2011/10/21 06,6,422
2011/10/21 07,7,470
2011/10/21 08,5,533
2011/10/21 09,4,582
2011/10/21 10,3,649
2011/10/21 11,5,676
2011/10/21 12,7,697
2011/10/21 13,8,399
2011/10/21 14,4,343
2011/10/21 15,5,458
2011/10/21 16,4,434
2011/10/21 17,9,491
2011/10/21 18,10,221
2011/10/21 19,11,629
2011/10/21 20,13,764
2011/10/21 21,6,817
2011/10/21 22,8,630
2011/10/21 23,9,447
2011/10/22 00,7,396
2011/10/22 01,5,208
2011/10/22 02,6,255
2011/10/22 03,5,219
2011/10/22 04,6,264
2011/10/22 05,6,164
2011/10/22 06,6,166
2011/10/22 07,4,156
2011/10/22 08,4,199
2011/10/22 09,3,320
2011/10/22 10,3,241
2011/10/22 11,5,115
2011/10/22 12,5,34
2011/10/22 13,8,72
2011/10/22 14,9,207
2011/10/22 15,10,270
2011/10/22 16,10,625
2011/10/22 17,9,662
2011/10/22 18,11,772
2011/10/22 19,11,728
2011/10/22 20,9,564
2011/10/22 21,11,744
2011/10/22 22,10,680
2011/10/22 23,8,683
2011/10/23 00,10,610
2011/10/23 01,6,438
2011/10/23 02,7,515
2011/10/23 03,8,516
2011/10/23 04,5,505
2011/10/23 05,4,349
2011/10/23 06,3,347
2011/10/23 07,3,21
2011/10/23 08,2,89
2011/10/23 09,3,103
2011/10/23 10,3,132
2011/10/23 11,1,5
2011/10/23 12,2,12
2011/10/23 13,4,36
2011/10/23 14,3,31
2011/10/23 15,5,102
2011/10/23 16,6,216
2011/10/23 17,10,311
2011/10/23 18,13,316
2011/10/23 19,17,422
2011/10/23 20,15,553
2011/10/23 21,16,715
2011/10/23 22,12,637
2011/10/23 23,9,548
2011/10/24 00,7,344
2011/10/24 01,6,365
2011/10/24 02,7,85
2011/10/24 03,7,70
2011/10/24 04,7,116
2011/10/24 05,7,347
2011/10/24 06,5,304
2011/10/24 07,6,323
2011/10/24 08,3,263
2011/10/24 09,2,130
2011/10/24 10,1,10
2011/10/24 11,2,25
2011/10/24 12,4,38
2011/10/24 13,4,36
2011/10/24 14,4,106
2011/10/24 15,4,113
2011/10/24 16,7,123
2011/10/24 17,9,230
2011/10/24 18,11,356
2011/10/24 19,13,544
2011/10/24 20,10,382
2011/10/24 21,11,411
2011/10/24 22,11,483
2011/10/24 23,9,475
2011/10/25 00,12,470
2011/10/25 01,12,639
2011/10/25 02,8,470
2011/10/25 03,5,356
2011/10/25 04,5,338
2011/10/25 05,5,320
2011/10/25 06,5,317
2011/10/25 07,5,353
2011/10/25 08,3,65
2011/10/25 09,3,75
2011/10/25 10,4,98
2011/10/25 11,6,134
2011/10/25 12,8,155
2011/10/25 13,6,211
2011/10/25 14,6,175
2011/10/25 15,5,171
2011/10/25 16,5,61
2011/10/25 17,5,92
2011/10/25 18,8,205
2011/10/25 19,9,190
2011/10/25 20,8,166
2011/10/25 21,7,154
2011/10/25 22,8,131
2011/10/25 23,6,199
2011/10/26 00,7,305
2011/10/26 01,9,262
2011/10/26 02,7,274
2011/10/26 03,6,246
2011/10/26 04,7,204
2011/10/26 05,3,10
2011/10/26 06,3,41
2011/10/26 07,3,172
2011/10/26 08,3,201
2011/10/26 09,2,240
2011/10/26 10,3,303
2011/10/26 11,4,361
2011/10/26 12,9,424
2011/10/26 13,8,138
2011/10/26 14,7,127
2011/10/26 15,5,94
2011/10/26 16,4,102
2011/10/26 17,8,95
2011/10/26 18,10,96
2011/10/26 19,9,119
2011/10/26 20,12,228
2011/10/26 21,8,3935
2011/10/26 22,6,194
2011/10/26 23,9,220
2011/10/27 00,7,266
2011/10/27 01,8,138
2011/10/27 02,5,70
2011/10/27 03,6,73
2011/10/27 04,4,47
2011/10/27 05,6,48
2011/10/27 06,4,33
2011/10/27 07,2,11
2011/10/27 08,3,16
2011/10/27 09,2,206
2011/10/27 10,2,273
2011/10/27 11,3,63
2011/10/27 12,4,58
2011/10/27 13,4,50
2011/10/27 14,3,50
2011/10/27 15,4,43
2011/10/27 16,3,43
2011/10/27 17,2,41
2011/10/27 18,7,115
2011/10/27 19,10,176
2011/10/27 20,12,273
2011/10/27 21,9,109
2011/10/27 22,9,172
2011/10/27 23,8,276
2011/10/28 00,8,367
2011/10/28 01,8,589
2011/10/28 02,9,717
2011/10/28 03,9,740
2011/10/28 04,7,697
2011/10/28 05,6,511
2011/10/28 06,3,485
2011/10/28 07,3,540
2011/10/28 08,3,560
2011/10/28 09,4,625
2011/10/28 10,5,721
2011/10/28 11,6,839
2011/10/28 12,5,563
2011/10/28 13,7,635
2011/10/28 14,8,692
2011/10/28 15,7,144
2011/10/28 16,5,52
2011/10/28 17,5,42
2011/10/28 18,7,49
2011/10/28 19,6,57
2011/10/28 20,6,69
2011/10/28 21,8,71
2011/10/28 22,12,186
2011/10/28 23,11,223
2011/10/29 00,10,321
2011/10/29 01,9,281
2011/10/29 02,9,402
2011/10/29 03,9,451
2011/10/29 04,10,419
2011/10/29 05,10,405
2011/10/29 06,11,380
2011/10/29 07,6,384
2011/10/29 08,2,377
2011/10/29 09,1,4
2011/10/29 10,3,16
2011/10/29 11,3,9
2011/10/29 12,1,5
2011/10/29 13,2,15
2011/10/29 14,4,46
2011/10/29 15,6,152
2011/10/29 16,11,192
2011/10/29 17,9,258
2011/10/29 18,11,151
2011/10/29 19,11,83
2011/10/29 20,12,90
2011/10/29 21,10,163
2011/10/29 22,11,431
2011/10/29 23,11,497
2011/10/30 00,10,526
2011/10/30 01,8,375
2011/10/30 02,6,355
2011/10/30 03,6,287
2011/10/30 04,8,344
2011/10/30 05,6,104
2011/10/30 06,7,246
2011/10/30 07,5,203
2011/10/30 08,4,197
2011/10/30 09,5,220
2011/10/30 10,7,346
2011/10/30 11,4,179
2011/10/30 12,3,154
2011/10/30 13,5,61
2011/10/30 14,4,97
2011/10/30 15,5,113
2011/10/30 16,6,130
2011/10/30 17,9,173
2011/10/30 18,11,352
2011/10/30 19,13,578
2011/10/30 20,12,565
2011/10/30 21,11,422
2011/10/30 22,11,499
2011/10/30 23,11,382
2011/10/31 00,14,412
2011/10/31 01,11,299
2011/10/31 02,12,292
2011/10/31 03,7,134
2011/10/31 04,8,275
2011/10/31 05,9,367
2011/10/31 06,9,354
2011/10/31 07,7,295
2011/10/31 08,5,347
2011/10/31 09,5,392
2011/10/31 10,3,71
2011/10/31 11,2,43
2011/10/31 12,3,33
2011/10/31 13,4,45
2011/10/31 14,5,105
2011/10/31 15,4,171
2011/10/31 16,4,255
2011/10/31 17,7,278
2011/10/31 18,7,299
2011/10/31 19,8,352
2011/10/31 20,8,372
2011/10/31 21,11,153
2011/10/31 22,13,209
2011/10/31 23,8,263
2011/11/01 00,9,341
2011/11/01 01,9,152
2011/11/01 02,8,166
2011/11/01 03,10,235
2011/11/01 04,8,286
2011/11/01 05,9,360
2011/11/01 06,11,438
2011/11/01 07,7,449
2011/11/01 08,6,409
2011/11/01 09,6,511
2011/11/01 10,5,568
2011/11/01 11,5,595
2011/11/01 12,5,658
2011/11/01 13,5,93
2011/11/01 14,6,81
2011/11/01 15,3,186
2011/11/01 16,2,228
2011/11/03 15,5,327
2011/11/03 16,7,257
2011/11/03 17,9,255
2011/11/03 18,10,426
2011/11/03 19,13,469
2011/11/03 20,15,484
2011/11/03 21,13,146
2011/11/03 22,8,155
2011/11/03 23,6,121
2011/11/04 00,7,424
2011/11/04 01,8,485
2011/11/04 02,8,214
2011/11/04 03,9,174
2011/11/04 04,6,39
2011/11/04 05,8,228
2011/11/04 06,4,221
2011/11/04 07,3,43
2011/11/04 08,3,64
2011/11/04 09,6,66
2011/11/04 10,3,44
2011/11/04 11,6,129
2011/11/04 12,5,348
2011/11/04 13,7,755
2011/11/04 14,7,954
2011/11/04 15,7,745
2011/11/04 16,9,654
2011/11/04 17,9,573
2011/11/04 18,12,582
2011/11/04 19,10,560
2011/11/04 20,11,448
2011/11/04 21,10,431
2011/11/04 22,8,213
2011/11/04 23,7,181
2011/11/05 00,12,176
2011/11/05 01,15,221
2011/11/05 02,12,372
2011/11/05 03,14,1277
2011/11/05 04,14,925
2011/11/05 05,13,200
2011/11/05 06,10,217
2011/11/05 07,6,133
2011/11/05 08,7,144
2011/11/05 09,7,100
2011/11/05 10,7,108
2011/11/05 11,5,107
2011/11/05 12,8,194
2011/11/05 13,6,173
2011/11/05 14,8,198
2011/11/05 15,8,375
2011/11/05 16,6,522
2011/11/05 17,8,500
2011/11/05 18,18,559
2011/11/05 19,16,609
2011/11/05 20,17,628
2011/11/05 21,14,593
2011/11/05 22,18,604
2011/11/05 23,17,619
2011/11/06 00,15,637
2011/11/06 01,14,434
2011/11/06 02,12,420
2011/11/06 03,10,417
2011/11/06 04,11,178
2011/11/06 05,13,410
2011/11/06 06,12,322
2011/11/06 07,12,334
2011/11/06 08,11,421
2011/11/06 09,12,501
2011/11/06 10,13,699
2011/11/06 11,6,763
2011/11/06 12,6,809
2011/11/06 13,8,845
2011/11/06 14,9,684
2011/11/06 15,9,404
2011/11/06 16,7,415
2011/11/06 17,8,478
2011/11/06 18,8,483
2011/11/06 19,12,729
2011/11/06 20,13,482
2011/11/06 21,15,546
2011/11/06 22,16,669
2011/11/06 23,11,743
2011/11/07 00,8,402
2011/11/07 01,10,404
2011/11/07 02,10,529
2011/11/07 03,8,491
2011/11/07 04,5,508
2011/11/07 05,6,567
2011/11/07 06,6,207
2011/11/07 07,7,255
2011/11/07 08,7,293
2011/11/07 09,4,275
2011/11/07 10,5,437
2011/11/07 11,6,533
2011/11/07 12,5,613
2011/11/07 13,10,902
2011/11/07 14,8,690
2011/11/07 15,7,546
2011/11/07 16,11,89
2011/11/07 17,11,178
2011/11/07 18,9,263
2011/11/07 19,7,310
2011/11/07 20,10,385
2011/11/07 21,15,642
2011/11/07 22,12,680
2011/11/07 23,12,607
2011/11/08 00,11,186
2011/11/08 01,11,281
2011/11/08 02,11,442
2011/11/08 03,12,710
2011/11/08 04,16,761
2011/11/08 05,11,708
2011/11/08 06,8,728
2011/11/08 07,7,643
2011/11/08 08,6,650
2011/11/08 09,3,281
2011/11/08 10,6,504
2011/11/08 11,5,609
2011/11/08 12,5,758
2011/11/08 13,6,970
2011/11/08 14,6,757
2011/11/08 15,6,97
2011/11/08 16,7,137
2011/11/08 17,10,302
2011/11/08 18,9,411
2011/11/08 19,9,392
2011/11/08 20,7,413
2011/11/08 21,8,500
2011/11/08 22,15,518
2011/11/08 23,16,448
2011/11/09 00,17,433
2011/11/09 01,16,511
2011/11/09 02,14,519
2011/11/09 03,15,572
2011/11/09 04,13,477
2011/11/09 05,10,294
2011/11/09 06,11,396
2011/11/09 07,11,369
2011/11/09 08,11,297
2011/11/09 09,8,313
2011/11/09 10,5,277
2011/11/09 11,5,308
2011/11/09 12,9,312
2011/11/09 13,9,325
2011/11/09 14,7,314
2011/11/09 15,8,122
2011/11/09 16,8,121
2011/11/09 17,12,148
2011/11/09 18,17,342
2011/11/09 19,14,360
2011/11/09 20,14,340
2011/11/09 21,11,378
2011/11/09 22,12,351
2011/11/09 23,13,483
2011/11/10 00,24,504
2011/11/10 01,22,530
2011/11/10 02,21,704
2011/11/10 03,22,624
2011/11/10 04,25,735
2011/11/10 05,21,335
2011/11/10 06,20,271
2011/11/10 07,19,1594
2011/11/10 08,18,1156
2011/11/10 09,11,1431
2011/11/10 10,11,1876
2011/11/10 11,6,350
2011/11/10 12,8,381
2011/11/10 13,6,508
2011/11/10 14,9,591
2011/11/10 15,12,704
2011/11/10 16,10,591
2011/11/10 17,9,414
2011/11/10 18,13,422
2011/11/10 19,11,459
2011/11/10 20,13,466
2011/11/10 21,16,454
2011/11/10 22,13,94
2011/11/10 23,21,148
2011/11/11 00,21,168
2011/11/11 01,19,312
2011/11/11 02,21,785
2011/11/11 03,18,932
2011/11/11 04,16,802
2011/11/11 05,15,405
2011/11/11 06,13,122
2011/11/11 07,14,828
2011/11/11 08,14,855
2011/11/11 09,14,875
2011/11/11 10,11,1094
2011/11/11 11,7,330
2011/11/11 12,7,340
2011/11/11 13,6,454
2011/11/11 14,7,426
2011/11/11 15,9,509
2011/11/11 16,9,578
2011/11/11 17,12,314
2011/11/11 18,21,614
2011/11/11 19,20,566
2011/11/11 20,25,629
2011/11/11 21,27,601
2011/11/11 22,28,601
2011/11/11 23,25,582
2011/11/12 00,25,1426
2011/11/12 01,21,955
2011/11/12 02,17,161
2011/11/12 03,20,583
2011/11/12 04,22,135
2011/11/12 05,17,149
2011/11/12 06,18,151
2011/11/12 07,13,144
2011/11/12 08,9,169
2011/11/12 09,8,146
2011/11/12 10,11,202
2011/11/12 11,13,2557
2011/11/12 12,11,2827
2011/11/12 13,12,2786
2011/11/12 14,16,2773
2011/11/12 15,19,2719
2011/11/12 16,17,2667
2011/11/12 17,21,2859
2011/11/12 18,20,2857
2011/11/12 19,27,383
2011/11/12 20,29,535
2011/11/12 21,31,590
2011/11/12 22,25,571
2011/11/12 23,25,437
2011/11/13 00,24,441
2011/11/13 01,22,414
2011/11/13 02,23,494
2011/11/13 03,16,183
2011/11/13 04,13,178
2011/11/13 05,12,131
2011/11/13 06,11,133
2011/11/13 07,10,166
2011/11/13 08,8,176
2011/11/13 12,5,119
2011/11/13 13,9,143
2011/11/13 14,12,95
2011/11/13 15,10,101
2011/11/13 16,12,118
2011/11/13 17,16,116
2011/11/13 18,19,155
2011/11/13 19,18,342
2011/11/13 20,23,361
2011/11/13 21,26,424
2011/11/13 22,22,465
2011/11/13 23,23,514
2011/11/14 00,22,480
2011/11/14 01,26,300
2011/11/14 02,30,340
2011/11/14 03,21,417
2011/11/14 04,13,329
2011/11/14 05,13,67
2011/11/14 06,15,148
2011/11/14 07,16,333
2011/11/14 08,13,340
2011/11/14 09,7,317
2011/11/14 10,8,421
2011/11/14 11,9,289
2011/11/14 12,12,207
2011/11/14 13,13,230
2011/11/14 14,15,235
2011/11/14 15,17,231
2011/11/14 16,15,183
2011/11/14 17,17,147
2011/11/14 18,17,92
2011/11/14 19,20,124
2011/11/14 20,22,177
2011/11/14 21,18,243
2011/11/14 22,24,981
2011/11/14 23,22,961
2011/11/15 00,20,585
2011/11/15 01,19,237
2011/11/15 02,20,110
2011/11/15 03,28,329
2011/11/15 04,32,454
2011/11/15 05,30,432
2011/11/15 06,22,429
2011/11/15 07,18,362
2011/11/15 08,14,361
2011/11/15 09,13,312
2011/11/15 10,12,372
2011/11/15 11,11,354
2011/11/15 12,10,343
2011/11/15 13,9,82
2011/11/15 14,10,117
2011/11/15 15,16,147
2011/11/15 16,18,152
2011/11/15 17,15,105
2011/11/15 18,14,99
2011/11/15 19,18,372
2011/11/15 20,17,418
2011/11/15 21,22,643
2011/11/15 22,28,2225
2011/11/15 23,26,2368
2011/11/16 00,22,1798
2011/11/16 01,23,1561
2011/11/16 02,24,1807
2011/11/16 03,23,529
2011/11/16 04,24,446
2011/11/16 05,24,478
2011/11/16 06,20,281
2011/11/16 07,19,304
2011/11/16 08,14,270
2011/11/16 09,9,207
2011/11/16 10,10,165
2011/11/16 11,12,189
2011/11/16 12,10,109
2011/11/16 13,12,112
2011/11/16 14,13,147
2011/11/16 15,13,73
2011/11/16 16,12,87
2011/11/16 17,13,97
2011/11/16 18,15,74
2011/11/16 19,17,145
2011/11/16 20,25,259
2011/11/16 21,25,311
2011/11/16 22,24,292
2011/11/16 23,28,346
2011/11/17 00,27,327
2011/11/17 01,25,314
2011/11/17 02,23,328
2011/11/17 03,25,187
2011/11/17 04,28,299
2011/11/17 05,25,361
2011/11/17 06,22,363
2011/11/17 07,17,350
2011/11/17 08,13,399
2011/11/17 09,12,361
2011/11/17 10,12,306
2011/11/17 11,12,284
2011/11/17 12,12,248
2011/11/17 13,12,174
2011/11/17 14,17,332
2011/11/17 15,22,439
2011/11/17 16,21,455
2011/11/17 17,20,297
2011/11/17 18,18,235
2011/11/17 19,19,200
2011/11/17 20,23,270
2011/11/17 21,27,479
2011/11/17 22,31,599
2011/11/17 23,34,602
2011/11/18 00,30,282
2011/11/18 01,27,229
2011/11/18 02,31,503
2011/11/18 03,37,591
2011/11/18 04,41,714
2011/11/18 05,35,572
2011/11/18 06,28,564
2011/11/18 07,25,386
2011/11/18 08,19,268
2011/11/18 09,22,356
2011/11/18 10,26,342
2011/11/18 11,19,380
2011/11/18 12,17,466
2011/11/18 13,18,503
2011/11/18 14,19,426
2011/11/18 15,20,474
2011/11/18 16,23,576
2011/11/18 17,25,235
2011/11/18 18,26,382
2011/11/18 19,33,482
2011/11/18 20,35,560
2011/11/18 21,34,426
2011/11/18 22,31,396
2011/11/18 23,33,227
2011/11/19 00,31,192
2011/11/19 01,31,218
2011/11/19 02,41,366
2011/11/19 03,40,312
2011/11/19 04,35,258
2011/11/19 05,29,250
2011/11/19 06,32,324
2011/11/19 07,29,288
2011/11/19 08,20,372
2011/11/19 09,19,431
2011/11/19 10,19,428
2011/11/19 11,17,355
2011/11/19 12,22,283
2011/11/19 13,22,292
2011/11/19 14,24,278
2011/11/19 15,26,387
2011/11/19 16,29,349
2011/11/19 17,36,354
2011/11/19 18,38,474
2011/11/19 19,45,437
2011/11/19 20,41,483
2011/11/19 21,44,591
2011/11/19 22,43,626
2011/11/19 23,45,835
2011/11/20 00,41,819
2011/11/20 01,37,404
2011/11/20 02,34,379
2011/11/20 03,35,319
2011/11/20 04,36,336
2011/11/20 05,34,395
2011/11/20 06,30,277
2011/11/20 07,24,336
2011/11/20 08,21,374
2011/11/20 09,20,327
2011/11/20 10,18,291
2011/11/20 11,18,151
2011/11/20 12,19,98
2011/11/20 13,20,163
2011/11/20 14,21,165
2011/11/20 15,20,167
2011/11/20 16,20,610
2011/11/20 17,23,491
2011/11/20 18,29,523
2011/11/20 19,37,413
2011/11/20 20,40,419
2011/11/20 21,42,527
2011/11/20 22,41,480
2011/11/20 23,36,292
2011/11/21 00,31,201
2011/11/21 01,23,367
2011/11/21 02,31,503
2011/11/21 03,34,489
2011/11/21 04,32,474
2011/11/21 05,26,427
2011/11/21 06,24,438
2011/11/21 07,16,357
2011/11/21 08,17,376
2011/11/21 09,13,387
2011/11/21 10,15,462
2011/11/21 11,10,117
2011/11/21 12,9,101
2011/11/21 13,14,119
2011/11/21 14,22,197
2011/11/21 15,24,260
2011/11/21 16,29,169
2011/11/21 17,37,239
2011/11/21 18,39,252
2011/11/21 19,39,233
2011/11/21 20,42,359
2011/11/21 21,38,306
2011/11/21 22,36,431
2011/11/21 23,35,508
2011/11/22 00,34,690
2011/11/22 01,35,684
2011/11/22 02,32,693
2011/11/22 03,34,714
2011/11/22 04,30,677
2011/11/22 05,27,548
2011/11/22 06,25,507
2011/11/22 07,24,582
2011/11/22 08,24,562
2011/11/22 09,19,651
2011/11/22 10,19,417
2011/11/22 11,13,458
2011/11/22 12,10,391
2011/11/22 13,12,301
2011/11/22 14,23,332
2011/11/22 15,29,390
2011/11/22 16,33,321
2011/11/22 17,37,200
2011/11/22 18,32,371
2011/11/22 19,46,409
2011/11/22 20,52,540
2011/11/22 21,53,604
2011/11/22 22,47,310
2011/11/22 23,47,261
2011/11/23 00,39,236
2011/11/23 01,43,213
2011/11/23 02,38,260
2011/11/23 03,44,384
2011/11/23 04,47,402
2011/11/23 05,44,400
2011/11/23 06,34,382
2011/11/23 07,38,427
2011/11/23 08,31,362
2011/11/23 09,23,424
2011/11/23 10,23,200
2011/11/23 11,17,109
2011/11/23 12,16,89
2011/11/23 13,16,373
2011/11/23 14,19,357
2011/11/23 15,24,413
2011/11/23 16,27,536
2011/11/23 17,36,670
2011/11/23 18,39,675
2011/11/23 19,50,565
2011/11/23 20,48,626
2011/11/23 21,44,589
2011/11/23 22,42,1006
2011/11/23 23,45,1340
2011/11/24 00,41,573
2011/11/24 01,35,530
2011/11/24 02,43,600
2011/11/24 03,40,569
2011/11/24 04,40,603
2011/11/24 05,38,352
2011/11/24 06,40,457
2011/11/24 07,41,491
2011/11/24 08,28,585
2011/11/24 09,25,392
2011/11/24 10,22,392
2011/11/24 11,19,176
2011/11/24 12,13,176
2011/11/24 13,13,178
2011/11/24 14,12,52
2011/11/24 15,24,416
2011/11/24 16,28,2229
2011/11/24 17,24,2002
2011/11/24 18,31,2391
2011/11/24 19,40,3049
2011/11/24 20,37,3328
2011/11/24 21,29,2991
2011/11/24 22,31,3077
2011/11/24 23,34,2945
2011/11/25 00,34,439
2011/11/25 01,40,486
2011/11/25 02,31,376
2011/11/25 03,37,383
2011/11/25 04,33,384
2011/11/25 05,30,315
2011/11/25 06,30,273
2011/11/25 07,32,261
2011/11/25 08,26,504
2011/11/25 09,21,1693
2011/11/25 10,18,2388
2011/11/25 11,15,3369
2011/11/25 12,11,3140
2011/11/25 13,11,3100
2011/11/25 14,14,4152
2011/11/25 15,21,4469
2011/11/25 16,26,4939
2011/11/25 17,24,3854
2011/11/25 18,23,5641
2011/11/25 19,28,6090
2011/11/25 20,36,5793
2011/11/25 21,35,6362
2011/11/25 22,39,6363
2011/11/25 23,39,1782
2011/11/26 00,40,428
2011/11/26 01,43,756
2011/11/26 02,45,530
2011/11/26 03,39,277
2011/11/26 04,36,430
2011/11/26 05,31,405
2011/11/26 06,26,391
2011/11/26 07,26,286
2011/11/26 08,29,292
2011/11/26 09,23,148
2011/11/26 10,24,642
2011/11/26 11,21,2334
2011/11/26 12,23,4195
2011/11/26 13,25,5404
2011/11/26 14,25,499
2011/11/26 15,29,924
2011/11/26 16,21,401
2011/11/26 17,17,399
2011/11/26 18,23,402
2011/11/26 19,22,11371
2011/11/26 20,30,10004
2011/11/26 21,37,8200
2011/11/26 22,40,3402
2011/11/26 23,44,3342
2011/11/27 00,54,3711
2011/11/27 01,59,507
2011/11/27 02,45,589
2011/11/27 03,42,654
2011/11/27 04,44,748
2011/11/27 05,33,476
2011/11/27 06,30,401
2011/11/27 07,32,671
2011/11/27 08,28,163
2011/11/27 09,25,129
2011/11/27 10,14,178
2011/11/27 11,11,120
2011/11/27 12,10,152
2011/11/27 13,12,148
2011/11/27 14,9,100
2011/11/27 15,7,117
2011/11/27 16,11,272
2011/11/27 17,39,403
2011/11/27 18,50,469
2011/11/27 19,52,472
2011/11/27 20,55,681
2011/11/27 21,63,828
2011/11/27 22,60,782
2011/11/27 23,64,580
2011/11/28 00,61,696
2011/11/28 01,48,650
2011/11/28 02,52,587
2011/11/28 03,41,299
2011/11/28 04,41,329
2011/11/28 05,42,353
2011/11/28 06,38,356
2011/11/28 07,36,424
2011/11/28 08,30,449
2011/11/28 09,20,429
2011/11/28 10,16,384
2011/11/28 11,16,441
2011/11/28 12,15,485
2011/11/28 13,20,589
2011/11/28 14,22,317
2011/11/28 15,26,328
2011/11/28 16,24,263
2011/11/28 17,34,279
2011/11/28 18,28,251
2011/11/28 19,40,295
2011/11/28 20,36,376
2011/11/28 21,40,390
2011/11/28 22,36,208
2011/11/28 23,44,232
2011/11/29 00,57,305
2011/11/29 01,46,436
2011/11/29 02,46,436
2011/11/29 03,40,553
2011/11/29 04,37,618
2011/11/29 05,42,622
2011/11/29 06,36,529
2011/11/29 07,30,531
2011/11/29 08,24,320
2011/11/29 09,17,345
2011/11/29 10,16,400
2011/11/29 11,13,122
2011/11/29 12,11,142
2011/11/29 13,18,217
2011/11/29 14,23,300
2011/11/29 15,23,261
2011/11/29 16,24,308
2011/11/29 17,27,347
2011/11/29 18,31,259
2011/11/29 19,32,311
2011/11/29 20,32,574
2011/11/29 21,32,518
2011/11/29 22,40,356
2011/11/29 23,40,314
2011/11/30 00,37,321
2011/11/30 01,36,280
2011/11/30 02,34,296
2011/11/30 03,37,334
2011/11/30 04,37,484
2011/11/30 05,48,476
2011/11/30 06,46,524
2011/11/30 07,42,546
2011/11/30 08,32,520
2011/11/30 09,24,579
2011/11/30 10,18,578
2011/11/30 11,17,292
2011/11/30 12,16,167
2011/11/30 13,20,201
2011/11/30 14,21,2628
2011/11/30 15,22,2308
2011/11/30 16,23,403
2011/11/30 17,30,498
2011/11/30 18,31,376
2011/11/30 19,28,173
2011/11/30 20,34,256
2011/11/30 21,37,337
2011/11/30 22,38,279
2011/11/30 23,41,221
2011/12/01 00,43,324
2011/12/01 01,51,402
2011/12/01 02,44,475
2011/12/01 03,47,552
2011/12/01 04,44,315
2011/12/01 05,46,323
2011/12/01 06,49,217
2011/12/01 07,39,350
2011/12/01 08,31,340
2011/12/01 09,24,377
2011/12/01 10,20,284
2011/12/01 11,23,529
2011/12/01 12,17,453
2011/12/01 13,13,85
2011/12/01 14,14,218
2011/12/01 15,19,331
2011/12/01 16,22,249
2011/12/01 17,24,279
2011/12/01 18,32,478
2011/12/01 19,40,418
2011/12/01 20,46,325
2011/12/01 21,43,330
2011/12/01 22,39,295
2011/12/01 23,40,312
2011/12/02 00,44,385
2011/12/02 01,45,466
2011/12/02 02,31,491
2011/12/02 03,35,365
2011/12/02 04,39,474
2011/12/02 05,43,855
2011/12/02 06,39,758
2011/12/02 07,36,496
2011/12/02 08,29,487
2011/12/02 09,28,403
2011/12/02 10,22,539
2011/12/02 11,21,523
2011/12/02 12,20,155
2011/12/02 13,19,189
2011/12/02 14,22,297
2011/12/02 15,26,300
2011/12/02 16,31,368
2011/12/02 17,27,515
2011/12/02 18,29,369
2011/12/02 19,37,476
2011/12/02 20,37,690
2011/12/02 21,33,379
2011/12/02 22,38,420
2011/12/02 23,44,550
2011/12/03 00,50,603
2011/12/03 01,44,639
2011/12/03 02,49,645
2011/12/03 03,50,422
2011/12/03 04,51,371
2011/12/03 05,47,358
2011/12/03 06,42,358
2011/12/03 07,41,301
2011/12/03 08,34,171
2011/12/03 09,32,179
2011/12/03 10,29,236
2011/12/03 11,25,250
2011/12/03 12,25,249
2011/12/03 13,22,195
2011/12/03 14,30,260
2011/12/03 15,34,467
2011/12/03 16,32,326
2011/12/03 17,31,370
2011/12/03 18,36,514
2011/12/03 19,44,556
2011/12/03 20,46,573
2011/12/03 21,50,424
2011/12/03 22,51,845
2011/12/03 23,54,900
2011/12/04 00,54,685
2011/12/04 01,50,502
2011/12/04 02,45,496
2011/12/04 03,40,440
2011/12/04 04,43,421
2011/12/04 05,42,536
2011/12/04 06,35,538
2011/12/04 07,35,187
2011/12/04 08,37,615
2011/12/04 09,33,538
2011/12/04 10,30,552
2011/12/04 11,30,493
2011/12/04 12,32,475
2011/12/04 13,30,335
2011/12/04 14,38,426
2011/12/04 15,32,577
2011/12/04 16,33,477
2011/12/04 17,44,599
2011/12/04 18,38,527
2011/12/04 19,45,486
2011/12/04 20,47,544
2011/12/04 21,52,477
2011/12/04 22,54,529
2011/12/04 23,53,453
2011/12/05 00,46,257
2011/12/05 01,48,510
2011/12/05 02,38,438
2011/12/05 03,38,425
2011/12/05 04,36,291
2011/12/05 05,30,211
2011/12/05 06,27,229
2011/12/05 07,32,386
2011/12/05 08,25,339
2011/12/05 09,21,292
2011/12/05 10,17,304
2011/12/05 11,17,334
2011/12/05 12,23,445
2011/12/05 13,29,265
2011/12/05 14,28,437
2011/12/05 15,29,488
2011/12/05 16,40,680
2011/12/05 17,41,562
2011/12/05 18,46,540
2011/12/05 19,41,396
2011/12/05 20,49,559
2011/12/05 21,48,526
2011/12/05 22,48,605
2011/12/05 23,48,586
2011/12/06 00,38,618
2011/12/06 01,32,274
2011/12/06 02,36,358
2011/12/06 03,42,413
2011/12/06 04,38,415
2011/12/06 05,36,463
2011/12/06 06,43,508
2011/12/06 07,35,509
2011/12/06 08,34,667
2011/12/06 09,28,758
2011/12/06 10,26,465
2011/12/06 11,18,384
2011/12/06 12,20,144
2011/12/06 13,22,227
2011/12/06 14,24,287
2011/12/06 15,25,325
2011/12/06 16,30,476
2011/12/06 17,27,215
2011/12/06 18,31,323
2011/12/06 19,38,370
2011/12/06 20,45,452
2011/12/06 21,48,459
2011/12/06 22,45,499
2011/12/06 23,37,496
2011/12/07 00,25,401
2011/12/07 01,18,375
2011/12/07 02,29,391
2011/12/07 03,52,815
2011/12/07 04,51,668
2011/12/07 05,50,460
2011/12/07 06,37,519
2011/12/07 07,35,699
2011/12/07 08,31,531
2011/12/07 09,31,501
2011/12/07 10,23,398
2011/12/07 11,26,350
2011/12/07 12,21,215
2011/12/07 13,14,176
2011/12/07 14,31,294
2011/12/07 15,31,344
2011/12/07 16,31,394
2011/12/07 17,35,387
2011/12/07 18,37,296
2011/12/07 19,34,415
2011/12/07 20,40,497
2011/12/07 21,49,574
2011/12/07 22,51,460
2011/12/07 23,47,366
2011/12/08 00,46,421
2011/12/08 01,38,548
2011/12/08 02,44,502
2011/12/08 03,51,476
2011/12/08 04,56,518
2011/12/08 05,53,497
2011/12/08 06,48,716
2011/12/08 07,39,540
2011/12/08 08,29,508
2011/12/08 09,30,507
2011/12/08 10,28,789
2011/12/08 11,26,565
2011/12/08 12,30,536
2011/12/08 13,25,265
2011/12/08 14,25,233
2011/12/08 15,28,186
2011/12/08 16,33,219
2011/12/08 17,32,244
2011/12/08 18,44,1520
2011/12/08 19,32,1247
2011/12/08 20,32,1496
2011/12/08 21,33,1650
2011/12/08 22,51,527
2011/12/08 23,53,570
2011/12/09 00,45,493
2011/12/09 01,36,446
2011/12/09 02,42,451
2011/12/09 03,45,464
2011/12/09 04,40,376
2011/12/09 05,43,421
2011/12/09 06,40,536
2011/12/09 07,35,517
2011/12/09 08,39,536
2011/12/09 09,30,270
2011/12/09 10,28,426
2011/12/09 11,26,325
2011/12/09 12,19,310
2011/12/09 13,22,262
2011/12/09 14,25,204
2011/12/09 15,30,341
2011/12/09 16,30,211
2011/12/09 17,34,188
2011/12/09 18,35,282
2011/12/09 19,35,283
2011/12/09 20,53,568
2011/12/09 21,54,887
2011/12/09 22,61,1065
2011/12/09 23,52,1032
2011/12/10 00,52,918
2011/12/10 01,59,1056
2011/12/10 02,60,517
2011/12/10 03,50,462
2011/12/10 04,44,502
2011/12/10 05,45,560
2011/12/10 06,41,567
2011/12/10 07,39,898
2011/12/10 08,35,479
2011/12/10 09,31,528
2011/12/10 10,21,190
2011/12/10 11,20,193
2011/12/10 12,24,244
2011/12/10 13,30,413
2011/12/10 14,37,550
2011/12/10 15,41,522
2011/12/10 16,38,2591
2011/12/10 17,27,285
2011/12/10 18,44,503
2011/12/10 19,54,1691
2011/12/10 20,49,505
2011/12/10 21,54,506
2011/12/10 22,48,389
2011/12/10 23,44,395
2011/12/11 00,52,298
2011/12/11 01,53,399
2011/12/11 02,54,349
2011/12/11 03,43,374
2011/12/11 04,42,387
2011/12/11 05,43,362
2011/12/11 06,47,389
2011/12/11 07,37,272
2011/12/11 08,27,338
2011/12/11 09,27,459
2011/12/11 10,24,270
2011/12/11 11,20,317
2011/12/11 12,28,477
2011/12/11 13,33,543
2011/12/11 14,32,730
2011/12/11 15,30,466
2011/12/11 16,31,525
2011/12/11 17,32,302
2011/12/11 18,36,293
2011/12/11 19,33,313
2011/12/11 20,39,386
2011/12/11 21,47,354
2011/12/11 22,53,604
2011/12/11 23,57,994
2011/12/12 00,47,1013
2011/12/12 01,44,1063
2011/12/12 02,46,1986
2011/12/12 03,35,1298
2011/12/12 04,34,683
2011/12/12 05,25,751
2011/12/12 06,25,360
2011/12/12 07,27,347
2011/12/12 08,32,379
2011/12/12 09,31,374
2011/12/12 10,21,276
2011/12/12 11,13,300
2011/12/12 12,19,231
2011/12/12 13,22,467
2011/12/12 14,25,795
2011/12/12 15,28,897
2011/12/12 16,31,946
2011/12/12 17,34,868
2011/12/12 18,32,399
2011/12/12 19,36,231
2011/12/12 20,42,290
2011/12/12 21,43,312
2011/12/12 22,53,569
2011/12/12 23,53,367
2011/12/13 00,50,313
2011/12/13 01,52,341
2011/12/13 02,50,329
2011/12/13 03,42,404
2011/12/13 04,38,511
2011/12/13 05,38,569
2011/12/13 06,36,660
2011/12/13 07,28,602
2011/12/13 08,29,417
2011/12/13 09,22,424
2011/12/13 10,18,373
2011/12/13 11,19,351
2011/12/13 12,17,290
2011/12/13 13,15,336
2011/12/13 14,27,375
2011/12/13 15,24,638
2011/12/13 16,28,877
2011/12/13 17,25,895
2011/12/13 18,32,883
2011/12/13 19,40,490
2011/12/13 20,45,675
2011/12/13 21,44,501
2011/12/13 22,52,517
2011/12/13 23,52,341
2011/12/14 00,50,377
2011/12/14 01,36,179
2011/12/14 02,33,994
2011/12/14 03,37,1269
2011/12/14 04,37,3897
2011/12/14 05,43,444
2011/12/14 06,34,395
2011/12/14 07,29,430
2011/12/14 08,29,308
2011/12/14 09,29,324
2011/12/14 10,23,297
2011/12/14 11,19,479
2011/12/14 12,18,264
2011/12/14 13,16,166
2011/12/14 14,26,266
2011/12/14 15,24,405
2011/12/14 16,26,437
2011/12/14 17,27,449
2011/12/14 18,24,383
2011/12/14 19,24,257
2011/12/14 20,29,226
2011/12/14 21,23,164
2011/12/14 22,18,627
2011/12/14 23,22,709
2011/12/15 00,31,725
2011/12/15 01,38,657
2011/12/15 02,39,283
2011/12/15 03,37,294
2011/12/15 04,34,300
2011/12/15 05,28,955
2011/12/15 06,25,537
2011/12/15 07,26,260
2011/12/15 08,28,352
2011/12/15 09,27,405
2011/12/15 10,20,453
2011/12/15 11,26,371
2011/12/15 12,23,509
2011/12/15 13,18,329
2011/12/15 14,19,280
2011/12/15 15,18,501
2011/12/15 16,18,601
2011/12/15 17,25,786
2011/12/15 18,26,762
2011/12/15 19,38,655
2011/12/15 20,44,378
2011/12/15 21,41,779
2011/12/15 22,45,716
2011/12/15 23,39,737
2011/12/16 00,44,786
2011/12/16 01,45,912
2011/12/16 02,43,565
2011/12/16 03,40,361
2011/12/16 04,37,364
2011/12/16 05,34,427
2011/12/16 06,34,426
2011/12/16 07,32,436
2011/12/16 08,22,430
2011/12/16 09,24,395
2011/12/16 10,26,479
2011/12/16 11,18,400
2011/12/16 12,20,577
2011/12/16 13,26,404
2011/12/16 14,27,495
2011/12/16 15,28,589
2011/12/16 16,32,709
2011/12/16 17,34,657
2011/12/16 18,32,677
2011/12/16 19,38,897
2011/12/16 20,34,1167
2011/12/16 21,23,760
2011/12/16 22,42,741
2011/12/16 23,48,2812
2011/12/17 00,44,1723
2011/12/17 01,44,598
2011/12/17 02,40,698
2011/12/17 03,38,417
2011/12/17 04,30,330
2011/12/17 05,33,327
2011/12/17 06,35,370
2011/12/17 07,32,385
2011/12/17 08,29,359
2011/12/17 09,29,389
2011/12/17 10,23,123
2011/12/17 11,23,121
2011/12/17 12,20,88
2011/12/17 13,21,156
2011/12/17 14,26,300
2011/12/17 15,30,738
2011/12/17 16,31,922
2011/12/17 17,36,1016
2011/12/17 18,35,1105
2011/12/17 19,28,917
2011/12/17 20,32,917
2011/12/17 21,34,290
2011/12/17 22,45,232
2011/12/17 23,52,263
2011/12/18 00,48,250
2011/12/18 01,35,265
2011/12/18 02,34,187
2011/12/18 03,33,275
2011/12/18 04,35,200
2011/12/18 05,32,222
2011/12/18 06,27,180
2011/12/18 07,30,143
2011/12/18 08,27,165
2011/12/18 09,22,180
2011/12/18 10,21,213
2011/12/18 11,22,218
2011/12/18 12,25,233
2011/12/18 13,22,571
2011/12/18 14,21,695
2011/12/18 15,27,742
2011/12/18 16,25,669
2011/12/18 17,30,667
2011/12/18 18,30,330
2011/12/18 19,32,570
2011/12/18 20,37,522
2011/12/18 21,37,394
2011/12/18 22,40,274
2011/12/18 23,37,319
2011/12/19 00,32,545
2011/12/19 01,24,701
2011/12/19 02,25,563
2011/12/19 03,20,515
2011/12/19 04,25,182
2011/12/19 05,19,227
2011/12/19 06,20,450
2011/12/19 07,20,753
2011/12/19 08,24,640
2011/12/19 09,23,651
2011/12/19 10,23,844
2011/12/19 11,20,739
2011/12/19 12,22,754
2011/12/19 13,17,1037
2011/12/19 14,21,1163
2011/12/19 15,19,941
2011/12/19 16,25,775
2011/12/19 17,32,319
2011/12/19 18,26,293
2011/12/19 19,30,258
2011/12/19 20,32,192
2011/12/19 21,36,370
2011/12/19 22,43,646
2011/12/19 23,48,2470
2011/12/20 00,44,2248
2011/12/20 01,36,999
2011/12/20 02,32,1074
2011/12/20 03,29,150
2011/12/20 04,34,267
2011/12/20 05,37,324
2011/12/20 06,34,456
2011/12/20 07,31,436
2011/12/20 08,24,477
2011/12/20 09,23,587
2011/12/20 10,25,701
2011/12/20 11,26,1086
2011/12/20 12,33,953
2011/12/20 13,25,1076
2011/12/20 14,21,1044
2011/12/20 15,26,862
2011/12/20 16,25,720
2011/12/20 17,28,242
2011/12/20 18,31,174
2011/12/20 19,27,189
2011/12/20 20,34,354
2011/12/20 21,40,396
2011/12/20 22,39,452
2011/12/20 23,39,1836
2011/12/21 00,35,1482
2011/12/21 01,24,117
2011/12/21 02,26,510
2011/12/21 03,32,474
2011/12/21 04,36,384
2011/12/21 05,37,279
2011/12/21 06,42,355
2011/12/21 07,42,472
2011/12/21 08,35,659
2011/12/21 09,35,601
2011/12/21 10,24,587
2011/12/21 11,20,675
2011/12/21 12,20,793
2011/12/21 13,21,773
2011/12/21 14,22,896
2011/12/21 15,21,243
2011/12/21 16,26,248
2011/12/21 17,31,148
2011/12/21 18,24,277
2011/12/21 19,29,233
2011/12/21 20,37,470
2011/12/21 21,39,493
2011/12/21 22,33,368
2011/12/21 23,29,307
2011/12/22 00,29,530
2011/12/22 01,43,599
2011/12/22 02,34,759
2011/12/22 03,35,713
2011/12/22 04,39,963
2011/12/22 05,31,982
2011/12/22 06,38,699
2011/12/22 07,53,830
2011/12/22 08,40,818
2011/12/22 09,33,830
2011/12/22 10,24,828
2011/12/22 11,25,694
2011/12/22 12,30,890
2011/12/22 13,25,750
2011/12/22 14,23,300
2011/12/22 15,25,383
2011/12/22 16,30,427
2011/12/22 17,32,395
2011/12/22 18,38,421
2011/12/22 19,37,393
2011/12/22 20,43,359
2011/12/22 21,43,548
2011/12/22 22,47,603
2011/12/22 23,47,1903
2011/12/23 00,39,982
2011/12/23 01,32,615
2011/12/23 02,32,315
2011/12/23 03,33,308
2011/12/23 04,39,266
2011/12/23 05,32,178
2011/12/23 06,26,192
2011/12/23 07,28,250
2011/12/23 08,27,270
2011/12/23 09,25,207
2011/12/23 10,19,126
2011/12/23 11,17,207
2011/12/23 12,17,325
2011/12/23 13,14,334
2011/12/23 14,12,189
2011/12/23 15,16,339
2011/12/23 16,15,247
2011/12/23 17,19,221
2011/12/23 18,24,195
2011/12/23 19,25,147
2011/12/23 20,24,249
2011/12/23 21,19,427
2011/12/23 22,31,376
2011/12/23 23,32,1727
2011/12/24 00,35,1594
2011/12/24 01,30,385
2011/12/24 02,29,384
2011/12/24 03,31,642
2011/12/24 04,37,880
2011/12/24 05,40,836
2011/12/24 06,34,318
2011/12/24 07,31,380
2011/12/24 08,32,692
2011/12/24 09,31,784
2011/12/24 10,23,986
2011/12/24 11,16,940
2011/12/24 12,12,1056
2011/12/24 13,9,626
2011/12/24 14,11,419
2011/12/24 15,7,111
2011/12/24 16,12,65
2011/12/24 17,12,85
2011/12/24 18,17,65
2011/12/24 19,17,58
2011/12/24 20,20,88
2011/12/24 21,17,176
2011/12/24 22,23,250
2011/12/24 23,20,470
2011/12/25 00,22,533
2011/12/25 01,21,515
2011/12/25 02,25,492
2011/12/25 03,25,469
2011/12/25 04,21,481
2011/12/25 05,22,499
2011/12/25 06,21,157
2011/12/25 07,28,290
2011/12/25 08,25,289
2011/12/25 09,17,321
2011/12/25 10,17,244
2011/12/25 11,15,225
2011/12/25 12,17,207
2011/12/25 13,13,226
2011/12/25 14,12,155
2011/12/25 15,16,124
2011/12/25 16,14,163
2011/12/25 17,15,130
2011/12/25 18,22,259
2011/12/25 19,20,224
2011/12/25 20,18,373
2011/12/25 21,20,584
2011/12/25 22,19,517
2011/12/25 23,22,600
2011/12/26 00,21,444
2011/12/26 01,17,524
2011/12/26 02,21,803
2011/12/26 03,17,454
2011/12/26 04,17,450
2011/12/26 05,19,453
2011/12/26 06,29,569
2011/12/26 07,31,631
2011/12/26 08,29,880
2011/12/26 09,28,1025
2011/12/26 10,24,1007
2011/12/26 11,15,1071
2011/12/26 12,11,895
2011/12/26 13,16,371
2011/12/26 14,20,431
2011/12/26 15,18,599
2011/12/26 16,19,549
2011/12/26 17,23,431
2011/12/26 18,23,522
2011/12/26 19,22,344
2011/12/26 20,30,1018
2011/12/26 21,32,1152
2011/12/26 22,28,230
2011/12/26 23,27,283
2011/12/27 00,38,630
2011/12/27 01,37,714
2011/12/27 02,30,978
2011/12/27 03,28,898
2011/12/27 04,35,551
2011/12/27 05,28,602
2011/12/27 06,29,688
2011/12/27 07,32,1215
2011/12/27 08,32,569
2011/12/27 09,32,606
2011/12/27 10,28,1015
2011/12/27 11,26,1045
2011/12/27 12,14,988
2011/12/27 13,20,330
2011/12/27 14,23,393
2011/12/27 15,25,593
2011/12/27 16,20,519
2011/12/27 17,18,338
2011/12/27 18,19,251
2011/12/27 19,30,554
2011/12/27 20,31,370
2011/12/27 21,33,692
2011/12/27 22,32,1029
2011/12/27 23,34,1288
2011/12/28 00,37,642
2011/12/28 01,31,422
2011/12/28 02,33,723
2011/12/28 03,31,367
2011/12/28 04,30,549
2011/12/28 05,33,587
2011/12/28 06,34,813
2011/12/28 07,29,1609
2011/12/28 08,26,1623
2011/12/28 09,30,1103
2011/12/28 10,26,1045
2011/12/28 11,21,1176
2011/12/28 12,20,1209
2011/12/28 13,19,716
2011/12/28 14,16,140
2011/12/28 15,23,271
2011/12/28 16,17,460
2011/12/28 17,20,676
2011/12/28 18,27,1158
2011/12/28 19,28,1494
2011/12/28 20,32,1236
2011/12/28 21,27,956
2011/12/28 22,29,622
2011/12/28 23,29,682
2011/12/29 00,27,741
2011/12/29 01,26,855
2011/12/29 02,26,824
2011/12/29 03,26,907
2011/12/29 04,29,1064
2011/12/29 05,32,1297
2011/12/29 06,32,1734
2011/12/29 07,24,1278
2011/12/29 08,21,1078
2011/12/29 09,24,1060
2011/12/29 10,28,1250
2011/12/29 11,27,1295
2011/12/29 12,23,1036
2011/12/29 13,17,1001
2011/12/29 14,21,203
2011/12/29 15,19,196
2011/12/29 16,20,154
2011/12/29 17,13,135
2011/12/29 18,25,473
2011/12/29 19,27,686
2011/12/29 20,27,812
2011/12/29 21,31,847
2011/12/29 22,30,738
2011/12/29 23,24,553
2011/12/30 00,25,766
2011/12/30 01,32,821
2011/12/30 02,28,905
2011/12/30 03,27,778
2011/12/30 04,24,742
2011/12/30 05,25,560
2011/12/30 06,30,640
2011/12/30 07,29,707
2011/12/30 08,31,1150
2011/12/30 09,29,1328
2011/12/30 10,20,1181
2011/12/30 11,16,1300
2011/12/30 12,17,1162
2011/12/30 13,21,1155
2011/12/30 14,17,1230
2011/12/30 15,13,1180
2011/12/30 16,17,1178
2011/12/30 17,19,151
2011/12/30 18,17,165
2011/12/30 19,22,428
2011/12/30 20,29,621
2011/12/30 21,39,724
2011/12/30 22,37,862
2011/12/30 23,30,708
2011/12/31 00,27,663
2011/12/31 01,22,677
2011/12/31 02,20,637
2011/12/31 03,20,748
2011/12/31 04,23,747
2011/12/31 05,27,915
2011/12/31 06,32,926
2011/12/31 07,30,835
2011/12/31 08,23,362
2011/12/31 09,29,364
2011/12/31 10,23,444
2011/12/31 11,20,449
2011/12/31 12,18,538
2011/12/31 13,18,647
2011/12/31 14,18,803
2011/12/31 15,15,163
2011/12/31 16,20,287
2011/12/31 17,17,425
2011/12/31 18,17,439
2011/12/31 19,18,1030
2011/12/31 20,25,1084
2011/12/31 21,24,1572
2011/12/31 22,27,831
2011/12/31 23,23,807
2012/01/01 00,22,833
2012/01/01 01,23,738
2012/01/01 02,21,794
2012/01/01 03,20,787
2012/01/01 04,18,782
2012/01/01 05,19,665
2012/01/01 06,19,267
2012/01/01 07,21,290
2012/01/01 08,19,255
2012/01/01 09,19,354
2012/01/01 10,24,446
2012/01/01 11,23,659
2012/01/01 12,17,230
2012/01/01 13,19,180
2012/01/01 14,15,77
2012/01/01 15,16,90
2012/01/01 16,13,88
2012/01/01 17,12,77
2012/01/01 18,15,174
2012/01/01 19,20,450
2012/01/01 20,32,734
2012/01/01 21,36,810
2012/01/01 22,36,437
2012/01/01 23,38,766
2012/01/02 00,41,1046
2012/01/02 01,38,1188
2012/01/02 02,37,289
2012/01/02 03,32,352
2012/01/02 04,36,607
2012/01/02 05,36,887
2012/01/02 06,35,766
2012/01/02 07,26,417
2012/01/02 08,33,373
2012/01/02 09,31,260
2012/01/02 10,28,456
2012/01/02 11,23,517
2012/01/02 12,20,697
2012/01/02 13,21,938
2012/01/02 14,23,1163
2012/01/02 15,22,325
2012/01/02 16,23,199
2012/01/02 17,32,467
2012/01/02 18,30,642
2012/01/02 19,30,653
2012/01/02 20,30,658
2012/01/02 21,37,706
2012/01/02 22,42,563
2012/01/02 23,41,320
2012/01/03 00,40,365
2012/01/03 01,37,373
2012/01/03 02,44,633
2012/01/03 03,39,496
2012/01/03 04,32,866
2012/01/03 05,30,718
2012/01/03 06,34,490
2012/01/03 07,33,767
2012/01/03 08,30,1108
2012/01/03 09,31,1257
2012/01/03 10,27,1371
2012/01/03 11,24,1271
2012/01/03 12,20,1293
2012/01/03 13,22,1339
2012/01/03 14,19,931
2012/01/03 15,18,357
2012/01/03 16,22,351
2012/01/03 17,29,134
2012/01/03 18,28,199
2012/01/03 19,31,179
2012/01/03 20,33,1296
2012/01/03 21,33,2363
2012/01/03 22,39,353
2012/01/03 23,42,663
2012/01/04 00,34,228
2012/01/04 01,27,351
2012/01/04 02,27,714
2012/01/04 03,33,1148
2012/01/04 04,32,1414
2012/01/04 05,34,521
2012/01/04 06,31,422
2012/01/04 07,21,382
2012/01/04 08,22,717
2012/01/04 09,20,941
2012/01/04 10,19,1207
2012/01/04 11,21,1367
2012/01/04 12,18,1508
2012/01/04 13,19,1568
2012/01/04 14,19,1514
2012/01/04 15,24,1122
2012/01/04 16,27,601
2012/01/04 17,28,651
2012/01/04 18,14,342
2012/01/04 19,18,416
2012/01/04 20,42,799
2012/01/04 21,50,839
2012/01/04 22,50,545
2012/01/04 23,38,550
2012/01/05 00,40,525
2012/01/05 01,27,206
2012/01/05 02,29,414
2012/01/05 03,27,250
2012/01/05 04,21,140
2012/01/05 05,24,227
2012/01/05 06,22,484
2012/01/05 07,20,460
2012/01/05 08,24,324
2012/01/05 09,26,664
2012/01/05 10,25,874
2012/01/05 11,21,1038
2012/01/05 12,22,1338
2012/01/05 13,23,1323
2012/01/05 14,20,488
2012/01/05 15,21,630
2012/01/05 16,24,835
2012/01/05 17,25,492
2012/01/05 18,17,252
2012/01/05 19,24,338
2012/01/05 20,32,473
2012/01/05 21,37,582
2012/01/05 22,38,635
2012/01/05 23,42,619
2012/01/06 00,32,233
2012/01/06 01,35,446
2012/01/06 02,44,260
2012/01/06 03,33,421
2012/01/06 04,28,432
2012/01/06 05,25,779
2012/01/06 06,29,464
2012/01/06 07,29,438
2012/01/06 08,23,395
2012/01/06 09,25,830
2012/01/06 10,25,851
2012/01/06 11,23,1223
2012/01/06 12,19,929
2012/01/06 13,17,1025
2012/01/06 14,21,1125
2012/01/06 15,28,1144
2012/01/06 16,25,1125
2012/01/06 17,28,1402
2012/01/06 18,34,1686
2012/01/06 19,33,1068
2012/01/06 20,38,1338
2012/01/06 21,42,1066
2012/01/06 22,39,1429
2012/01/06 23,39,1158
2012/01/07 00,36,1042
2012/01/07 01,35,639
2012/01/07 02,30,569
2012/01/07 03,34,717
2012/01/07 04,35,823
2012/01/07 05,32,871
2012/01/07 06,29,949
2012/01/07 07,31,522
2012/01/07 08,28,826
2012/01/07 09,31,799
2012/01/07 10,28,805
2012/01/07 11,23,990
2012/01/07 12,26,1184
2012/01/07 13,32,1428
2012/01/07 14,24,1596
2012/01/07 15,28,1611
2012/01/07 16,34,522
2012/01/07 17,32,602
2012/01/07 18,21,659
2012/01/07 19,30,540
2012/01/07 20,28,320
2012/01/07 21,28,373
2012/01/07 22,40,521
2012/01/07 23,38,607
2012/01/08 00,32,456
2012/01/08 01,37,224
2012/01/08 02,34,266
2012/01/08 03,33,492
2012/01/08 04,32,393
2012/01/08 05,31,162
2012/01/08 06,28,179
2012/01/08 07,29,189
2012/01/08 08,20,144
2012/01/08 09,21,210
2012/01/08 10,23,375
2012/01/08 11,21,797
2012/01/08 12,20,768
2012/01/08 13,21,896
2012/01/08 14,23,937
2012/01/08 15,17,348
2012/01/08 16,19,236
2012/01/08 17,19,262
2012/01/08 18,23,179
2012/01/08 19,30,492
2012/01/08 20,37,401
2012/01/08 21,36,413
2012/01/08 22,40,250
2012/01/08 23,40,274
2012/01/09 00,44,583
2012/01/09 01,38,616
2012/01/09 02,32,864
2012/01/09 03,37,731
2012/01/09 04,33,604
2012/01/09 05,28,766
2012/01/09 06,31,960
2012/01/09 07,29,977
2012/01/09 08,23,1122
2012/01/09 09,28,1083
2012/01/09 10,23,507
2012/01/09 11,15,417
2012/01/09 12,17,834
2012/01/09 13,21,909
2012/01/09 14,25,1082
2012/01/09 15,17,1009
