2011/10/28 23,1,106
2011/10/29 00,1,31
2011/10/29 02,1,35
2011/10/29 03,1,44
2011/10/29 04,1,46
2011/10/29 05,2,31
2011/10/29 06,1,1
2011/10/29 07,1,1
2011/10/29 09,1,3
2011/10/29 10,1,4
2011/10/29 11,1,2
2011/10/29 23,1,3
2011/10/30 00,1,5
2011/10/30 01,1,5
2011/10/30 19,1,1
2011/10/30 20,1,1
2011/10/30 21,1,1
2011/11/05 18,1,1
2011/11/05 19,1,2
2011/11/05 20,1,5
2011/11/05 21,1,7
2011/11/05 22,1,9
2011/11/05 23,1,7
2011/11/06 00,1,7
2011/11/06 01,1,8
2011/11/06 02,1,9
2011/11/06 03,1,3
2011/11/06 04,1,3
2011/11/06 05,1,2
2011/11/06 06,1,2
2011/11/07 00,1,0
2011/11/07 01,1,3
2011/11/07 02,1,3
2011/11/07 04,1,1
2011/11/07 05,1,4
2011/11/07 06,1,6
2011/11/07 07,1,7
2011/11/07 08,1,6
2011/11/08 22,1,0
2011/11/08 23,2,3
2011/11/09 00,1,4
2011/11/09 01,1,6
2011/11/09 02,1,3
2011/11/09 23,1,0
2011/11/10 00,1,2
2011/11/10 01,1,4
2011/11/10 02,1,5
2011/11/10 03,1,2
2011/11/10 04,1,4
2011/11/10 05,1,5
2011/11/10 06,1,3
2011/11/10 22,1,1
2011/11/10 23,1,7
2011/11/11 00,1,7
2011/11/11 01,1,6
2011/11/11 02,1,7
2011/11/11 03,1,6
2011/11/11 04,1,7
2011/11/11 20,1,3
2011/11/11 21,1,5
2011/11/11 22,1,7
2011/11/11 23,1,6
2011/11/12 00,1,6
2011/11/13 21,1,2
2011/11/13 23,1,4
2011/11/14 00,1,5
2011/11/14 01,1,5
2011/11/14 02,1,8
2011/11/14 03,1,10
2011/11/14 04,1,5
2011/11/14 05,1,5
2011/11/14 06,1,7
2011/11/14 07,1,7
2011/11/14 08,1,2
2011/11/14 09,1,4
2011/11/14 10,1,5
2011/11/14 11,1,2
2011/11/14 23,1,4
2011/11/15 00,1,6
2011/11/15 01,1,4
2011/11/15 20,1,0
2011/11/17 19,1,0
2011/11/18 20,1,1
2011/11/18 21,1,2
2011/11/18 22,1,2
2011/11/18 23,1,3
2011/11/19 00,1,3
2011/11/19 01,1,3
2011/11/19 02,1,3
2011/11/19 03,1,3
2011/11/29 22,1,0
2011/12/09 00,1,0
2011/12/09 01,1,1
2011/12/09 02,1,0
