2011/09/30 22,7,1021
2011/09/30 23,6,1022
2011/10/01 00,6,953
2011/10/01 01,5,814
2011/10/01 02,4,713
2011/10/01 03,5,640
2011/10/01 04,6,683
2011/10/01 05,6,73
2011/10/01 06,4,74
2011/10/01 07,3,77
2011/10/01 08,2,78
2011/10/01 09,4,133
2011/10/01 10,3,233
2011/10/01 11,3,225
2011/10/01 12,3,252
2011/10/01 13,4,335
2011/10/01 14,8,402
2011/10/01 15,5,390
2011/10/01 16,5,374
2011/10/01 17,4,314
2011/10/01 18,8,423
2011/10/01 19,6,450
2011/10/01 20,7,494
2011/10/01 21,8,344
2011/10/01 22,9,702
2011/10/01 23,12,827
2011/10/02 00,10,733
2011/10/02 01,5,137
2011/10/02 02,2,15
2011/10/02 03,3,379
2011/10/02 04,1,405
2011/10/02 05,4,421
2011/10/02 06,4,425
2011/10/02 07,3,449
2011/10/02 08,1,7
2011/10/02 09,2,11
2011/10/02 10,3,93
2011/10/02 11,3,137
2011/10/02 12,5,202
2011/10/02 13,3,208
2011/10/02 14,1,74
2011/10/02 15,3,156
2011/10/02 16,2,124
2011/10/02 17,3,189
2011/10/02 18,5,307
2011/10/02 19,7,256
2011/10/02 20,9,299
2011/10/02 21,7,768
2011/10/02 22,5,763
2011/10/02 23,6,765
2011/10/03 00,5,819
2011/10/03 01,7,187
2011/10/03 02,6,239
2011/10/03 03,3,174
2011/10/03 04,2,113
2011/10/03 05,3,110
2011/10/03 06,1,11
2011/10/03 07,1,7
2011/10/03 08,1,9
2011/10/03 09,2,11
2011/10/03 10,1,17
2011/10/03 11,1,16
2011/10/03 12,1,25
2011/10/03 13,1,21
2011/10/03 14,2,53
2011/10/03 15,2,125
2011/10/03 16,2,186
2011/10/03 17,3,252
2011/10/03 18,3,172
2011/10/03 19,8,644
2011/10/03 20,7,767
2011/10/03 21,5,799
2011/10/03 22,4,765
2011/10/03 23,4,728
2011/10/04 00,2,6
2011/10/04 01,2,10
2011/10/04 02,2,12
2011/10/04 03,3,29
2011/10/04 04,2,35
2011/10/04 05,2,32
2011/10/04 06,2,25
2011/10/04 07,1,12
2011/10/04 08,1,17
2011/10/04 12,1,22
2011/10/04 13,3,77
2011/10/04 14,3,107
2011/10/04 15,2,138
2011/10/04 16,3,76
2011/10/04 17,3,153
2011/10/04 18,4,482
2011/10/04 19,4,682
2011/10/04 20,2,661
2011/10/04 21,4,707
2011/10/04 22,4,698
2011/10/04 23,7,640
2011/10/05 00,6,611
2011/10/05 01,4,465
2011/10/05 02,5,384
2011/10/05 03,3,366
2011/10/05 04,2,10
2011/10/05 05,1,8
2011/10/05 07,1,2
2011/10/05 08,1,3
2011/10/05 09,1,6
2011/10/05 10,1,12
2011/10/05 11,2,47
2011/10/05 12,1,73
2011/10/05 13,3,117
2011/10/05 14,4,150
2011/10/05 15,3,53
2011/10/05 16,1,2
2011/10/05 17,3,344
2011/10/05 18,6,734
2011/10/05 19,5,979
2011/10/05 20,4,972
2011/10/05 21,2,933
2011/10/05 22,2,850
2011/10/05 23,3,813
2011/10/06 00,6,766
2011/10/06 01,6,625
2011/10/06 02,4,525
2011/10/06 03,2,22
2011/10/06 04,1,9
2011/10/06 05,1,17
2011/10/06 06,1,8
2011/10/06 07,2,9
2011/10/06 08,2,19
2011/10/06 09,1,16
2011/10/06 11,1,4
2011/10/06 12,1,2
2011/10/06 13,1,43
2011/10/06 14,2,134
2011/10/06 15,2,7
2011/10/06 16,6,422
2011/10/06 17,5,662
2011/10/06 18,6,692
2011/10/06 19,7,691
2011/10/06 20,5,788
2011/10/06 21,4,703
2011/10/06 22,4,675
2011/10/06 23,3,632
2011/10/07 00,2,636
2011/10/07 01,2,597
2011/10/07 02,2,506
2011/10/07 05,1,1
2011/10/07 09,1,11
2011/10/07 10,3,17
2011/10/07 11,2,60
2011/10/07 12,1,73
2011/10/07 13,2,96
2011/10/07 14,1,107
2011/10/07 15,3,114
2011/10/07 16,2,392
2011/10/07 17,3,538
2011/10/07 18,4,647
2011/10/07 19,6,1296
2011/10/07 20,7,1317
2011/10/07 21,6,1156
2011/10/07 22,8,1064
2011/10/07 23,7,752
2011/10/08 00,7,672
2011/10/08 01,4,621
2011/10/08 02,5,578
2011/10/08 03,5,112
2011/10/08 04,2,57
2011/10/08 05,2,70
2011/10/08 06,3,33
2011/10/08 07,3,56
2011/10/08 08,3,90
2011/10/08 09,6,132
2011/10/08 10,5,147
2011/10/08 11,3,122
2011/10/08 12,7,327
2011/10/08 13,9,349
2011/10/08 14,10,179
2011/10/08 15,6,229
2011/10/08 16,5,588
2011/10/08 17,7,1157
2011/10/08 18,9,1361
2011/10/08 19,8,1273
2011/10/08 20,7,701
2011/10/08 21,6,467
2011/10/08 22,6,335
2011/10/08 23,3,264
2011/10/09 00,3,216
2011/10/09 01,3,162
2011/10/09 02,1,1
2011/10/09 03,2,5
2011/10/09 04,2,13
2011/10/09 05,3,14
2011/10/09 06,3,13
2011/10/09 07,2,22
2011/10/09 08,1,66
2011/10/09 09,3,96
2011/10/09 10,5,176
2011/10/09 11,6,336
2011/10/09 12,6,463
2011/10/09 13,7,403
2011/10/09 14,6,214
2011/10/09 15,7,280
2011/10/09 16,5,261
2011/10/09 17,4,113
2011/10/09 18,9,560
2011/10/09 19,9,600
2011/10/09 20,9,428
2011/10/09 21,6,336
2011/10/09 22,3,9
2011/10/09 23,3,40
2011/10/10 00,3,71
2011/10/10 01,3,70
2011/10/10 02,4,49
2011/10/10 03,4,48
2011/10/10 04,3,40
2011/10/10 05,3,32
2011/10/10 06,1,0
2011/10/10 07,1,0
2011/10/10 08,1,2
2011/10/10 09,1,0
2011/10/10 11,2,14
2011/10/10 12,2,298
2011/10/10 13,6,482
2011/10/10 14,8,828
2011/10/10 15,5,1071
2011/10/10 16,8,1322
2011/10/10 17,8,1106
2011/10/10 21,8,1046
2011/10/10 22,5,964
2011/10/10 23,5,760
2011/10/11 00,5,865
2011/10/11 01,3,239
2011/10/11 02,3,237
2011/10/11 03,2,45
2011/10/11 04,4,58
2011/10/11 05,4,63
2011/10/11 06,3,58
2011/10/11 07,2,13
2011/10/11 08,2,20
2011/10/11 09,1,28
2011/10/11 10,2,66
2011/10/11 11,3,93
2011/10/11 12,3,118
2011/10/11 13,4,120
2011/10/11 14,5,131
2011/10/11 15,6,161
2011/10/11 16,6,181
2011/10/11 17,6,124
2011/10/11 18,6,102
2011/10/11 19,8,208
2011/10/11 20,9,763
2011/10/11 21,9,882
2011/10/11 22,9,837
2011/10/11 23,8,790
2011/10/12 00,7,706
2011/10/12 01,5,685
2011/10/12 02,5,553
2011/10/12 03,4,86
2011/10/12 04,3,48
2011/10/12 05,2,24
2011/10/12 06,2,30
2011/10/12 09,1,15
2011/10/12 10,2,33
2011/10/12 11,2,67
2011/10/12 12,3,88
2011/10/12 13,3,125
2011/10/12 14,2,92
2011/10/12 15,3,49
2011/10/12 16,4,86
2011/10/12 17,4,444
2011/10/12 18,7,670
2011/10/12 19,10,1001
2011/10/12 20,10,1103
2011/10/12 21,7,1005
2011/10/12 22,8,1230
2011/10/12 23,3,775
2011/10/13 00,3,799
2011/10/13 01,2,643
2011/10/13 02,2,611
2011/10/13 03,2,28
2011/10/13 04,2,28
2011/10/13 05,2,30
2011/10/13 06,5,47
2011/10/13 07,3,25
2011/10/13 08,2,11
2011/10/13 09,1,7
2011/10/13 10,2,16
2011/10/13 11,3,18
2011/10/13 12,2,30
2011/10/13 13,3,55
2011/10/13 14,4,91
2011/10/13 15,6,191
2011/10/13 16,8,240
2011/10/13 17,10,238
2011/10/13 18,5,43
2011/10/13 19,8,122
2011/10/13 20,6,707
2011/10/13 21,5,876
2011/10/13 22,7,1010
2011/10/13 23,4,737
2011/10/14 00,4,685
2011/10/14 01,3,42
2011/10/14 02,3,50
2011/10/14 03,4,56
2011/10/14 04,5,64
2011/10/14 05,5,40
2011/10/14 06,2,25
2011/10/14 07,2,9
2011/10/14 08,2,19
2011/10/14 09,1,10
2011/10/14 10,1,11
2011/10/14 11,2,46
2011/10/14 12,2,34
2011/10/14 13,3,56
2011/10/14 14,4,73
2011/10/14 15,5,288
2011/10/14 16,8,378
2011/10/14 17,9,1174
2011/10/14 18,4,1132
2011/10/14 19,5,1353
2011/10/14 20,9,1568
2011/10/14 21,11,2287
2011/10/14 22,9,2105
2011/10/14 23,7,1896
2011/10/15 00,5,1228
2011/10/15 01,3,962
2011/10/15 02,5,680
2011/10/15 03,3,616
2011/10/15 04,3,567
2011/10/15 05,2,523
2011/10/15 06,2,579
2011/10/15 07,2,656
2011/10/15 08,1,796
2011/10/15 09,3,954
2011/10/15 10,4,1024
2011/10/15 11,3,994
2011/10/15 12,5,909
2011/10/15 13,5,1066
2011/10/15 14,6,1047
2011/10/15 15,4,967
2011/10/15 16,5,972
2011/10/15 17,4,946
2011/10/15 18,6,125
2011/10/15 19,7,142
2011/10/15 20,5,130
2011/10/15 21,5,138
2011/10/15 22,4,138
2011/10/15 23,7,161
2011/10/16 00,6,162
2011/10/16 01,5,133
2011/10/16 02,5,74
2011/10/16 03,3,53
2011/10/16 04,3,48
2011/10/16 05,2,43
2011/10/16 06,1,25
2011/10/16 07,1,2
2011/10/16 08,2,9
2011/10/16 09,1,1
2011/10/16 10,1,2
2011/10/16 11,2,17
2011/10/16 12,2,29
2011/10/16 13,5,46
2011/10/16 14,6,85
2011/10/16 15,6,87
2011/10/16 16,6,86
2011/10/16 17,10,434
2011/10/16 18,8,832
2011/10/16 19,7,845
2011/10/16 20,6,838
2011/10/16 21,6,211
2011/10/16 22,8,184
2011/10/16 23,5,121
2011/10/17 00,4,58
2011/10/17 01,5,82
2011/10/17 02,3,69
2011/10/17 03,3,76
2011/10/17 04,2,64
2011/10/17 05,1,11
2011/10/17 06,1,24
2011/10/17 07,1,32
2011/10/17 08,2,37
2011/10/17 09,1,40
2011/10/17 10,2,51
2011/10/17 11,4,60
2011/10/17 12,3,101
2011/10/17 13,2,99
2011/10/17 14,4,66
2011/10/17 15,3,13
2011/10/17 16,3,167
2011/10/17 17,5,537
2011/10/17 18,10,875
2011/10/17 19,7,1497
2011/10/17 20,7,1607
2011/10/17 21,7,1132
2011/10/17 22,8,1183
2011/10/17 23,6,875
2011/10/18 00,4,819
2011/10/18 01,5,290
2011/10/18 02,7,270
2011/10/18 03,6,249
2011/10/18 04,5,190
2011/10/18 05,2,54
2011/10/18 06,2,18
2011/10/18 07,1,1
2011/10/18 08,1,3
2011/10/18 09,2,9
2011/10/18 10,2,15
2011/10/18 11,3,9
2011/10/18 12,2,26
2011/10/18 13,2,55
2011/10/18 14,2,81
2011/10/18 15,4,112
2011/10/18 16,4,56
2011/10/18 17,5,112
2011/10/18 18,7,561
2011/10/18 19,6,795
2011/10/18 20,9,987
2011/10/18 21,10,1462
2011/10/18 22,8,736
2011/10/18 23,4,769
2011/10/19 00,5,120
2011/10/19 01,3,99
2011/10/19 02,4,94
2011/10/19 03,3,75
2011/10/19 04,3,59
2011/10/19 05,1,41
2011/10/19 06,1,24
2011/10/19 07,2,21
2011/10/19 08,1,27
2011/10/19 09,1,34
2011/10/19 10,1,40
2011/10/19 11,1,51
2011/10/19 12,2,69
2011/10/19 13,3,107
2011/10/19 14,5,177
2011/10/19 15,8,272
2011/10/19 16,8,380
2011/10/19 17,6,344
2011/10/19 18,7,859
2011/10/19 19,5,685
2011/10/19 20,5,696
2011/10/19 21,5,792
2011/10/19 22,4,779
2011/10/19 23,6,745
2011/10/20 00,6,643
2011/10/20 01,6,597
2011/10/20 02,6,108
2011/10/20 03,4,96
2011/10/20 04,1,63
2011/10/20 05,1,47
2011/10/20 06,2,33
2011/10/20 07,1,3
2011/10/20 08,1,5
2011/10/20 09,1,9
2011/10/20 10,2,15
2011/10/20 11,1,16
2011/10/20 12,2,39
2011/10/20 13,4,117
2011/10/20 14,6,87
2011/10/20 15,8,151
2011/10/20 16,9,234
2011/10/20 17,13,519
2011/10/20 18,9,772
2011/10/20 19,10,891
2011/10/20 20,9,866
2011/10/20 21,10,830
2011/10/20 22,9,815
2011/10/20 23,8,770
2011/10/21 00,6,809
2011/10/21 01,4,581
2011/10/21 02,5,565
2011/10/21 03,5,500
2011/10/21 04,2,438
2011/10/21 05,4,415
2011/10/21 06,3,40
2011/10/21 07,2,44
2011/10/21 08,2,48
2011/10/21 09,4,52
2011/10/21 10,5,62
2011/10/21 11,4,74
2011/10/21 12,3,41
2011/10/21 13,4,61
2011/10/21 14,5,149
2011/10/21 15,7,252
2011/10/21 16,11,354
2011/10/21 17,9,236
2011/10/21 18,7,216
2011/10/21 19,8,749
2011/10/21 20,9,1135
2011/10/21 21,8,1341
2011/10/21 22,10,1449
2011/10/21 23,9,1196
2011/10/22 00,7,776
2011/10/22 01,5,780
2011/10/22 02,7,192
2011/10/22 03,5,127
2011/10/22 04,4,137
2011/10/22 05,5,120
2011/10/22 06,4,87
2011/10/22 07,3,85
2011/10/22 08,2,37
2011/10/22 09,3,112
2011/10/22 10,4,170
2011/10/22 11,5,204
2011/10/22 12,4,94
2011/10/22 13,7,109
2011/10/22 14,8,74
2011/10/22 15,7,137
2011/10/22 16,10,181
2011/10/22 17,7,259
2011/10/22 18,6,300
2011/10/22 19,5,826
2011/10/22 20,5,1037
2011/10/22 21,6,1139
2011/10/22 22,6,230
2011/10/22 23,4,294
2011/10/23 00,6,289
2011/10/23 01,6,299
2011/10/23 02,6,315
2011/10/23 03,4,271
2011/10/23 04,3,199
2011/10/23 05,2,166
2011/10/23 06,1,0
2011/10/23 07,1,0
2011/10/23 08,1,1
2011/10/23 09,2,102
2011/10/23 10,2,200
2011/10/23 11,4,264
2011/10/23 12,4,69
2011/10/23 13,5,108
2011/10/23 14,5,211
2011/10/23 15,6,214
2011/10/23 16,4,188
2011/10/23 17,5,228
2011/10/23 18,8,175
2011/10/23 19,9,288
2011/10/23 20,11,474
2011/10/23 21,13,790
2011/10/23 22,10,762
2011/10/23 23,5,530
2011/10/24 00,6,439
2011/10/24 01,7,123
2011/10/24 02,7,107
2011/10/24 03,5,80
2011/10/24 04,4,56
2011/10/24 05,3,25
2011/10/24 06,1,2
2011/10/24 07,2,15
2011/10/24 08,3,27
2011/10/24 09,3,43
2011/10/24 10,4,126
2011/10/24 11,4,212
2011/10/24 12,5,185
2011/10/24 13,5,206
2011/10/24 14,4,332
2011/10/24 15,5,418
2011/10/24 16,5,603
2011/10/24 17,9,624
2011/10/24 18,4,805
2011/10/24 19,7,889
2011/10/24 20,7,977
2011/10/24 21,11,1012
2011/10/24 22,10,1034
2011/10/24 23,5,764
2011/10/25 00,7,163
2011/10/25 01,5,157
2011/10/25 02,4,125
2011/10/25 03,3,119
2011/10/25 04,3,81
2011/10/25 05,2,68
2011/10/25 07,1,3
2011/10/25 08,3,27
2011/10/25 09,2,29
2011/10/25 10,3,189
2011/10/25 11,5,310
2011/10/25 12,5,307
2011/10/25 13,7,469
2011/10/25 14,7,807
2011/10/25 15,8,809
2011/10/25 16,6,685
2011/10/25 17,10,958
2011/10/25 18,11,896
2011/10/25 19,9,858
2011/10/25 20,8,916
2011/10/25 21,9,988
2011/10/25 22,7,933
2011/10/25 23,3,78
2011/10/26 00,2,74
2011/10/26 01,3,30
2011/10/26 02,3,51
2011/10/26 03,2,54
2011/10/26 04,3,61
2011/10/26 05,2,34
2011/10/26 06,1,22
2011/10/26 08,1,6
2011/10/26 09,2,43
2011/10/26 10,4,323
2011/10/26 11,7,361
2011/10/26 12,7,316
2011/10/26 13,9,405
2011/10/26 14,10,448
2011/10/26 15,8,399
2011/10/26 16,6,537
2011/10/26 17,9,741
2011/10/26 18,5,825
2011/10/26 19,10,878
2011/10/26 20,7,922
2011/10/26 21,12,878
2011/10/26 22,9,861
2011/10/26 23,8,782
2011/10/27 00,5,736
2011/10/27 01,4,237
2011/10/27 02,1,24
2011/10/27 03,1,2
2011/10/27 04,1,9
2011/10/27 05,1,16
2011/10/27 06,2,19
2011/10/27 07,3,13
2011/10/27 08,2,22
2011/10/27 09,5,61
2011/10/27 10,5,323
2011/10/27 11,3,401
2011/10/27 12,3,435
2011/10/27 13,6,218
2011/10/27 14,6,281
2011/10/27 15,4,400
2011/10/27 16,8,660
2011/10/27 17,11,1145
2011/10/27 18,10,928
2011/10/27 19,7,892
2011/10/27 20,8,874
2011/10/27 21,6,1006
2011/10/27 22,5,920
2011/10/27 23,4,856
2011/10/28 00,5,752
2011/10/28 01,3,580
2011/10/28 02,3,37
2011/10/28 03,3,27
2011/10/28 04,1,20
2011/10/28 05,3,30
2011/10/28 06,2,13
2011/10/28 07,1,8
2011/10/28 08,1,3
2011/10/28 09,3,35
2011/10/28 10,4,245
2011/10/28 11,5,352
2011/10/28 12,5,604
2011/10/28 13,6,414
2011/10/28 14,3,355
2011/10/28 15,3,347
2011/10/28 16,8,1333
2011/10/28 17,8,1548
2011/10/28 18,10,1659
2011/10/28 19,8,1536
2011/10/28 20,7,962
2011/10/28 21,9,1122
2011/10/28 22,8,1187
2011/10/28 23,9,1071
2011/10/29 00,7,858
2011/10/29 01,6,691
2011/10/29 02,4,637
2011/10/29 03,4,500
2011/10/29 04,2,444
2011/10/29 05,2,452
2011/10/29 06,3,364
2011/10/29 07,1,356
2011/10/29 08,1,389
2011/10/29 09,2,422
2011/10/29 10,4,692
2011/10/29 11,3,351
2011/10/29 12,2,38
2011/10/29 13,5,114
2011/10/29 14,8,337
2011/10/29 15,8,352
2011/10/29 16,9,404
2011/10/29 17,11,435
2011/10/29 18,13,343
2011/10/29 19,12,539
2011/10/29 20,12,745
2011/10/29 21,12,802
2011/10/29 22,12,532
2011/10/29 23,8,241
2011/10/30 00,5,100
2011/10/30 01,10,262
2011/10/30 02,5,275
2011/10/30 03,5,254
2011/10/30 04,3,180
2011/10/30 05,2,27
2011/10/30 06,4,32
2011/10/30 07,3,11
2011/10/30 08,1,10
2011/10/30 09,1,21
2011/10/30 10,4,98
2011/10/30 11,4,351
2011/10/30 12,4,462
2011/10/30 13,6,233
2011/10/30 14,7,312
2011/10/30 15,7,324
2011/10/30 16,7,595
2011/10/30 17,10,629
2011/10/30 18,9,498
2011/10/30 19,10,485
2011/10/30 20,10,395
2011/10/30 21,12,452
2011/10/30 22,10,407
2011/10/30 23,3,331
2011/10/31 00,6,185
2011/10/31 01,5,153
2011/10/31 02,4,128
2011/10/31 03,4,127
2011/10/31 04,3,93
2011/10/31 05,2,66
2011/10/31 06,2,1
2011/10/31 07,1,0
2011/10/31 10,1,2
2011/10/31 11,1,5
2011/10/31 12,3,12
2011/10/31 13,3,47
2011/10/31 14,3,54
2011/10/31 15,3,61
2011/10/31 16,6,290
2011/10/31 17,5,643
2011/10/31 18,6,552
2011/10/31 19,7,664
2011/10/31 20,7,772
2011/10/31 21,8,850
2011/10/31 22,8,919
2011/10/31 23,4,302
2011/11/01 00,4,185
2011/11/01 01,6,242
2011/11/01 02,6,182
2011/11/01 03,5,142
2011/11/01 04,5,113
2011/11/01 05,2,74
2011/11/01 06,3,88
2011/11/01 07,3,81
2011/11/01 08,2,65
2011/11/01 09,3,43
2011/11/01 10,3,56
2011/11/01 11,3,68
2011/11/01 12,4,33
2011/11/01 13,5,63
2011/11/01 14,5,89
2011/11/01 15,5,81
2011/11/01 16,6,215
2011/11/03 15,3,124
2011/11/03 16,7,392
2011/11/03 17,9,726
2011/11/03 18,9,796
2011/11/03 19,9,768
2011/11/03 20,11,1045
2011/11/03 21,11,1055
2011/11/03 22,10,1203
2011/11/03 23,9,951
2011/11/04 00,8,719
2011/11/04 01,7,556
2011/11/04 02,4,74
2011/11/04 03,3,87
2011/11/04 04,2,59
2011/11/04 05,1,38
2011/11/04 06,1,24
2011/11/04 07,1,27
2011/11/04 08,2,38
2011/11/04 09,2,42
2011/11/04 10,1,30
2011/11/04 11,1,10
2011/11/04 12,1,24
2011/11/04 13,5,52
2011/11/04 14,4,50
2011/11/04 15,4,69
2011/11/04 16,8,206
2011/11/04 17,7,495
2011/11/04 18,8,726
2011/11/04 19,7,745
2011/11/04 20,5,893
2011/11/04 21,8,892
2011/11/04 22,8,730
2011/11/04 23,11,871
2011/11/05 00,10,761
2011/11/05 01,7,278
2011/11/05 02,8,208
2011/11/05 03,4,75
2011/11/05 04,4,117
2011/11/05 05,4,153
2011/11/05 06,3,102
2011/11/05 07,2,63
2011/11/05 09,2,32
2011/11/05 10,3,54
2011/11/05 11,4,65
2011/11/05 12,5,92
2011/11/05 13,5,178
2011/11/05 14,4,191
2011/11/05 15,5,202
2011/11/05 16,11,3183
2011/11/05 17,7,3325
2011/11/05 18,9,401
2011/11/05 19,10,180
2011/11/05 20,8,169
2011/11/05 21,11,165
2011/11/05 22,14,414
2011/11/05 23,12,474
2011/11/06 00,9,349
2011/11/06 01,10,187
2011/11/06 02,4,130
2011/11/06 03,4,123
2011/11/06 04,1,79
2011/11/06 05,4,87
2011/11/06 06,3,69
2011/11/06 07,2,64
2011/11/06 08,4,59
2011/11/06 09,2,53
2011/11/06 10,2,58
2011/11/06 11,2,74
2011/11/06 12,3,162
2011/11/06 13,2,388
2011/11/06 14,3,380
2011/11/06 15,6,526
2011/11/06 16,6,325
2011/11/06 17,6,245
2011/11/06 18,10,278
2011/11/06 19,10,308
2011/11/06 20,9,238
2011/11/06 21,12,209
2011/11/06 22,12,299
2011/11/06 23,10,298
2011/11/07 00,7,154
2011/11/07 01,6,130
2011/11/07 02,5,108
2011/11/07 03,4,130
2011/11/07 04,3,137
2011/11/07 05,4,119
2011/11/07 06,4,104
2011/11/07 07,1,26
2011/11/07 08,1,24
2011/11/07 09,2,33
2011/11/07 10,3,34
2011/11/07 11,2,27
2011/11/07 12,2,37
2011/11/07 13,4,56
2011/11/07 14,5,104
2011/11/07 15,5,121
2011/11/07 16,3,98
2011/11/07 17,6,140
2011/11/07 18,9,214
2011/11/07 19,9,456
2011/11/07 20,7,567
2011/11/07 21,7,576
2011/11/07 22,6,764
2011/11/07 23,9,745
2011/11/08 00,4,88
2011/11/08 01,3,85
2011/11/08 02,1,20
2011/11/08 05,1,13
2011/11/08 06,1,19
2011/11/08 07,2,165
2011/11/08 09,2,1
2011/11/08 10,1,1
2011/11/08 13,1,3
2011/11/08 14,2,13
2011/11/08 15,2,25
2011/11/08 16,2,31
2011/11/08 17,2,33
2011/11/08 18,3,42
2011/11/08 19,3,45
2011/11/08 20,7,227
2011/11/08 21,5,341
2011/11/08 22,7,409
2011/11/08 23,4,442
2011/11/09 00,3,400
2011/11/09 01,2,313
2011/11/09 02,3,245
2011/11/09 03,2,22
2011/11/09 04,1,2
2011/11/09 05,1,4
2011/11/09 06,1,2
2011/11/09 11,1,4
2011/11/09 12,1,8
2011/11/09 13,1,10
2011/11/09 14,1,0
2011/11/09 15,2,30
2011/11/09 16,4,47
2011/11/09 17,2,45
2011/11/09 18,2,40
2011/11/09 19,3,57
2011/11/09 20,3,43
2011/11/09 21,3,251
2011/11/09 22,5,393
2011/11/09 23,5,417
2011/11/10 00,4,154
2011/11/10 01,3,37
2011/11/10 02,4,48
2011/11/10 03,1,38
2011/11/10 04,2,34
2011/11/10 05,1,11
2011/11/10 06,1,10
2011/11/10 08,1,0
2011/11/10 09,1,0
2011/11/10 13,1,5
2011/11/10 14,1,14
2011/11/10 15,2,126
2011/11/10 16,2,74
2011/11/10 17,2,53
2011/11/10 18,2,50
2011/11/10 19,2,61
2011/11/10 20,3,209
2011/11/10 21,2,272
2011/11/10 22,2,343
2011/11/10 23,2,327
2011/11/11 00,2,360
2011/11/11 01,3,407
2011/11/11 02,3,218
2011/11/11 04,1,19
2011/11/11 05,1,23
2011/11/11 06,1,20
2011/11/11 07,2,20
2011/11/11 08,3,10
2011/11/11 13,1,1
2011/11/11 15,1,9
2011/11/11 16,1,28
2011/11/11 17,4,52
2011/11/11 18,7,131
2011/11/11 19,5,59
2011/11/11 20,3,93
2011/11/11 21,5,354
2011/11/11 22,5,453
2011/11/11 23,5,469
2011/11/12 00,4,421
2011/11/12 01,3,356
2011/11/12 02,4,329
2011/11/12 03,4,284
2011/11/12 04,4,195
2011/11/12 05,3,158
2011/11/12 06,2,3
2011/11/12 07,2,4
2011/11/12 08,1,2
2011/11/12 10,1,32
2011/11/12 11,1,66
2011/11/12 12,2,886
2011/11/12 13,3,1024
2011/11/12 14,4,1083
2011/11/12 15,5,1173
2011/11/12 16,6,182
2011/11/12 17,6,146
2011/11/12 18,5,48
2011/11/12 19,6,111
2011/11/12 20,7,160
2011/11/12 21,7,222
2011/11/12 22,6,235
2011/11/12 23,6,262
2011/11/13 00,5,96
2011/11/13 01,4,79
2011/11/13 02,1,9
2011/11/13 03,1,4
2011/11/13 08,1,3
2011/11/13 12,1,12
2011/11/13 13,2,14
2011/11/13 14,1,11
2011/11/13 15,2,25
2011/11/13 16,4,62
2011/11/13 17,6,94
2011/11/13 18,8,70
2011/11/13 19,6,80
2011/11/13 20,5,153
2011/11/13 21,2,181
2011/11/13 22,3,136
2011/11/13 23,3,10
2011/11/14 00,2,16
2011/11/14 01,2,35
2011/11/14 02,1,26
2011/11/14 03,2,18
2011/11/14 07,1,2
2011/11/14 08,2,12
2011/11/14 09,4,16
2011/11/14 10,1,2
2011/11/14 13,3,9
2011/11/14 14,4,14
2011/11/14 15,2,22
2011/11/14 16,2,31
2011/11/14 17,3,31
2011/11/14 18,3,370
2011/11/14 19,2,487
2011/11/14 20,5,549
2011/11/14 21,4,486
2011/11/14 22,5,425
2011/11/14 23,4,379
2011/11/15 00,3,291
2011/11/15 01,4,207
2011/11/15 02,2,137
2011/11/15 03,1,10
2011/11/15 13,1,4
2011/11/15 14,1,5
2011/11/15 15,1,23
2011/11/15 16,3,35
2011/11/15 17,4,159
2011/11/15 18,4,314
2011/11/15 19,3,371
2011/11/15 20,3,54
2011/11/15 21,2,44
2011/11/15 22,1,33
2011/11/15 23,2,242
2011/11/16 00,2,270
2011/11/16 07,1,3
2011/11/16 08,1,4
2011/11/16 09,1,1
2011/11/16 11,2,6
2011/11/16 12,2,12
2011/11/16 13,2,16
2011/11/16 14,1,14
2011/11/16 15,3,13
2011/11/16 16,4,34
2011/11/16 17,2,21
2011/11/16 18,1,7
2011/11/16 19,2,139
2011/11/16 20,2,294
2011/11/16 21,4,353
2011/11/16 22,4,258
2011/11/16 23,5,248
2011/11/17 00,2,22
2011/11/17 01,1,24
2011/11/17 02,2,33
2011/11/17 03,1,26
2011/11/17 04,1,28
2011/11/17 05,1,22
2011/11/17 06,1,19
2011/11/17 07,1,3
2011/11/17 08,1,3
2011/11/17 09,2,4
2011/11/17 10,1,3
2011/11/17 11,2,10
2011/11/17 12,2,20
2011/11/17 13,4,27
2011/11/17 14,4,17
2011/11/17 15,4,33
2011/11/17 16,2,27
2011/11/17 17,2,37
2011/11/17 18,2,42
2011/11/17 19,3,44
2011/11/17 20,3,59
2011/11/17 21,4,64
2011/11/17 22,7,162
2011/11/17 23,4,31
2011/11/18 00,2,9
2011/11/18 01,1,4
2011/11/18 02,3,30
2011/11/18 03,1,9
2011/11/18 04,1,26
2011/11/18 05,2,29
2011/11/18 06,3,29
2011/11/18 07,3,24
2011/11/18 08,2,5
2011/11/18 09,1,1
2011/11/18 10,1,5
2011/11/18 11,1,10
2011/11/18 12,2,7
2011/11/18 13,1,15
2011/11/18 14,5,52
2011/11/18 15,4,127
2011/11/18 16,4,172
2011/11/18 17,4,189
2011/11/18 18,4,118
2011/11/18 19,3,105
2011/11/18 20,5,560
2011/11/18 21,6,1076
2011/11/18 22,6,914
2011/11/18 23,7,876
2011/11/19 00,8,639
2011/11/19 01,5,556
2011/11/19 02,1,77
2011/11/19 03,1,4
2011/11/19 04,1,7
2011/11/19 05,1,1
2011/11/19 08,2,4
2011/11/19 09,3,19
2011/11/19 10,3,18
2011/11/19 11,3,18
2011/11/19 12,2,19
2011/11/19 13,3,52
2011/11/19 14,4,146
2011/11/19 15,5,148
2011/11/19 16,5,59
2011/11/19 17,5,41
2011/11/19 18,5,35
2011/11/19 19,3,3
2011/11/19 20,3,106
2011/11/19 21,4,243
2011/11/19 22,7,547
2011/11/19 23,6,512
2011/11/20 00,7,467
2011/11/20 01,5,218
2011/11/20 02,4,194
2011/11/20 03,2,96
2011/11/20 04,2,76
2011/11/20 05,3,65
2011/11/20 06,1,41
2011/11/20 07,1,87
2011/11/20 08,1,48
2011/11/20 09,2,43
2011/11/20 10,1,5
2011/11/20 11,2,9
2011/11/20 12,3,94
2011/11/20 13,4,179
2011/11/20 14,4,192
2011/11/20 15,6,294
2011/11/20 16,6,111
2011/11/20 17,7,75
2011/11/20 18,5,70
2011/11/20 19,5,58
2011/11/20 20,6,409
2011/11/20 21,5,635
2011/11/20 22,4,516
2011/11/20 23,2,35
2011/11/21 00,2,30
2011/11/21 01,3,57
2011/11/21 02,2,49
2011/11/21 03,1,49
2011/11/21 04,1,41
2011/11/21 06,1,1
2011/11/21 07,1,1
2011/11/21 12,2,8
2011/11/21 13,3,20
2011/11/21 14,3,38
2011/11/21 15,5,44
2011/11/21 16,6,62
2011/11/21 17,6,61
2011/11/21 18,5,84
2011/11/21 19,5,356
2011/11/21 20,5,505
2011/11/21 21,5,634
2011/11/21 22,6,722
2011/11/21 23,6,515
2011/11/22 00,4,88
2011/11/22 01,1,6
2011/11/22 02,1,4
2011/11/22 03,2,91
2011/11/22 04,1,35
2011/11/22 05,1,34
2011/11/22 06,1,29
2011/11/22 07,2,6
2011/11/22 08,2,5
2011/11/22 09,1,0
2011/11/22 12,1,6
2011/11/22 13,2,22
2011/11/22 14,3,46
2011/11/22 15,5,65
2011/11/22 16,4,60
2011/11/22 17,6,119
2011/11/22 18,5,139
2011/11/22 19,9,156
2011/11/22 20,6,142
2011/11/22 21,4,51
2011/11/22 22,2,353
2011/11/22 23,3,371
2011/11/23 00,3,225
2011/11/23 01,2,18
2011/11/23 08,1,1
2011/11/23 13,1,14
2011/11/23 14,2,37
2011/11/23 15,4,55
2011/11/23 16,6,198
2011/11/23 17,8,222
2011/11/23 18,6,185
2011/11/23 19,3,91
2011/11/23 20,3,67
2011/11/23 21,1,12
2011/11/23 22,6,362
2011/11/23 23,7,466
2011/11/24 00,4,401
2011/11/24 01,2,312
2011/11/24 02,1,255
2011/11/24 03,1,5
2011/11/24 04,1,14
2011/11/24 05,1,12
2011/11/24 06,1,19
2011/11/24 07,2,20
2011/11/24 08,1,17
2011/11/24 09,2,20
2011/11/24 10,1,16
2011/11/24 11,1,5
2011/11/24 12,1,5
2011/11/24 13,1,4
2011/11/24 14,2,9
2011/11/24 15,3,40
2011/11/24 16,6,161
2011/11/24 17,6,391
2011/11/24 18,4,376
2011/11/24 19,6,87
2011/11/24 20,8,271
2011/11/24 21,9,385
2011/11/24 22,7,380
2011/11/24 23,4,79
2011/11/25 00,3,71
2011/11/25 01,2,60
2011/11/25 02,2,46
2011/11/25 04,1,8
2011/11/25 06,1,1
2011/11/25 07,2,6
2011/11/25 08,2,8
2011/11/25 10,2,8
2011/11/25 11,5,33
2011/11/25 12,3,45
2011/11/25 13,2,48
2011/11/25 14,4,82
2011/11/25 15,3,84
2011/11/25 16,6,108
2011/11/25 17,9,141
2011/11/25 18,9,199
2011/11/25 19,7,262
2011/11/25 20,14,780
2011/11/25 21,14,893
2011/11/25 22,11,1108
2011/11/25 23,10,1244
2011/11/26 00,8,482
2011/11/26 01,6,712
2011/11/26 02,4,594
2011/11/26 03,4,548
2011/11/26 04,2,194
2011/11/26 05,1,1
2011/11/26 06,1,2
2011/11/26 07,1,0
2011/11/26 08,1,1
2011/11/26 09,2,9
2011/11/26 10,3,5
2011/11/26 11,2,9
2011/11/26 12,2,12
2011/11/26 13,7,235
2011/11/26 14,6,384
2011/11/26 15,6,87
2011/11/26 16,7,94
2011/11/26 17,6,93
2011/11/26 18,6,83
2011/11/26 19,9,101
2011/11/26 20,8,223
2011/11/26 21,10,557
2011/11/26 22,7,575
2011/11/26 23,6,231
2011/11/27 00,3,137
2011/11/27 01,3,113
2011/11/27 02,5,317
2011/11/27 03,5,331
2011/11/27 04,3,173
2011/11/27 05,3,382
2011/11/27 06,3,263
2011/11/27 07,1,19
2011/11/27 08,3,24
2011/11/27 09,2,17
2011/11/27 12,2,210
2011/11/27 13,3,331
2011/11/27 14,4,402
2011/11/27 15,6,159
2011/11/27 16,6,111
2011/11/27 17,8,137
2011/11/27 18,9,137
2011/11/27 19,9,112
2011/11/27 20,8,147
2011/11/27 21,10,171
2011/11/27 22,5,57
2011/11/27 23,7,86
2011/11/28 00,7,93
2011/11/28 01,5,54
2011/11/28 02,4,47
2011/11/28 03,3,40
2011/11/28 04,2,35
2011/11/28 05,2,35
2011/11/28 07,1,4
2011/11/28 08,1,6
2011/11/28 09,1,7
2011/11/28 12,1,1
2011/11/28 13,4,21
2011/11/28 14,4,51
2011/11/28 15,5,60
2011/11/28 16,7,128
2011/11/28 17,8,232
2011/11/28 18,7,412
2011/11/28 19,7,433
2011/11/28 20,6,427
2011/11/28 21,10,724
2011/11/28 22,6,737
2011/11/28 23,3,559
2011/11/29 00,3,703
2011/11/29 01,1,25
2011/11/29 02,3,203
2011/11/29 03,2,185
2011/11/29 04,3,168
2011/11/29 05,4,147
2011/11/29 06,3,11
2011/11/29 07,1,7
2011/11/29 12,1,5
2011/11/29 13,3,10
2011/11/29 14,3,33
2011/11/29 15,5,53
2011/11/29 16,4,63
2011/11/29 17,8,191
2011/11/29 18,9,246
2011/11/29 19,7,243
2011/11/29 20,7,269
2011/11/29 21,7,106
2011/11/29 22,2,84
2011/11/29 23,2,93
2011/11/30 00,4,302
2011/11/30 01,5,337
2011/11/30 02,1,252
2011/11/30 03,3,205
2011/11/30 04,3,167
2011/11/30 05,2,106
2011/11/30 06,1,6
2011/11/30 07,1,13
2011/11/30 08,1,17
2011/11/30 09,2,16
2011/11/30 10,3,24
2011/11/30 11,4,40
2011/11/30 12,2,69
2011/11/30 13,5,113
2011/11/30 14,6,114
2011/11/30 15,5,121
2011/11/30 16,3,113
2011/11/30 17,6,194
2011/11/30 18,7,126
2011/11/30 19,6,136
2011/11/30 20,5,150
2011/11/30 21,5,292
2011/11/30 22,4,312
2011/11/30 23,2,115
2011/12/01 00,3,107
2011/12/01 01,3,104
2011/12/01 02,4,104
2011/12/01 03,2,52
2011/12/01 04,3,53
2011/12/01 05,2,11
2011/12/01 06,1,4
2011/12/01 10,1,5
2011/12/01 11,1,6
2011/12/01 12,1,4
2011/12/01 14,3,43
2011/12/01 15,3,83
2011/12/01 16,2,94
2011/12/01 17,2,96
2011/12/01 18,2,92
2011/12/01 19,5,160
2011/12/01 20,7,388
2011/12/01 21,6,717
2011/12/01 22,7,736
2011/12/01 23,7,519
2011/12/02 00,2,33
2011/12/02 01,3,40
2011/12/02 02,1,40
2011/12/02 03,1,4
2011/12/02 04,2,18
2011/12/02 05,1,8
2011/12/02 06,1,1
2011/12/02 07,1,0
2011/12/02 08,2,3
2011/12/02 09,1,12
2011/12/02 10,1,9
2011/12/02 11,1,0
2011/12/02 12,1,2
2011/12/02 13,2,2
2011/12/02 14,1,34
2011/12/02 15,2,62
2011/12/02 16,3,114
2011/12/02 17,4,95
2011/12/02 18,8,119
2011/12/02 19,11,366
2011/12/02 20,9,434
2011/12/02 21,7,902
2011/12/02 22,6,944
2011/12/02 23,8,905
2011/12/03 00,8,821
2011/12/03 01,2,81
2011/12/03 02,2,69
2011/12/03 03,4,79
2011/12/03 04,4,93
2011/12/03 05,3,88
2011/12/03 06,2,60
2011/12/03 07,1,0
2011/12/03 08,1,6
2011/12/03 09,2,14
2011/12/03 10,3,25
2011/12/03 11,4,43
2011/12/03 12,5,137
2011/12/03 13,5,177
2011/12/03 14,4,140
2011/12/03 15,5,221
2011/12/03 16,4,405
2011/12/03 17,5,412
2011/12/03 18,7,160
2011/12/03 19,9,232
2011/12/03 20,7,293
2011/12/03 21,12,503
2011/12/03 22,13,398
2011/12/03 23,11,445
2011/12/04 00,9,475
2011/12/04 01,8,210
2011/12/04 02,12,229
2011/12/04 03,7,969
2011/12/04 04,4,227
2011/12/04 05,4,189
2011/12/04 06,2,17
2011/12/04 07,2,3
2011/12/04 08,2,3
2011/12/04 09,2,6
2011/12/04 10,2,6
2011/12/04 11,3,1198
2011/12/04 12,4,2240
2011/12/04 13,5,215
2011/12/04 14,9,265
2011/12/04 15,6,102
2011/12/04 16,6,279
2011/12/04 17,9,397
2011/12/04 18,10,326
2011/12/04 19,9,326
2011/12/04 20,8,361
2011/12/04 21,9,790
2011/12/04 22,9,762
2011/12/04 23,6,743
2011/12/05 00,5,500
2011/12/05 01,4,121
2011/12/05 02,3,138
2011/12/05 03,1,31
2011/12/05 04,1,18
2011/12/05 05,1,1
2011/12/05 06,2,3
2011/12/05 10,1,2
2011/12/05 11,1,4
2011/12/05 12,1,7
2011/12/05 13,1,25
2011/12/05 14,2,48
2011/12/05 15,3,69
2011/12/05 16,6,100
2011/12/05 17,4,126
2011/12/05 18,8,388
2011/12/05 19,7,549
2011/12/05 20,7,862
2011/12/05 21,8,875
2011/12/05 22,6,484
2011/12/05 23,4,107
2011/12/06 00,6,108
2011/12/06 01,9,126
2011/12/06 02,6,125
2011/12/06 03,5,84
2011/12/06 04,4,43
2011/12/06 05,1,16
2011/12/06 06,1,2
2011/12/06 09,1,9
2011/12/06 10,1,16
2011/12/06 11,1,14
2011/12/06 12,1,17
2011/12/06 13,4,33
2011/12/06 14,5,68
2011/12/06 15,4,72
2011/12/06 16,3,82
2011/12/06 17,4,122
2011/12/06 18,9,194
2011/12/06 19,7,164
2011/12/06 20,6,259
2011/12/06 21,5,242
2011/12/06 22,3,91
2011/12/06 23,4,122
2011/12/07 00,4,135
2011/12/07 01,4,118
2011/12/07 02,4,302
2011/12/07 03,2,70
2011/12/07 04,1,27
2011/12/07 11,1,5
2011/12/07 12,2,8
2011/12/07 13,4,35
2011/12/07 14,4,54
2011/12/07 15,5,82
2011/12/07 16,4,108
2011/12/07 17,4,337
2011/12/07 18,8,412
2011/12/07 19,8,458
2011/12/07 20,9,452
2011/12/07 21,9,427
2011/12/07 22,10,842
2011/12/07 23,7,424
2011/12/08 00,6,450
2011/12/08 01,4,455
2011/12/08 02,3,346
2011/12/08 03,4,83
2011/12/08 04,4,50
2011/12/08 05,2,18
2011/12/08 06,4,19
2011/12/08 07,3,16
2011/12/08 09,2,1
2011/12/08 11,1,10
2011/12/08 12,1,8
2011/12/08 13,3,24
2011/12/08 14,4,48
2011/12/08 15,3,81
2011/12/08 16,3,108
2011/12/08 17,6,370
2011/12/08 18,7,467
2011/12/08 19,8,592
2011/12/08 20,8,586
2011/12/08 21,5,577
2011/12/08 22,6,628
2011/12/08 23,7,575
2011/12/09 00,9,496
2011/12/09 01,3,62
2011/12/09 02,3,51
2011/12/09 03,2,42
2011/12/09 04,1,35
2011/12/09 05,1,43
2011/12/09 06,2,42
2011/12/09 07,3,46
2011/12/09 08,3,38
2011/12/09 09,3,41
2011/12/09 10,4,56
2011/12/09 11,2,58
2011/12/09 12,2,73
2011/12/09 13,2,87
2011/12/09 14,4,102
2011/12/09 15,5,108
2011/12/09 16,4,122
2011/12/09 17,9,135
2011/12/09 18,10,216
2011/12/09 19,11,258
2011/12/09 20,11,618
2011/12/09 21,9,1362
2011/12/09 22,10,1319
2011/12/09 23,8,1014
2011/12/10 00,9,991
2011/12/10 01,6,922
2011/12/10 02,5,741
2011/12/10 03,8,554
2011/12/10 04,4,44
2011/12/10 05,2,31
2011/12/10 06,1,13
2011/12/10 07,5,28
2011/12/10 08,4,34
2011/12/10 09,2,18
2011/12/10 10,1,9
2011/12/10 12,1,2
2011/12/10 13,4,31
2011/12/10 14,7,116
2011/12/10 15,11,193
2011/12/10 16,7,197
2011/12/10 17,8,207
2011/12/10 18,13,427
2011/12/10 19,12,420
2011/12/10 20,7,375
2011/12/10 21,10,416
2011/12/10 22,8,337
2011/12/10 23,6,332
2011/12/11 00,8,420
2011/12/11 01,7,133
2011/12/11 02,3,90
2011/12/11 03,4,81
2011/12/11 04,3,61
2011/12/11 05,2,18
2011/12/11 06,3,23
2011/12/11 07,3,30
2011/12/11 08,1,1
2011/12/11 09,2,2
2011/12/11 10,2,6
2011/12/11 12,1,3
2011/12/11 13,3,6
2011/12/11 14,8,186
2011/12/11 15,9,248
2011/12/11 16,7,258
2011/12/11 17,9,289
2011/12/11 18,8,129
2011/12/11 19,6,350
2011/12/11 20,5,326
2011/12/11 21,9,419
2011/12/11 22,9,466
2011/12/11 23,7,383
2011/12/12 00,7,299
2011/12/12 01,8,229
2011/12/12 02,6,230
2011/12/12 03,4,169
2011/12/12 04,4,147
2011/12/12 05,5,115
2011/12/12 06,3,90
2011/12/12 07,3,46
2011/12/12 08,6,50
2011/12/12 09,4,39
2011/12/12 10,2,29
2011/12/12 11,2,37
2011/12/12 12,3,50
2011/12/12 13,3,50
2011/12/12 14,3,76
2011/12/12 15,3,94
2011/12/12 16,5,130
2011/12/12 17,8,207
2011/12/12 18,14,438
2011/12/12 19,13,638
2011/12/12 20,12,888
2011/12/12 21,11,643
2011/12/12 22,9,316
2011/12/12 23,10,549
2011/12/13 00,9,518
2011/12/13 01,7,457
2011/12/13 02,4,201
2011/12/13 03,2,78
2011/12/13 04,3,60
2011/12/13 05,5,59
2011/12/13 06,4,41
2011/12/13 07,5,39
2011/12/13 08,1,6
2011/12/13 12,2,30
2011/12/13 13,2,36
2011/12/13 14,4,60
2011/12/13 15,4,68
2011/12/13 16,3,136
2011/12/13 17,5,212
2011/12/13 18,5,271
2011/12/13 19,6,247
2011/12/13 20,7,665
2011/12/13 21,9,710
2011/12/13 22,6,527
2011/12/13 23,5,500
2011/12/14 00,5,478
2011/12/14 01,5,110
2011/12/14 02,7,211
2011/12/14 03,7,242
2011/12/14 04,4,69
2011/12/14 05,3,54
2011/12/14 06,3,51
2011/12/14 07,2,43
2011/12/14 08,2,31
2011/12/14 09,4,39
2011/12/14 10,4,48
2011/12/14 11,3,51
2011/12/14 12,4,55
2011/12/14 13,5,93
2011/12/14 14,5,99
2011/12/14 15,6,143
2011/12/14 16,7,169
2011/12/14 17,6,187
2011/12/14 18,4,227
2011/12/14 19,6,536
2011/12/14 20,8,232
2011/12/14 21,9,609
2011/12/14 22,6,562
2011/12/14 23,6,551
2011/12/15 00,6,576
2011/12/15 01,5,538
2011/12/15 02,3,93
2011/12/15 03,1,45
2011/12/15 04,1,43
2011/12/15 05,2,48
2011/12/15 06,2,50
2011/12/15 07,2,156
2011/12/15 08,3,95
2011/12/15 09,2,24
2011/12/15 10,3,35
2011/12/15 11,3,40
2011/12/15 12,2,64
2011/12/15 13,3,67
2011/12/15 14,2,78
2011/12/15 15,5,98
2011/12/15 16,5,250
2011/12/15 17,6,348
2011/12/15 18,7,462
2011/12/15 19,9,819
2011/12/15 20,7,303
2011/12/15 21,8,616
2011/12/15 22,10,904
2011/12/15 23,7,820
2011/12/16 00,6,492
2011/12/16 01,8,315
2011/12/16 02,7,103
2011/12/16 03,5,68
2011/12/16 04,5,76
2011/12/16 05,7,70
2011/12/16 06,6,55
2011/12/16 07,3,36
2011/12/16 08,1,33
2011/12/16 09,4,56
2011/12/16 10,6,53
2011/12/16 11,4,63
2011/12/16 12,3,64
2011/12/16 13,5,71
2011/12/16 14,6,199
2011/12/16 15,8,177
2011/12/16 16,12,237
2011/12/16 17,11,584
2011/12/16 18,11,758
2011/12/16 19,10,775
2011/12/16 20,12,1123
2011/12/16 21,9,1317
2011/12/16 22,13,1588
2011/12/16 23,15,1394
2011/12/17 00,12,1397
2011/12/17 01,9,958
2011/12/17 02,7,762
2011/12/17 03,8,588
2011/12/17 04,9,632
2011/12/17 05,7,435
2011/12/17 06,5,148
2011/12/17 07,2,13
2011/12/17 08,2,14
2011/12/17 09,3,92
2011/12/17 10,3,79
2011/12/17 11,6,48
2011/12/17 12,4,74
2011/12/17 13,4,131
2011/12/17 14,9,507
2011/12/17 15,9,423
2011/12/17 16,7,370
2011/12/17 17,8,529
2011/12/17 18,9,397
2011/12/17 19,10,1145
2011/12/17 20,9,1160
2011/12/17 21,12,584
2011/12/17 22,11,687
2011/12/17 23,10,985
2011/12/18 00,10,1614
2011/12/18 01,10,869
2011/12/18 02,9,589
2011/12/18 03,7,555
2011/12/18 04,5,358
2011/12/18 05,4,288
2011/12/18 06,4,229
2011/12/18 07,5,138
2011/12/18 08,4,70
2011/12/18 09,5,73
2011/12/18 10,4,92
2011/12/18 11,3,88
2011/12/18 12,7,287
2011/12/18 13,4,587
2011/12/18 14,5,659
2011/12/18 15,8,437
2011/12/18 16,7,461
2011/12/18 17,6,360
2011/12/18 18,10,248
2011/12/18 19,11,1240
2011/12/18 20,11,1640
2011/12/18 21,10,1874
2011/12/18 22,12,1514
2011/12/18 23,11,1355
2011/12/19 00,9,1084
2011/12/19 01,4,510
2011/12/19 02,3,169
2011/12/19 03,4,182
2011/12/19 04,4,188
2011/12/19 05,4,190
2011/12/19 06,5,129
2011/12/19 07,5,216
2011/12/19 08,2,29
2011/12/19 09,3,33
2011/12/19 10,3,68
2011/12/19 11,3,71
2011/12/19 12,2,90
2011/12/19 13,3,169
2011/12/19 14,6,248
2011/12/19 15,10,283
2011/12/19 16,8,262
2011/12/19 17,10,284
2011/12/19 18,11,386
2011/12/19 19,10,709
2011/12/19 20,11,1023
2011/12/19 21,13,1458
2011/12/19 22,13,1288
2011/12/19 23,15,1578
2011/12/20 00,13,2355
2011/12/20 01,10,1810
2011/12/20 02,8,1195
2011/12/20 03,7,1026
2011/12/20 04,5,165
2011/12/20 05,3,156
2011/12/20 06,5,182
2011/12/20 07,6,171
2011/12/20 08,4,120
2011/12/20 09,3,72
2011/12/20 10,5,92
2011/12/20 11,6,119
2011/12/20 12,8,166
2011/12/20 13,8,219
2011/12/20 14,12,502
2011/12/20 15,11,454
2011/12/20 16,14,818
2011/12/20 17,16,765
2011/12/20 18,16,787
2011/12/20 19,22,1653
2011/12/20 20,18,1230
2011/12/20 21,18,1622
2011/12/20 22,16,2056
2011/12/20 23,8,1825
2011/12/21 00,13,2064
2011/12/21 01,8,1060
2011/12/21 02,8,1062
2011/12/21 03,6,793
2011/12/21 04,6,554
2011/12/21 05,5,94
2011/12/21 06,3,71
2011/12/21 07,2,17
2011/12/21 08,1,1
2011/12/21 09,5,21
2011/12/21 10,3,31
2011/12/21 11,3,60
2011/12/21 12,5,211
2011/12/21 13,7,409
2011/12/21 14,12,518
2011/12/21 15,9,563
2011/12/21 16,13,903
2011/12/21 17,13,1356
2011/12/21 18,10,814
2011/12/21 19,15,1790
2011/12/21 20,15,1475
2011/12/21 21,14,1281
2011/12/21 22,10,1470
2011/12/21 23,18,1924
2011/12/22 00,10,1546
2011/12/22 01,6,1005
2011/12/22 02,9,889
2011/12/22 03,9,816
2011/12/22 04,6,639
2011/12/22 05,5,190
2011/12/22 06,6,159
2011/12/22 07,6,128
2011/12/22 08,7,122
2011/12/22 09,5,125
2011/12/22 10,3,100
2011/12/22 11,3,193
2011/12/22 12,7,291
2011/12/22 13,7,492
2011/12/22 14,7,634
2011/12/22 15,9,771
2011/12/22 16,11,928
2011/12/22 17,17,986
2011/12/22 18,17,1591
2011/12/22 19,12,1505
2011/12/22 20,12,2447
2011/12/22 21,14,1892
2011/12/22 22,9,2086
2011/12/22 23,8,2048
2011/12/23 00,11,1896
2011/12/23 01,10,1058
2011/12/23 02,11,1219
2011/12/23 03,9,733
2011/12/23 04,8,405
2011/12/23 05,2,29
2011/12/23 06,3,10
2011/12/23 07,4,43
2011/12/23 08,1,26
2011/12/23 09,3,43
2011/12/23 10,3,42
2011/12/23 11,4,99
2011/12/23 12,6,219
2011/12/23 13,8,192
2011/12/23 14,7,190
2011/12/23 15,10,283
2011/12/23 16,14,949
2011/12/23 17,14,1366
2011/12/23 18,15,1239
2011/12/23 19,11,3095
2011/12/23 20,11,2925
2011/12/23 21,16,3606
2011/12/23 22,17,3577
2011/12/23 23,20,3256
2011/12/24 00,14,1750
2011/12/24 01,13,1626
2011/12/24 02,9,997
2011/12/24 03,9,1460
2011/12/24 04,6,1077
2011/12/24 05,6,836
2011/12/24 06,5,496
2011/12/24 07,2,90
2011/12/24 08,2,101
2011/12/24 09,2,36
2011/12/24 10,2,32
2011/12/24 11,3,95
2011/12/24 12,5,227
2011/12/24 13,6,329
2011/12/24 14,7,218
2011/12/24 15,10,248
2011/12/24 16,12,289
2011/12/24 17,11,714
2011/12/24 18,13,1043
2011/12/24 19,12,1036
2011/12/24 20,15,1420
2011/12/24 21,12,275
2011/12/24 22,14,861
2011/12/24 23,14,897
2011/12/25 00,10,917
2011/12/25 01,6,217
2011/12/25 02,6,126
2011/12/25 03,4,143
2011/12/25 04,4,101
2011/12/25 05,2,106
2011/12/25 06,4,109
2011/12/25 07,3,102
2011/12/25 08,2,87
2011/12/25 09,3,80
2011/12/25 10,2,85
2011/12/25 11,3,99
2011/12/25 12,6,203
2011/12/25 13,5,148
2011/12/25 14,7,207
2011/12/25 15,9,249
2011/12/25 16,10,174
2011/12/25 17,17,775
2011/12/25 18,11,285
2011/12/25 19,12,342
2011/12/25 20,12,370
2011/12/25 21,10,284
2011/12/25 22,8,225
2011/12/25 23,11,343
2011/12/26 00,11,450
2011/12/26 01,6,395
2011/12/26 02,5,247
2011/12/26 03,4,210
2011/12/26 04,4,250
2011/12/26 05,6,243
2011/12/26 06,6,204
2011/12/26 07,8,193
2011/12/26 08,4,126
2011/12/26 09,3,106
2011/12/26 10,4,188
2011/12/26 11,4,133
2011/12/26 12,3,132
2011/12/26 13,4,169
2011/12/26 14,8,216
2011/12/26 15,8,255
2011/12/26 16,8,294
2011/12/26 17,11,380
2011/12/26 18,12,502
2011/12/26 19,9,364
2011/12/26 20,12,520
2011/12/26 21,13,1065
2011/12/26 22,15,2177
2011/12/26 23,16,1302
2011/12/27 00,16,303
2011/12/27 01,16,315
2011/12/27 02,13,316
2011/12/27 03,12,192
2011/12/27 04,8,141
2011/12/27 05,5,91
2011/12/27 06,2,30
2011/12/27 07,3,46
2011/12/27 08,2,53
2011/12/27 10,1,1
2011/12/27 11,4,87
2011/12/27 12,3,129
2011/12/27 13,7,357
2011/12/27 14,7,213
2011/12/27 15,10,642
2011/12/27 16,9,648
2011/12/27 17,10,284
2011/12/27 18,11,291
2011/12/27 19,17,623
2011/12/27 20,19,802
2011/12/27 21,20,676
2011/12/27 22,25,1001
2011/12/27 23,19,930
2011/12/28 00,16,838
2011/12/28 01,17,451
2011/12/28 02,21,710
2011/12/28 03,14,300
2011/12/28 04,11,175
2011/12/28 05,12,257
2011/12/28 06,6,70
2011/12/28 07,2,35
2011/12/28 08,4,23
2011/12/28 09,4,27
2011/12/28 10,4,53
2011/12/28 11,6,94
2011/12/28 12,5,75
2011/12/28 13,4,104
2011/12/28 14,8,216
2011/12/28 15,11,470
2011/12/28 16,14,332
2011/12/28 17,16,264
2011/12/28 18,22,421
2011/12/28 19,22,605
2011/12/28 20,17,700
2011/12/28 21,15,909
2011/12/28 22,17,1636
2011/12/28 23,15,1530
2011/12/29 00,16,1599
2011/12/29 01,20,1227
2011/12/29 02,20,855
2011/12/29 03,15,969
2011/12/29 04,10,449
2011/12/29 05,11,651
2011/12/29 06,11,595
2011/12/29 07,6,446
2011/12/29 08,6,396
2011/12/29 09,4,205
2011/12/29 10,3,133
2011/12/29 11,2,245
2011/12/29 12,7,411
2011/12/29 13,8,541
2011/12/29 14,10,583
2011/12/29 15,10,493
2011/12/29 16,13,490
2011/12/29 17,12,483
2011/12/29 18,12,382
2011/12/29 19,10,499
2011/12/29 20,15,729
2011/12/29 21,19,369
2011/12/29 22,25,1250
2011/12/29 23,27,1377
2011/12/30 00,24,1789
2011/12/30 01,17,1499
2011/12/30 02,13,719
2011/12/30 03,14,671
2011/12/30 04,11,337
2011/12/30 05,6,188
2011/12/30 06,7,159
2011/12/30 07,6,140
2011/12/30 08,4,119
2011/12/30 09,6,128
2011/12/30 10,5,140
2011/12/30 11,8,181
2011/12/30 12,10,213
2011/12/30 13,13,290
2011/12/30 14,13,321
2011/12/30 15,14,354
2011/12/30 16,14,399
2011/12/30 17,15,509
2011/12/30 18,12,465
2011/12/30 19,15,527
2011/12/30 20,23,1033
2011/12/30 21,18,2199
2011/12/30 22,17,1677
2011/12/30 23,23,2203
2011/12/31 00,19,2259
2011/12/31 01,22,2506
2011/12/31 02,19,944
2011/12/31 03,12,852
2011/12/31 04,7,205
2011/12/31 05,5,175
2011/12/31 06,5,213
2011/12/31 07,6,523
2011/12/31 08,6,296
2011/12/31 09,5,87
2011/12/31 10,4,192
2011/12/31 11,6,247
2011/12/31 12,6,106
2011/12/31 13,11,145
2011/12/31 14,9,149
2011/12/31 15,12,206
2011/12/31 16,15,441
2011/12/31 17,12,480
2011/12/31 18,15,662
2011/12/31 19,14,428
2011/12/31 20,18,1948
2011/12/31 21,16,1300
2011/12/31 22,10,1155
2011/12/31 23,13,1954
2012/01/01 00,9,849
2012/01/01 01,10,844
2012/01/01 02,7,399
2012/01/01 03,7,455
2012/01/01 04,10,967
2012/01/01 05,6,704
2012/01/01 06,7,566
2012/01/01 07,6,187
2012/01/01 08,5,164
2012/01/01 09,5,158
2012/01/01 10,5,156
2012/01/01 11,6,169
2012/01/01 12,5,179
2012/01/01 13,5,234
2012/01/01 14,9,1051
2012/01/01 15,9,1232
2012/01/01 16,13,730
2012/01/01 17,14,659
2012/01/01 18,13,1666
2012/01/01 19,16,2079
2012/01/01 20,18,2437
2012/01/01 21,21,2091
2012/01/01 22,22,2279
2012/01/01 23,22,2703
2012/01/02 00,13,615
2012/01/02 01,14,868
2012/01/02 02,13,1131
2012/01/02 03,15,1217
2012/01/02 04,15,1038
2012/01/02 05,11,583
2012/01/02 06,10,469
2012/01/02 07,8,271
2012/01/02 08,8,220
2012/01/02 09,4,202
2012/01/02 10,5,83
2012/01/02 11,5,99
2012/01/02 12,4,136
2012/01/02 13,7,384
2012/01/02 14,10,485
2012/01/02 15,11,599
2012/01/02 16,13,760
2012/01/02 17,13,997
2012/01/02 18,11,585
2012/01/02 19,16,595
2012/01/02 20,17,1017
2012/01/02 21,14,644
2012/01/02 22,15,674
2012/01/02 23,13,2287
2012/01/03 00,13,1851
2012/01/03 01,13,964
2012/01/03 02,17,673
2012/01/03 03,22,535
2012/01/03 04,14,423
2012/01/03 05,9,574
2012/01/03 06,7,631
2012/01/03 07,7,321
2012/01/03 08,4,212
2012/01/03 09,5,193
2012/01/03 10,4,169
2012/01/03 11,5,224
2012/01/03 12,7,248
2012/01/03 13,9,325
2012/01/03 14,10,413
2012/01/03 15,11,422
2012/01/03 16,9,401
2012/01/03 17,12,784
2012/01/03 18,18,1390
2012/01/03 19,25,1416
2012/01/03 20,22,1212
2012/01/03 21,21,1292
2012/01/03 22,13,615
2012/01/03 23,14,656
2012/01/04 00,14,709
2012/01/04 01,15,596
2012/01/04 02,10,489
2012/01/04 03,11,840
2012/01/04 04,4,349
2012/01/04 05,4,69
2012/01/04 06,3,54
2012/01/04 07,7,105
2012/01/04 08,5,109
2012/01/04 09,5,72
2012/01/04 10,7,142
2012/01/04 11,6,75
2012/01/04 12,5,68
2012/01/04 13,5,123
2012/01/04 14,7,226
2012/01/04 15,8,371
2012/01/04 16,9,290
2012/01/04 17,17,1105
2012/01/04 18,17,1302
2012/01/04 19,14,1999
2012/01/04 20,15,1925
2012/01/04 21,17,1882
2012/01/04 22,21,825
2012/01/04 23,15,829
2012/01/05 00,11,701
2012/01/05 01,9,819
2012/01/05 02,8,518
2012/01/05 03,5,414
2012/01/05 04,9,204
2012/01/05 05,8,239
2012/01/05 06,7,198
2012/01/05 07,6,132
2012/01/05 08,9,206
2012/01/05 09,7,117
2012/01/05 10,5,112
2012/01/05 11,7,118
2012/01/05 12,11,176
2012/01/05 13,11,217
2012/01/05 14,12,268
2012/01/05 15,12,314
2012/01/05 16,9,319
2012/01/05 17,13,678
2012/01/05 18,17,581
2012/01/05 19,13,311
2012/01/05 20,12,1123
2012/01/05 21,17,1163
2012/01/05 22,19,1650
2012/01/05 23,17,1548
2012/01/06 00,16,1235
2012/01/06 01,12,1269
2012/01/06 02,12,231
2012/01/06 03,14,117
2012/01/06 04,11,89
2012/01/06 05,8,94
2012/01/06 06,5,54
2012/01/06 07,1,29
2012/01/06 08,2,45
2012/01/06 09,2,24
2012/01/06 10,4,40
2012/01/06 11,5,59
2012/01/06 12,7,113
2012/01/06 13,8,155
2012/01/06 14,7,98
2012/01/06 15,10,104
2012/01/06 16,13,305
2012/01/06 17,16,1012
2012/01/06 18,22,751
2012/01/06 19,22,586
2012/01/06 20,17,467
2012/01/06 21,20,1612
2012/01/06 22,22,2176
2012/01/06 23,20,2251
2012/01/07 00,23,3036
2012/01/07 01,16,2462
2012/01/07 02,13,1910
2012/01/07 03,12,1454
2012/01/07 04,10,141
2012/01/07 05,11,118
2012/01/07 06,7,82
2012/01/07 07,4,46
2012/01/07 08,2,27
2012/01/07 09,2,98
2012/01/07 10,2,43
2012/01/07 11,3,77
2012/01/07 12,8,62
2012/01/07 13,11,136
2012/01/07 14,9,178
2012/01/07 15,12,248
2012/01/07 16,16,360
2012/01/07 17,13,429
2012/01/07 18,11,333
2012/01/07 19,14,342
2012/01/07 20,16,499
2012/01/07 21,19,460
2012/01/07 22,18,1374
2012/01/07 23,19,1951
2012/01/08 00,19,1738
2012/01/08 01,17,1560
2012/01/08 02,11,1284
2012/01/08 03,8,1420
2012/01/08 04,6,328
2012/01/08 05,8,123
2012/01/08 06,10,158
2012/01/08 07,4,131
2012/01/08 08,2,182
2012/01/08 09,3,84
2012/01/08 10,5,90
2012/01/08 11,7,109
2012/01/08 12,9,160
2012/01/08 13,9,222
2012/01/08 14,12,255
2012/01/08 15,10,295
2012/01/08 16,11,307
2012/01/08 17,17,427
2012/01/08 18,20,480
2012/01/08 19,21,586
2012/01/08 20,19,444
2012/01/08 21,20,466
2012/01/08 22,20,514
2012/01/08 23,14,585
2012/01/09 00,9,323
2012/01/09 01,11,251
2012/01/09 02,8,222
2012/01/09 03,8,150
2012/01/09 04,6,124
2012/01/09 05,5,62
2012/01/09 06,5,24
2012/01/09 07,2,19
2012/01/09 08,2,22
2012/01/09 09,1,19
2012/01/09 10,5,30
2012/01/09 11,4,23
2012/01/09 12,8,69
2012/01/09 13,8,120
2012/01/09 14,9,253
2012/01/09 15,8,120
