2011/09/30 22,5,35
2011/09/30 23,10,38
2011/10/01 00,10,51
2011/10/01 01,8,44
2011/10/01 02,5,34
2011/10/01 03,6,30
2011/10/01 04,4,20
2011/10/01 05,6,20
2011/10/01 06,4,16
2011/10/01 07,3,7
2011/10/01 08,3,8
2011/10/01 09,2,6
2011/10/01 10,1,5
2011/10/01 11,2,28
2011/10/01 12,3,47
2011/10/01 13,4,87
2011/10/01 14,4,106
2011/10/01 15,5,173
2011/10/01 16,4,183
2011/10/01 17,5,200
2011/10/01 18,8,231
2011/10/01 19,9,245
2011/10/01 20,10,247
2011/10/01 21,9,245
2011/10/01 22,10,276
2011/10/01 23,11,185
2011/10/02 00,8,114
2011/10/02 01,8,88
2011/10/02 02,11,118
2011/10/02 03,11,117
2011/10/02 04,11,107
2011/10/02 05,9,91
2011/10/02 06,8,90
2011/10/02 07,9,67
2011/10/02 08,6,71
2011/10/02 09,5,63
2011/10/02 10,3,37
2011/10/02 11,4,40
2011/10/02 12,4,54
2011/10/02 13,3,64
2011/10/02 14,3,60
2011/10/02 15,2,61
2011/10/02 16,5,70
2011/10/02 17,6,71
2011/10/02 18,5,65
2011/10/02 19,8,88
2011/10/02 20,9,127
2011/10/02 21,11,124
2011/10/02 22,9,100
2011/10/02 23,10,91
2011/10/03 00,11,75
2011/10/03 01,9,76
2011/10/03 02,12,128
2011/10/03 03,9,87
2011/10/03 04,7,64
2011/10/03 05,5,53
2011/10/03 06,3,23
2011/10/03 07,3,13
2011/10/03 08,2,13
2011/10/03 09,2,11
2011/10/03 10,1,7
2011/10/03 11,1,4
2011/10/03 12,1,5
2011/10/03 13,1,3
2011/10/03 14,1,3
2011/10/03 16,3,5
2011/10/03 17,5,13
2011/10/03 18,7,19
2011/10/03 19,7,40
2011/10/03 20,6,35
2011/10/03 21,6,49
2011/10/03 22,5,85
2011/10/03 23,6,39
2011/10/04 00,6,34
2011/10/04 01,8,51
2011/10/04 02,12,125
2011/10/04 03,11,227
2011/10/04 04,7,222
2011/10/04 05,7,247
2011/10/04 06,8,254
2011/10/04 07,8,74
2011/10/04 08,5,64
2011/10/04 09,3,45
2011/10/04 10,4,52
2011/10/04 11,1,38
2011/10/04 12,1,36
2011/10/04 13,3,43
2011/10/04 14,2,47
2011/10/04 15,3,45
2011/10/04 16,5,53
2011/10/04 17,6,50
2011/10/04 18,5,50
2011/10/04 19,8,51
2011/10/04 20,11,88
2011/10/04 21,10,103
2011/10/04 22,8,77
2011/10/04 23,11,144
2011/10/05 00,10,152
2011/10/05 01,10,166
2011/10/05 02,13,141
2011/10/05 03,9,94
2011/10/05 04,9,85
2011/10/05 05,11,67
2011/10/05 06,5,38
2011/10/05 07,5,47
2011/10/05 08,8,82
2011/10/05 09,6,84
2011/10/05 10,6,73
2011/10/05 11,5,63
2011/10/05 12,5,59
2011/10/05 13,4,65
2011/10/05 14,4,66
2011/10/05 15,3,51
2011/10/05 16,3,48
2011/10/05 17,4,45
2011/10/05 18,4,42
2011/10/05 19,3,48
2011/10/05 20,5,52
2011/10/05 21,7,56
2011/10/05 22,9,85
2011/10/05 23,9,65
2011/10/06 00,9,67
2011/10/06 01,12,88
2011/10/06 02,8,66
2011/10/06 03,9,61
2011/10/06 04,8,77
2011/10/06 05,6,59
2011/10/06 06,6,73
2011/10/06 07,5,45
2011/10/06 08,3,37
2011/10/06 09,3,44
2011/10/06 10,3,52
2011/10/06 11,3,46
2011/10/06 12,5,62
2011/10/06 13,6,59
2011/10/06 14,5,44
2011/10/06 15,4,45
2011/10/06 16,5,43
2011/10/06 17,6,49
2011/10/06 18,5,46
2011/10/06 19,4,40
2011/10/06 20,2,36
2011/10/06 21,2,30
2011/10/06 22,2,27
2011/10/06 23,6,33
2011/10/07 00,5,35
2011/10/07 01,7,28
2011/10/07 02,13,89
2011/10/07 03,15,100
2011/10/07 04,14,146
2011/10/07 05,9,80
2011/10/07 06,8,95
2011/10/07 07,3,79
2011/10/07 08,5,80
2011/10/07 09,7,127
2011/10/07 10,8,225
2011/10/07 11,8,204
2011/10/07 12,6,198
2011/10/07 13,8,190
2011/10/07 14,8,138
2011/10/07 15,9,111
2011/10/07 16,10,125
2011/10/07 17,8,102
2011/10/07 18,8,56
2011/10/07 19,8,71
2011/10/07 20,8,76
2011/10/07 21,8,66
2011/10/07 22,10,88
2011/10/07 23,13,74
2011/10/08 00,10,60
2011/10/08 01,12,54
2011/10/08 02,12,51
2011/10/08 03,10,62
2011/10/08 04,9,78
2011/10/08 05,9,80
2011/10/08 06,7,65
2011/10/08 07,8,55
2011/10/08 08,10,65
2011/10/08 09,7,72
2011/10/08 10,6,76
2011/10/08 11,6,82
2011/10/08 12,5,74
2011/10/08 13,7,54
2011/10/08 14,8,51
2011/10/08 15,7,42
2011/10/08 16,7,93
2011/10/08 17,10,110
2011/10/08 18,10,110
2011/10/08 19,8,90
2011/10/08 20,9,107
2011/10/08 21,8,94
2011/10/08 22,7,69
2011/10/08 23,9,31
2011/10/09 00,9,35
2011/10/09 01,9,37
2011/10/09 02,8,26
2011/10/09 03,10,39
2011/10/09 04,8,32
2011/10/09 05,7,28
2011/10/09 06,4,23
2011/10/09 07,7,62
2011/10/09 08,9,81
2011/10/09 09,7,83
2011/10/09 10,9,107
2011/10/09 11,9,98
2011/10/09 12,11,138
2011/10/09 13,10,169
2011/10/09 14,6,121
2011/10/09 15,11,160
2011/10/09 16,10,183
2011/10/09 17,10,174
2011/10/09 18,8,114
2011/10/09 19,10,105
2011/10/09 20,8,91
2011/10/09 21,8,77
2011/10/09 22,6,67
2011/10/09 23,9,116
2011/10/10 00,8,110
2011/10/10 01,10,117
2011/10/10 02,8,92
2011/10/10 03,8,96
2011/10/10 04,6,94
2011/10/10 05,5,56
2011/10/10 06,5,59
2011/10/10 07,5,57
2011/10/10 08,6,96
2011/10/10 09,5,125
2011/10/10 10,5,121
2011/10/10 11,5,165
2011/10/10 12,8,179
2011/10/10 13,7,151
2011/10/10 14,7,168
2011/10/10 15,8,221
2011/10/10 16,8,181
2011/10/10 17,7,172
2011/10/10 21,9,168
2011/10/10 22,12,195
2011/10/10 23,11,172
2011/10/11 00,13,173
2011/10/11 01,11,134
2011/10/11 02,10,118
2011/10/11 03,11,125
2011/10/11 04,10,130
2011/10/11 05,9,124
2011/10/11 06,7,93
2011/10/11 07,5,96
2011/10/11 08,3,95
2011/10/11 09,2,95
2011/10/11 10,2,98
2011/10/11 11,3,163
2011/10/11 12,5,193
2011/10/11 13,5,211
2011/10/11 14,4,237
2011/10/11 15,3,189
2011/10/11 16,7,126
2011/10/11 17,8,142
2011/10/11 18,7,142
2011/10/11 19,7,105
2011/10/11 20,7,111
2011/10/11 21,8,157
2011/10/11 22,8,159
2011/10/11 23,9,27
2011/10/12 00,7,95
2011/10/12 01,5,67
2011/10/12 02,7,58
2011/10/12 03,8,62
2011/10/12 04,8,55
2011/10/12 05,5,46
2011/10/12 06,4,53
2011/10/12 07,3,57
2011/10/12 08,3,46
2011/10/12 09,3,43
2011/10/12 10,1,9
2011/10/12 11,2,13
2011/10/12 12,1,5
2011/10/12 13,2,10
2011/10/12 14,1,5
2011/10/12 15,2,8
2011/10/12 16,6,18
2011/10/12 17,6,119
2011/10/12 18,6,129
2011/10/12 19,7,136
2011/10/12 20,9,160
2011/10/12 21,9,172
2011/10/12 22,13,191
2011/10/12 23,10,179
2011/10/13 00,15,193
2011/10/13 01,15,175
2011/10/13 02,12,183
2011/10/13 03,14,175
2011/10/13 04,12,150
2011/10/13 05,14,151
2011/10/13 06,13,127
2011/10/13 07,13,126
2011/10/13 08,9,116
2011/10/13 09,5,89
2011/10/13 10,4,84
2011/10/13 11,6,87
2011/10/13 12,5,84
2011/10/13 13,5,88
2011/10/13 14,8,115
2011/10/13 15,7,136
2011/10/13 16,9,155
2011/10/13 17,6,167
2011/10/13 18,6,180
2011/10/13 19,7,178
2011/10/13 20,10,262
2011/10/13 21,12,230
2011/10/13 22,12,181
2011/10/13 23,14,164
2011/10/14 00,11,128
2011/10/14 01,12,138
2011/10/14 02,13,153
2011/10/14 03,12,238
2011/10/14 04,12,193
2011/10/14 05,12,165
2011/10/14 06,11,152
2011/10/14 07,7,114
2011/10/14 08,7,123
2011/10/14 09,6,107
2011/10/14 10,6,97
2011/10/14 11,7,99
2011/10/14 12,7,102
2011/10/14 13,5,106
2011/10/14 14,6,112
2011/10/14 15,7,129
2011/10/14 16,7,126
2011/10/14 17,6,115
2011/10/14 18,8,95
2011/10/14 19,9,155
2011/10/14 20,9,183
2011/10/14 21,9,145
2011/10/14 22,6,128
2011/10/14 23,6,118
2011/10/15 00,9,119
2011/10/15 01,11,141
2011/10/15 02,13,153
2011/10/15 03,13,126
2011/10/15 04,14,415
2011/10/15 05,13,620
2011/10/15 06,9,56
2011/10/15 07,8,50
2011/10/15 08,7,30
2011/10/15 09,8,36
2011/10/15 10,5,16
2011/10/15 11,6,25
2011/10/15 12,7,49
2011/10/15 13,7,82
2011/10/15 14,6,113
2011/10/15 15,10,169
2011/10/15 16,11,216
2011/10/15 17,14,252
2011/10/15 18,10,224
2011/10/15 19,12,215
2011/10/15 20,12,240
2011/10/15 21,10,198
2011/10/15 22,11,185
2011/10/15 23,10,123
2011/10/16 00,12,138
2011/10/16 01,11,131
2011/10/16 02,9,134
2011/10/16 03,8,117
2011/10/16 04,10,160
2011/10/16 05,12,177
2011/10/16 06,17,215
2011/10/16 07,16,196
2011/10/16 08,13,170
2011/10/16 09,11,161
2011/10/16 10,11,171
2011/10/16 11,10,135
2011/10/16 12,10,144
2011/10/16 13,9,155
2011/10/16 14,9,159
2011/10/16 15,9,145
2011/10/16 16,10,155
2011/10/16 17,12,182
2011/10/16 18,6,103
2011/10/16 19,6,118
2011/10/16 20,7,132
2011/10/16 21,9,135
2011/10/16 22,8,142
2011/10/16 23,7,145
2011/10/17 00,7,126
2011/10/17 01,9,141
2011/10/17 02,10,93
2011/10/17 03,10,80
2011/10/17 04,9,79
2011/10/17 05,9,78
2011/10/17 06,8,109
2011/10/17 07,8,106
2011/10/17 08,6,96
2011/10/17 09,5,78
2011/10/17 10,4,77
2011/10/17 11,6,104
2011/10/17 12,7,156
2011/10/17 13,8,162
2011/10/17 14,6,147
2011/10/17 15,8,166
2011/10/17 16,7,412
2011/10/17 17,8,432
2011/10/17 18,7,161
2011/10/17 19,6,234
2011/10/17 20,6,163
2011/10/17 21,6,136
2011/10/17 22,6,102
2011/10/17 23,7,98
2011/10/18 00,6,66
2011/10/18 01,5,65
2011/10/18 02,6,72
2011/10/18 03,9,85
2011/10/18 04,13,90
2011/10/18 05,11,106
2011/10/18 06,11,104
2011/10/18 07,8,70
2011/10/18 08,10,93
2011/10/18 09,10,97
2011/10/18 10,9,87
2011/10/18 11,8,92
2011/10/18 12,6,99
2011/10/18 13,7,117
2011/10/18 14,7,237
2011/10/18 15,7,248
2011/10/18 16,6,201
2011/10/18 17,5,42
2011/10/18 18,6,36
2011/10/18 19,4,47
2011/10/18 20,3,61
2011/10/18 21,4,28
2011/10/18 22,5,28
2011/10/18 23,8,45
2011/10/19 00,7,55
2011/10/19 01,10,91
2011/10/19 02,13,107
2011/10/19 03,10,133
2011/10/19 04,11,69
2011/10/19 05,11,71
2011/10/19 06,9,66
2011/10/19 07,8,64
2011/10/19 08,7,52
2011/10/19 09,6,53
2011/10/19 10,4,30
2011/10/19 11,3,24
2011/10/19 12,6,65
2011/10/19 13,7,76
2011/10/19 14,5,61
2011/10/19 15,4,64
2011/10/19 16,7,111
2011/10/19 17,8,114
2011/10/19 18,6,117
2011/10/19 19,8,85
2011/10/19 20,7,96
2011/10/19 21,8,84
2011/10/19 22,6,68
2011/10/19 23,8,73
2011/10/20 00,8,50
2011/10/20 01,8,69
2011/10/20 02,13,111
2011/10/20 03,16,133
2011/10/20 04,13,116
2011/10/20 05,18,154
2011/10/20 06,11,44
2011/10/20 07,7,31
2011/10/20 08,5,28
2011/10/20 09,3,23
2011/10/20 10,3,17
2011/10/20 11,3,14
2011/10/20 12,3,9
2011/10/20 13,4,51
2011/10/20 14,4,49
2011/10/20 15,4,58
2011/10/20 16,5,78
2011/10/20 17,7,86
2011/10/20 18,9,93
2011/10/20 19,10,99
2011/10/20 20,11,119
2011/10/20 21,10,100
2011/10/20 22,8,91
2011/10/20 23,10,84
2011/10/21 00,8,93
2011/10/21 01,9,105
2011/10/21 02,10,102
2011/10/21 03,10,113
2011/10/21 04,8,113
2011/10/21 05,10,106
2011/10/21 06,6,85
2011/10/21 07,5,82
2011/10/21 08,6,102
2011/10/21 09,5,63
2011/10/21 10,5,62
2011/10/21 11,5,45
2011/10/21 12,3,49
2011/10/21 13,4,71
2011/10/21 14,4,84
2011/10/21 15,6,94
2011/10/21 16,5,100
2011/10/21 17,7,141
2011/10/21 18,9,148
2011/10/21 19,11,141
2011/10/21 20,11,121
2011/10/21 21,11,120
2011/10/21 22,10,96
2011/10/21 23,10,131
2011/10/22 00,11,123
2011/10/22 01,9,89
2011/10/22 02,7,65
2011/10/22 03,10,79
2011/10/22 04,9,81
2011/10/22 05,7,96
2011/10/22 06,8,104
2011/10/22 07,9,78
2011/10/22 08,8,76
2011/10/22 09,6,72
2011/10/22 10,5,63
2011/10/22 11,6,85
2011/10/22 12,6,112
2011/10/22 13,6,127
2011/10/22 14,6,140
2011/10/22 15,6,158
2011/10/22 16,5,36
2011/10/22 17,4,18
2011/10/22 18,6,78
2011/10/22 19,7,114
2011/10/22 20,6,138
2011/10/22 21,10,176
2011/10/22 22,14,233
2011/10/22 23,14,257
2011/10/23 00,10,243
2011/10/23 01,9,165
2011/10/23 02,9,172
2011/10/23 03,10,165
2011/10/23 04,11,194
2011/10/23 05,14,233
2011/10/23 06,15,233
2011/10/23 07,13,289
2011/10/23 08,8,274
2011/10/23 09,6,229
2011/10/23 10,3,187
2011/10/23 11,3,199
2011/10/23 12,7,206
2011/10/23 13,6,109
2011/10/23 14,5,94
2011/10/23 15,5,101
2011/10/23 16,6,114
2011/10/23 17,11,201
2011/10/23 18,11,225
2011/10/23 19,10,201
2011/10/23 20,10,211
2011/10/23 21,7,173
2011/10/23 22,6,28
2011/10/23 23,8,88
2011/10/24 00,9,105
2011/10/24 01,11,143
2011/10/24 02,15,165
2011/10/24 03,14,190
2011/10/24 04,12,166
2011/10/24 05,11,181
2011/10/24 06,8,440
2011/10/24 07,8,215
2011/10/24 08,8,115
2011/10/24 09,6,102
2011/10/24 10,5,104
2011/10/24 11,3,92
2011/10/24 12,4,95
2011/10/24 13,4,61
2011/10/24 14,5,91
2011/10/24 15,4,78
2011/10/24 16,5,135
2011/10/24 17,8,172
2011/10/24 18,8,186
2011/10/24 19,9,71
2011/10/24 20,6,51
2011/10/24 21,6,52
2011/10/24 22,8,56
2011/10/24 23,9,47
2011/10/25 00,11,66
2011/10/25 01,10,77
2011/10/25 02,10,153
2011/10/25 03,12,129
2011/10/25 04,12,87
2011/10/25 05,11,63
2011/10/25 06,10,59
2011/10/25 07,9,60
2011/10/25 08,8,52
2011/10/25 09,9,58
2011/10/25 10,7,83
2011/10/25 11,6,68
2011/10/25 12,2,50
2011/10/25 13,4,67
2011/10/25 14,3,81
2011/10/25 15,3,86
2011/10/25 16,5,100
2011/10/25 17,7,101
2011/10/25 18,6,49
2011/10/25 19,9,67
2011/10/25 20,9,80
2011/10/25 21,10,86
2011/10/25 22,7,33
2011/10/25 23,8,39
2011/10/26 00,10,28
2011/10/26 01,11,75
2011/10/26 02,11,70
2011/10/26 03,10,114
2011/10/26 04,12,247
2011/10/26 05,13,230
2011/10/26 06,11,191
2011/10/26 07,6,27
2011/10/26 08,6,26
2011/10/26 09,4,17
2011/10/26 10,2,8
2011/10/26 11,1,3
2011/10/26 12,2,29
2011/10/26 13,2,3
2011/10/26 14,4,32
2011/10/26 15,3,69
2011/10/26 16,4,83
2011/10/26 17,4,77
2011/10/26 18,4,68
2011/10/26 19,10,76
2011/10/26 20,9,76
2011/10/26 21,11,94
2011/10/26 22,8,34
2011/10/26 23,7,21
2011/10/27 00,9,35
2011/10/27 01,7,31
2011/10/27 02,8,45
2011/10/27 03,10,61
2011/10/27 04,14,91
2011/10/27 05,14,120
2011/10/27 06,10,123
2011/10/27 07,5,84
2011/10/27 08,4,82
2011/10/27 09,5,99
2011/10/27 10,4,79
2011/10/27 11,3,72
2011/10/27 12,1,26
2011/10/27 13,2,2
2011/10/27 14,2,19
2011/10/27 15,4,27
2011/10/27 16,5,38
2011/10/27 17,4,17
2011/10/27 18,6,18
2011/10/27 19,8,31
2011/10/27 20,5,22
2011/10/27 21,6,26
2011/10/27 22,5,23
2011/10/27 23,5,18
2011/10/28 00,3,15
2011/10/28 01,6,37
2011/10/28 02,7,36
2011/10/28 03,5,29
2011/10/28 04,4,46
2011/10/28 05,6,52
2011/10/28 06,5,21
2011/10/28 07,3,14
2011/10/28 08,3,10
2011/10/28 09,3,16
2011/10/28 10,2,22
2011/10/28 11,1,28
2011/10/28 12,1,28
2011/10/28 13,2,3
2011/10/28 14,2,45
2011/10/28 15,3,71
2011/10/28 16,3,83
2011/10/28 17,4,100
2011/10/28 18,5,99
2011/10/28 19,7,102
2011/10/28 20,5,98
2011/10/28 21,6,101
2011/10/28 22,6,86
2011/10/28 23,8,89
2011/10/29 00,6,82
2011/10/29 01,7,84
2011/10/29 02,9,91
2011/10/29 03,10,104
2011/10/29 04,11,111
2011/10/29 05,12,132
2011/10/29 06,10,128
2011/10/29 07,8,121
2011/10/29 08,10,115
2011/10/29 09,7,111
2011/10/29 10,6,104
2011/10/29 11,5,95
2011/10/29 12,1,44
2011/10/29 13,1,67
2011/10/29 14,1,76
2011/10/29 15,3,78
2011/10/29 16,5,146
2011/10/29 17,6,160
2011/10/29 18,5,81
2011/10/29 19,3,78
2011/10/29 20,7,92
2011/10/29 21,9,89
2011/10/29 22,12,80
2011/10/29 23,12,85
2011/10/30 00,6,63
2011/10/30 01,7,58
2011/10/30 02,7,65
2011/10/30 03,8,76
2011/10/30 04,7,74
2011/10/30 05,9,85
2011/10/30 06,7,93
2011/10/30 07,7,109
2011/10/30 08,6,89
2011/10/30 09,6,78
2011/10/30 10,6,106
2011/10/30 11,6,116
2011/10/30 12,7,124
2011/10/30 13,8,135
2011/10/30 14,6,122
2011/10/30 15,5,71
2011/10/30 16,7,78
2011/10/30 17,6,93
2011/10/30 18,8,98
2011/10/30 19,8,85
2011/10/30 20,5,78
2011/10/30 21,5,78
2011/10/30 22,6,55
2011/10/30 23,6,67
2011/10/31 00,8,74
2011/10/31 01,4,50
2011/10/31 02,9,70
2011/10/31 03,9,63
2011/10/31 04,7,76
2011/10/31 05,9,92
2011/10/31 06,8,84
2011/10/31 07,7,71
2011/10/31 08,6,71
2011/10/31 09,7,73
2011/10/31 10,7,74
2011/10/31 11,3,45
2011/10/31 12,3,56
2011/10/31 13,4,66
2011/10/31 14,5,77
2011/10/31 15,5,96
2011/10/31 16,6,128
2011/10/31 17,4,139
2011/10/31 18,5,117
2011/10/31 19,5,84
2011/10/31 20,5,92
2011/10/31 21,6,28
2011/10/31 22,8,50
2011/10/31 23,7,44
2011/11/01 00,9,54
2011/11/01 01,6,27
2011/11/01 02,6,30
2011/11/01 03,6,84
2011/11/01 04,8,60
2011/11/01 05,7,37
2011/11/01 06,8,27
2011/11/01 07,10,42
2011/11/01 08,10,73
2011/11/01 09,7,61
2011/11/01 10,4,51
2011/11/01 11,5,57
2011/11/01 12,4,86
2011/11/01 13,6,200
2011/11/01 14,7,339
2011/11/01 15,6,407
2011/11/01 16,6,371
2011/11/03 15,5,28
2011/11/03 16,4,23
2011/11/03 17,5,82
2011/11/03 18,5,87
2011/11/03 19,4,95
2011/11/03 20,3,92
2011/11/03 21,6,108
2011/11/03 22,7,169
2011/11/03 23,8,77
2011/11/04 00,8,66
2011/11/04 01,7,91
2011/11/04 02,6,81
2011/11/04 03,7,89
2011/11/04 04,8,105
2011/11/04 05,8,112
2011/11/04 06,9,124
2011/11/04 07,8,121
2011/11/04 08,7,117
2011/11/04 09,3,52
2011/11/04 10,4,50
2011/11/04 11,4,66
2011/11/04 12,7,74
2011/11/04 13,5,73
2011/11/04 14,7,75
2011/11/04 15,8,271
2011/11/04 16,9,373
2011/11/04 17,10,413
2011/11/04 18,9,414
2011/11/04 19,7,433
2011/11/04 20,6,97
2011/11/04 21,7,94
2011/11/04 22,10,114
2011/11/04 23,9,101
2011/11/05 00,8,84
2011/11/05 01,10,77
2011/11/05 02,7,77
2011/11/05 03,10,164
2011/11/05 04,14,196
2011/11/05 05,12,150
2011/11/05 06,13,139
2011/11/05 07,14,138
2011/11/05 08,12,131
2011/11/05 09,10,109
2011/11/05 10,7,73
2011/11/05 11,5,71
2011/11/05 12,4,72
2011/11/05 13,4,81
2011/11/05 14,5,94
2011/11/05 15,7,121
2011/11/05 16,9,145
2011/11/05 17,9,151
2011/11/05 18,9,142
2011/11/05 19,9,116
2011/11/05 20,11,138
2011/11/05 21,11,114
2011/11/05 22,10,99
2011/11/05 23,9,44
2011/11/06 00,7,17
2011/11/06 01,7,20
2011/11/06 02,9,33
2011/11/06 03,11,58
2011/11/06 04,10,63
2011/11/06 05,8,66
2011/11/06 06,7,61
2011/11/06 07,4,40
2011/11/06 08,4,46
2011/11/06 09,4,53
2011/11/06 10,3,40
2011/11/06 11,3,39
2011/11/06 12,5,19
2011/11/06 13,5,32
2011/11/06 14,6,50
2011/11/06 15,6,58
2011/11/06 16,7,63
2011/11/06 17,11,80
2011/11/06 18,8,141
2011/11/06 19,8,149
2011/11/06 20,9,131
2011/11/06 21,12,128
2011/11/06 22,12,69
2011/11/06 23,12,80
2011/11/07 00,10,82
2011/11/07 01,9,84
2011/11/07 02,8,71
2011/11/07 03,9,57
2011/11/07 04,5,58
2011/11/07 05,6,62
2011/11/07 06,9,87
2011/11/07 07,9,106
2011/11/07 08,7,107
2011/11/07 09,5,75
2011/11/07 10,5,78
2011/11/07 11,3,41
2011/11/07 12,2,3
2011/11/07 13,2,4
2011/11/07 14,1,4
2011/11/07 15,3,14
2011/11/07 16,4,20
2011/11/07 17,6,36
2011/11/07 18,8,42
2011/11/07 19,7,61
2011/11/07 20,6,59
2011/11/07 21,9,59
2011/11/07 22,10,60
2011/11/07 23,10,83
2011/11/08 00,13,103
2011/11/08 01,13,97
2011/11/08 02,12,92
2011/11/08 03,9,98
2011/11/08 04,9,95
2011/11/08 05,11,120
2011/11/08 06,9,88
2011/11/08 07,10,96
2011/11/08 08,6,59
2011/11/08 09,5,93
2011/11/08 10,5,94
2011/11/08 11,6,106
2011/11/08 12,7,109
2011/11/08 13,6,99
2011/11/08 14,8,113
2011/11/08 15,7,158
2011/11/08 16,5,206
2011/11/08 17,6,220
2011/11/08 18,4,260
2011/11/08 19,8,269
2011/11/08 20,4,12
2011/11/08 21,4,62
2011/11/08 22,3,15
2011/11/08 23,5,30
2011/11/09 00,6,42
2011/11/09 01,7,46
2011/11/09 02,9,99
2011/11/09 03,8,104
2011/11/09 04,8,99
2011/11/09 05,8,128
2011/11/09 06,8,147
2011/11/09 07,8,120
2011/11/09 08,11,105
2011/11/09 09,7,96
2011/11/09 10,7,96
2011/11/09 11,5,62
2011/11/09 12,4,54
2011/11/09 13,4,53
2011/11/09 14,4,79
2011/11/09 15,2,64
2011/11/09 16,3,81
2011/11/09 17,4,203
2011/11/09 18,5,316
2011/11/09 19,8,373
2011/11/09 20,6,362
2011/11/09 21,4,262
2011/11/09 22,5,296
2011/11/09 23,6,308
2011/11/10 00,5,20
2011/11/10 01,5,30
2011/11/10 02,6,34
2011/11/10 03,7,44
2011/11/10 04,7,47
2011/11/10 05,6,48
2011/11/10 06,6,53
2011/11/10 07,7,52
2011/11/10 08,6,34
2011/11/10 09,6,35
2011/11/10 10,7,40
2011/11/10 11,6,32
2011/11/10 12,8,48
2011/11/10 13,8,54
2011/11/10 14,5,44
2011/11/10 15,4,97
2011/11/10 16,2,92
2011/11/10 17,3,122
2011/11/10 18,2,101
2011/11/10 19,3,116
2011/11/10 20,4,150
2011/11/10 21,4,24
2011/11/10 22,7,68
2011/11/10 23,5,59
2011/11/11 00,8,64
2011/11/11 01,8,38
2011/11/11 02,7,31
2011/11/11 03,5,57
2011/11/11 04,6,71
2011/11/11 05,10,92
2011/11/11 06,8,97
2011/11/11 07,9,100
2011/11/11 08,10,83
2011/11/11 09,9,64
2011/11/11 10,8,79
2011/11/11 11,7,36
2011/11/11 12,3,22
2011/11/11 13,5,21
2011/11/11 14,4,6
2011/11/11 15,2,11
2011/11/11 16,1,6
2011/11/11 17,3,3
2011/11/11 18,7,243
2011/11/11 19,6,238
2011/11/11 20,7,271
2011/11/11 21,6,263
2011/11/11 22,10,322
2011/11/11 23,8,99
2011/11/12 00,9,85
2011/11/12 01,10,76
2011/11/12 02,9,79
2011/11/12 03,9,87
2011/11/12 04,7,84
2011/11/12 05,10,94
2011/11/12 06,13,100
2011/11/12 07,10,99
2011/11/12 08,6,82
2011/11/12 09,5,100
2011/11/12 10,4,100
2011/11/12 11,4,73
2011/11/12 12,3,78
2011/11/12 13,4,71
2011/11/12 14,4,46
2011/11/12 15,7,67
2011/11/12 16,7,87
2011/11/12 17,7,104
2011/11/12 18,5,100
2011/11/12 19,7,119
2011/11/12 20,8,145
2011/11/12 21,7,48
2011/11/12 22,8,57
2011/11/12 23,9,121
2011/11/13 00,6,39
2011/11/13 01,8,24
2011/11/13 02,7,42
2011/11/13 03,8,63
2011/11/13 04,8,73
2011/11/13 05,9,92
2011/11/13 06,8,76
2011/11/13 07,6,52
2011/11/13 08,6,65
2011/11/13 12,5,55
2011/11/13 13,6,79
2011/11/13 14,5,80
2011/11/13 15,6,107
2011/11/13 16,5,101
2011/11/13 17,5,107
2011/11/13 18,9,171
2011/11/13 19,9,253
2011/11/13 20,6,68
2011/11/13 21,9,64
2011/11/13 22,7,54
2011/11/13 23,5,44
2011/11/14 00,3,38
2011/11/14 01,4,31
2011/11/14 02,5,37
2011/11/14 03,6,48
2011/11/14 04,5,50
2011/11/14 05,6,51
2011/11/14 06,5,28
2011/11/14 07,3,8
2011/11/14 08,2,4
2011/11/14 09,2,7
2011/11/14 10,2,18
2011/11/14 11,3,23
2011/11/14 12,5,13
2011/11/14 13,3,9
2011/11/14 14,4,11
2011/11/14 15,2,9
2011/11/14 16,3,9
2011/11/14 17,2,10
2011/11/14 18,2,10
2011/11/14 19,3,17
2011/11/14 20,4,19
2011/11/14 21,3,12
2011/11/14 22,5,15
2011/11/14 23,3,10
2011/11/15 00,5,15
2011/11/15 01,7,20
2011/11/15 02,3,9
2011/11/15 03,2,6
2011/11/15 04,2,24
2011/11/15 05,4,33
2011/11/15 06,3,33
2011/11/15 07,3,42
2011/11/15 08,3,57
2011/11/15 09,3,18
2011/11/15 10,2,14
2011/11/15 11,3,14
2011/11/15 12,3,6
2011/11/15 13,3,9
2011/11/15 14,2,8
2011/11/15 15,2,7
2011/11/15 16,2,8
2011/11/15 17,3,7
2011/11/15 18,3,18
2011/11/15 19,3,32
2011/11/15 20,5,34
2011/11/15 21,7,88
2011/11/15 22,6,71
2011/11/15 23,6,71
2011/11/16 00,5,74
2011/11/16 01,8,59
2011/11/16 02,6,54
2011/11/16 03,4,74
2011/11/16 04,4,21
2011/11/16 05,7,28
2011/11/16 06,4,35
2011/11/16 07,3,41
2011/11/16 08,2,49
2011/11/16 09,6,48
2011/11/16 10,5,48
2011/11/16 11,3,38
2011/11/16 12,2,36
2011/11/16 13,3,9
2011/11/16 14,2,4
2011/11/16 15,5,10
2011/11/16 16,5,18
2011/11/16 17,6,18
2011/11/16 18,2,9
2011/11/16 19,4,25
2011/11/16 20,8,39
2011/11/16 21,7,38
2011/11/16 22,5,24
2011/11/16 23,4,25
2011/11/17 00,4,28
2011/11/17 01,3,23
2011/11/17 02,6,52
2011/11/17 03,8,90
2011/11/17 04,7,118
2011/11/17 05,9,120
2011/11/17 06,6,88
2011/11/17 07,6,118
2011/11/17 08,5,125
2011/11/17 09,6,122
2011/11/17 10,5,124
2011/11/17 11,2,15
2011/11/17 12,3,24
2011/11/17 13,1,4
2011/11/17 14,1,3
2011/11/17 15,1,7
2011/11/17 16,2,8
2011/11/17 17,3,12
2011/11/17 18,1,3
2011/11/17 19,5,80
2011/11/17 20,5,89
2011/11/17 21,4,18
2011/11/17 22,4,35
2011/11/17 23,3,31
2011/11/18 00,4,30
2011/11/18 01,5,28
2011/11/18 02,6,30
2011/11/18 03,6,44
2011/11/18 04,6,30
2011/11/18 05,8,40
2011/11/18 06,6,36
2011/11/18 07,5,48
2011/11/18 08,5,55
2011/11/18 09,2,5
2011/11/18 10,2,6
2011/11/18 11,2,6
2011/11/18 12,3,8
2011/11/18 13,4,19
2011/11/18 14,5,28
2011/11/18 15,7,41
2011/11/18 16,7,53
2011/11/18 17,5,50
2011/11/18 18,4,33
2011/11/18 19,2,25
2011/11/18 20,2,13
2011/11/18 21,3,14
2011/11/18 22,4,18
2011/11/18 23,3,17
2011/11/19 00,4,63
2011/11/19 01,2,45
2011/11/19 02,4,66
2011/11/19 03,7,84
2011/11/19 04,6,85
2011/11/19 05,6,80
2011/11/19 06,6,85
2011/11/19 07,6,91
2011/11/19 08,7,92
2011/11/19 09,6,89
2011/11/19 10,5,66
2011/11/19 11,5,61
2011/11/19 12,5,72
2011/11/19 13,8,76
2011/11/19 14,7,79
2011/11/19 15,9,77
2011/11/19 16,10,78
2011/11/19 17,9,99
2011/11/19 18,9,105
2011/11/19 19,8,114
2011/11/19 20,7,134
2011/11/19 21,6,140
2011/11/19 22,7,148
2011/11/19 23,9,172
2011/11/20 00,5,143
2011/11/20 01,6,144
2011/11/20 02,7,140
2011/11/20 03,9,73
2011/11/20 04,9,85
2011/11/20 05,7,88
2011/11/20 06,7,72
2011/11/20 07,7,80
2011/11/20 08,5,48
2011/11/20 09,5,31
2011/11/20 10,5,29
2011/11/20 11,3,27
2011/11/20 12,4,26
2011/11/20 13,4,29
2011/11/20 14,4,38
2011/11/20 15,5,47
2011/11/20 16,7,46
2011/11/20 17,9,70
2011/11/20 18,13,130
2011/11/20 19,11,137
2011/11/20 20,7,144
2011/11/20 21,4,130
2011/11/20 22,4,120
2011/11/20 23,6,130
2011/11/21 00,7,118
2011/11/21 01,9,113
2011/11/21 02,6,62
2011/11/21 03,6,59
2011/11/21 04,4,58
2011/11/21 05,6,39
2011/11/21 06,7,55
2011/11/21 07,6,89
2011/11/21 08,6,93
2011/11/21 09,7,87
2011/11/21 10,5,64
2011/11/21 11,6,70
2011/11/21 12,5,70
2011/11/21 13,7,88
2011/11/21 14,7,102
2011/11/21 15,7,101
2011/11/21 16,8,107
2011/11/21 17,7,104
2011/11/21 18,6,94
2011/11/21 19,6,105
2011/11/21 20,8,116
2011/11/21 21,8,108
2011/11/21 22,3,81
2011/11/21 23,5,82
2011/11/22 00,4,103
2011/11/22 01,7,139
2011/11/22 02,9,155
2011/11/22 03,10,183
2011/11/22 04,10,214
2011/11/22 05,8,115
2011/11/22 06,9,105
2011/11/22 07,3,82
2011/11/22 08,4,88
2011/11/22 09,3,78
2011/11/22 10,5,89
2011/11/22 11,7,89
2011/11/22 12,5,92
2011/11/22 13,6,88
2011/11/22 14,5,84
2011/11/22 15,5,96
2011/11/22 16,5,92
2011/11/22 17,7,177
2011/11/22 18,6,210
2011/11/22 19,6,382
2011/11/22 20,7,338
2011/11/22 21,8,321
2011/11/22 22,5,84
2011/11/22 23,5,27
2011/11/23 00,4,23
2011/11/23 01,6,56
2011/11/23 02,5,77
2011/11/23 03,5,72
2011/11/23 04,7,73
2011/11/23 05,4,19
2011/11/23 06,3,20
2011/11/23 07,2,14
2011/11/23 08,2,20
2011/11/23 09,4,21
2011/11/23 10,2,4
2011/11/23 11,2,6
2011/11/23 12,3,8
2011/11/23 13,5,16
2011/11/23 14,5,20
2011/11/23 15,6,33
2011/11/23 16,6,35
2011/11/23 17,5,25
2011/11/23 18,5,26
2011/11/23 19,6,26
2011/11/23 20,5,92
2011/11/23 21,4,94
2011/11/23 22,3,84
2011/11/23 23,8,79
2011/11/24 00,7,151
2011/11/24 01,7,197
2011/11/24 02,8,211
2011/11/24 03,8,226
2011/11/24 04,8,254
2011/11/24 05,8,260
2011/11/24 06,6,96
2011/11/24 07,5,74
2011/11/24 08,7,114
2011/11/24 09,6,58
2011/11/24 10,6,51
2011/11/24 11,6,46
2011/11/24 12,5,49
2011/11/24 13,5,47
2011/11/24 14,5,47
2011/11/24 15,7,81
2011/11/24 16,6,91
2011/11/24 17,6,81
2011/11/24 18,4,65
2011/11/24 19,3,53
2011/11/24 20,3,47
2011/11/24 21,2,45
2011/11/24 22,4,49
2011/11/24 23,4,49
2011/11/25 00,3,51
2011/11/25 01,3,38
2011/11/25 02,4,40
2011/11/25 03,4,40
2011/11/25 04,3,36
2011/11/25 05,4,31
2011/11/25 06,5,224
2011/11/25 07,3,206
2011/11/25 08,2,21
2011/11/25 09,3,22
2011/11/25 10,2,6
2011/11/25 11,1,1
2011/11/25 14,1,3
2011/11/25 15,2,8
2011/11/25 16,4,17
2011/11/25 17,7,73
2011/11/25 18,5,82
2011/11/25 19,7,106
2011/11/25 20,4,102
2011/11/25 21,1,5
2011/11/25 22,4,19
2011/11/25 23,5,23
2011/11/26 00,6,33
2011/11/26 01,8,35
2011/11/26 02,7,108
2011/11/26 03,8,114
2011/11/26 04,6,138
2011/11/26 05,4,81
2011/11/26 06,5,13
2011/11/26 07,5,21
2011/11/26 08,5,31
2011/11/26 09,5,27
2011/11/26 10,4,13
2011/11/26 11,4,3
2011/11/26 12,7,13
2011/11/26 13,7,26
2011/11/26 14,5,48
2011/11/26 15,6,67
2011/11/26 16,6,112
2011/11/26 17,5,127
2011/11/26 18,8,125
2011/11/26 19,6,70
2011/11/26 20,5,69
2011/11/26 21,2,41
2011/11/26 22,2,39
2011/11/26 23,1,38
2011/11/27 00,2,36
2011/11/27 01,1,36
2011/11/27 02,1,35
2011/11/27 03,3,42
2011/11/27 04,3,42
2011/11/27 05,4,44
2011/11/27 06,4,51
2011/11/27 07,4,50
2011/11/27 08,3,59
2011/11/27 09,6,78
2011/11/27 10,7,83
2011/11/27 11,7,101
2011/11/27 12,7,112
2011/11/27 13,5,83
2011/11/27 14,4,69
2011/11/27 15,3,66
2011/11/27 16,5,98
2011/11/27 17,6,119
2011/11/27 18,3,110
2011/11/27 19,3,162
2011/11/27 20,4,84
2011/11/27 21,7,76
2011/11/27 22,7,83
2011/11/27 23,8,102
2011/11/28 00,9,107
2011/11/28 01,7,111
2011/11/28 02,7,72
2011/11/28 03,6,54
2011/11/28 04,7,61
2011/11/28 05,6,57
2011/11/28 06,5,70
2011/11/28 07,6,81
2011/11/28 08,5,64
2011/11/28 09,4,61
2011/11/28 10,5,68
2011/11/28 11,6,69
2011/11/28 12,5,68
2011/11/28 13,4,68
2011/11/28 14,4,81
2011/11/28 15,3,81
2011/11/28 16,5,83
2011/11/28 17,4,97
2011/11/28 18,3,79
2011/11/28 19,4,72
2011/11/28 20,5,107
2011/11/28 21,5,121
2011/11/28 22,7,143
2011/11/28 23,6,98
2011/11/29 00,5,85
2011/11/29 01,3,64
2011/11/29 02,5,61
2011/11/29 03,5,58
2011/11/29 04,9,90
2011/11/29 05,8,109
2011/11/29 06,6,87
2011/11/29 07,5,65
2011/11/29 08,2,42
2011/11/29 09,2,45
2011/11/29 10,2,53
2011/11/29 11,4,70
2011/11/29 12,4,82
2011/11/29 13,5,65
2011/11/29 14,6,69
2011/11/29 15,4,68
2011/11/29 16,3,87
2011/11/29 17,3,92
2011/11/29 18,3,107
2011/11/29 19,4,125
2011/11/29 20,2,109
2011/11/29 21,4,91
2011/11/29 22,6,89
2011/11/29 23,8,94
2011/11/30 00,6,101
2011/11/30 01,3,59
2011/11/30 02,3,65
2011/11/30 03,7,79
2011/11/30 04,8,84
2011/11/30 05,9,77
2011/11/30 06,9,105
2011/11/30 07,9,110
2011/11/30 08,5,114
2011/11/30 09,5,120
2011/11/30 10,5,133
2011/11/30 11,6,151
2011/11/30 12,5,135
2011/11/30 13,3,138
2011/11/30 14,4,142
2011/11/30 15,4,153
2011/11/30 16,6,138
2011/11/30 17,5,114
2011/11/30 18,8,188
2011/11/30 19,6,174
2011/11/30 20,5,131
2011/11/30 21,6,129
2011/11/30 22,4,106
2011/11/30 23,4,80
2011/12/01 00,5,91
2011/12/01 01,10,120
2011/12/01 02,13,103
2011/12/01 03,9,92
2011/12/01 04,11,95
2011/12/01 05,10,94
2011/12/01 06,12,79
2011/12/01 07,9,95
2011/12/01 08,8,89
2011/12/01 09,8,82
2011/12/01 10,5,96
2011/12/01 11,5,99
2011/12/01 12,4,118
2011/12/01 13,3,119
2011/12/01 14,5,121
2011/12/01 15,6,77
2011/12/01 16,7,77
2011/12/01 17,5,98
2011/12/01 18,6,62
2011/12/01 19,8,54
2011/12/01 20,8,61
2011/12/01 21,8,113
2011/12/01 22,6,70
2011/12/01 23,9,80
2011/12/02 00,8,62
2011/12/02 01,7,53
2011/12/02 02,5,34
2011/12/02 03,6,30
2011/12/02 04,5,42
2011/12/02 05,6,69
2011/12/02 06,8,87
2011/12/02 07,6,90
2011/12/02 08,5,86
2011/12/02 09,4,54
2011/12/02 10,5,35
2011/12/02 11,3,34
2011/12/02 12,2,24
2011/12/02 13,2,25
2011/12/02 14,4,65
2011/12/02 15,6,72
2011/12/02 16,7,87
2011/12/02 17,7,104
2011/12/02 18,7,154
2011/12/02 19,7,266
2011/12/02 20,7,356
2011/12/02 21,6,243
2011/12/02 22,5,26
2011/12/02 23,6,33
2011/12/03 00,6,34
2011/12/03 01,7,31
2011/12/03 02,11,41
2011/12/03 03,9,42
2011/12/03 04,8,39
2011/12/03 05,8,37
2011/12/03 06,5,29
2011/12/03 07,7,25
2011/12/03 08,7,23
2011/12/03 09,5,25
2011/12/03 10,4,24
2011/12/03 11,3,18
2011/12/03 12,5,50
2011/12/03 13,4,80
2011/12/03 14,5,99
2011/12/03 15,8,116
2011/12/03 16,9,154
2011/12/03 17,8,188
2011/12/03 18,8,181
2011/12/03 19,9,162
2011/12/03 20,9,109
2011/12/03 21,11,99
2011/12/03 22,13,102
2011/12/03 23,11,85
2011/12/04 00,11,88
2011/12/04 01,10,80
2011/12/04 02,8,78
2011/12/04 03,9,88
2011/12/04 04,7,84
2011/12/04 05,7,79
2011/12/04 06,5,65
2011/12/04 07,6,75
2011/12/04 08,6,98
2011/12/04 09,5,78
2011/12/04 10,5,95
2011/12/04 11,5,88
2011/12/04 12,3,91
2011/12/04 13,3,92
2011/12/04 14,4,97
2011/12/04 15,5,97
2011/12/04 16,5,101
2011/12/04 17,4,84
2011/12/04 18,4,74
2011/12/04 19,7,90
2011/12/04 20,10,143
2011/12/04 21,11,155
2011/12/04 22,10,140
2011/12/04 23,9,137
2011/12/05 00,8,112
2011/12/05 01,8,83
2011/12/05 02,12,93
2011/12/05 03,9,73
2011/12/05 04,7,78
2011/12/05 05,8,83
2011/12/05 06,6,85
2011/12/05 07,6,83
2011/12/05 08,4,85
2011/12/05 09,6,76
2011/12/05 10,9,97
2011/12/05 11,7,94
2011/12/05 12,8,102
2011/12/05 13,8,117
2011/12/05 14,8,122
2011/12/05 15,5,120
2011/12/05 16,4,144
2011/12/05 17,4,121
2011/12/05 18,4,137
2011/12/05 19,7,145
2011/12/05 20,7,147
2011/12/05 21,7,156
2011/12/05 22,7,128
2011/12/05 23,8,128
2011/12/06 00,10,144
2011/12/06 01,10,127
2011/12/06 02,8,104
2011/12/06 03,8,103
2011/12/06 04,5,63
2011/12/06 05,3,56
2011/12/06 06,6,60
2011/12/06 07,6,67
2011/12/06 08,8,79
2011/12/06 09,6,80
2011/12/06 10,6,82
2011/12/06 11,7,101
2011/12/06 12,6,100
2011/12/06 13,7,110
2011/12/06 14,6,140
2011/12/06 15,7,150
2011/12/06 16,11,204
2011/12/06 17,4,145
2011/12/06 18,4,145
2011/12/06 19,7,135
2011/12/06 20,7,106
2011/12/06 21,7,96
2011/12/06 22,7,96
2011/12/06 23,7,91
2011/12/07 00,9,130
2011/12/07 01,11,162
2011/12/07 02,12,151
2011/12/07 03,9,121
2011/12/07 04,11,138
2011/12/07 05,14,137
2011/12/07 06,13,123
2011/12/07 07,10,98
2011/12/07 08,9,108
2011/12/07 09,9,98
2011/12/07 10,9,112
2011/12/07 11,9,97
2011/12/07 12,7,104
2011/12/07 13,6,105
2011/12/07 14,4,81
2011/12/07 15,4,90
2011/12/07 16,9,126
2011/12/07 17,9,165
2011/12/07 18,8,273
2011/12/07 19,6,280
2011/12/07 20,8,298
2011/12/07 21,6,134
2011/12/07 22,9,134
2011/12/07 23,11,165
2011/12/08 00,13,181
2011/12/08 01,9,130
2011/12/08 02,10,129
2011/12/08 03,9,166
2011/12/08 04,11,188
2011/12/08 05,9,168
2011/12/08 06,7,125
2011/12/08 07,9,101
2011/12/08 08,8,112
2011/12/08 09,7,117
2011/12/08 10,7,116
2011/12/08 11,7,124
2011/12/08 12,5,107
2011/12/08 13,5,113
2011/12/08 14,5,100
2011/12/08 15,5,121
2011/12/08 16,8,154
2011/12/08 17,10,229
2011/12/08 18,9,231
2011/12/08 19,8,271
2011/12/08 20,10,216
2011/12/08 21,12,210
2011/12/08 22,13,244
2011/12/08 23,15,208
2011/12/09 00,14,147
2011/12/09 01,12,132
2011/12/09 02,13,265
2011/12/09 03,15,170
2011/12/09 04,14,230
2011/12/09 05,15,222
2011/12/09 06,11,195
2011/12/09 07,12,195
2011/12/09 08,13,199
2011/12/09 09,9,134
2011/12/09 10,8,134
2011/12/09 11,8,160
2011/12/09 12,4,137
2011/12/09 13,3,110
2011/12/09 14,6,128
2011/12/09 15,8,141
2011/12/09 16,10,170
2011/12/09 17,10,184
2011/12/09 18,12,395
2011/12/09 19,15,239
2011/12/09 20,13,266
2011/12/09 21,15,249
2011/12/09 22,13,178
2011/12/09 23,11,135
2011/12/10 00,9,133
2011/12/10 01,10,124
2011/12/10 02,12,129
2011/12/10 03,12,105
2011/12/10 04,13,102
2011/12/10 05,14,119
2011/12/10 06,11,121
2011/12/10 07,10,114
2011/12/10 08,11,118
2011/12/10 09,11,107
2011/12/10 10,8,103
2011/12/10 11,10,128
2011/12/10 12,9,157
2011/12/10 13,9,155
2011/12/10 14,8,196
2011/12/10 15,10,316
2011/12/10 16,10,233
2011/12/10 17,11,261
2011/12/10 18,15,366
2011/12/10 19,12,333
2011/12/10 20,13,338
2011/12/10 21,13,234
2011/12/10 22,16,204
2011/12/10 23,15,223
2011/12/11 00,15,255
2011/12/11 01,14,219
2011/12/11 02,9,93
2011/12/11 03,12,126
2011/12/11 04,12,128
2011/12/11 05,13,89
2011/12/11 06,10,80
2011/12/11 07,9,79
2011/12/11 08,10,102
2011/12/11 09,10,162
2011/12/11 10,8,101
2011/12/11 11,11,123
2011/12/11 12,10,139
2011/12/11 13,10,163
2011/12/11 14,9,126
2011/12/11 15,9,81
2011/12/11 16,10,41
2011/12/11 17,9,40
2011/12/11 18,7,24
2011/12/11 19,7,34
2011/12/11 20,9,53
2011/12/11 21,9,74
2011/12/11 22,8,153
2011/12/11 23,10,193
2011/12/12 00,9,69
2011/12/12 01,11,88
2011/12/12 02,15,89
2011/12/12 03,13,88
2011/12/12 04,15,82
2011/12/12 05,13,91
2011/12/12 06,11,78
2011/12/12 07,13,220
2011/12/12 08,11,222
2011/12/12 09,9,151
2011/12/12 10,10,160
2011/12/12 11,7,136
2011/12/12 12,5,108
2011/12/12 13,9,119
2011/12/12 14,8,144
2011/12/12 15,9,188
2011/12/12 16,8,164
2011/12/12 17,8,187
2011/12/12 18,8,225
2011/12/12 19,9,235
2011/12/12 20,9,231
2011/12/12 21,9,163
2011/12/12 22,14,229
2011/12/12 23,13,186
2011/12/13 00,10,160
2011/12/13 01,10,148
2011/12/13 02,13,171
2011/12/13 03,14,157
2011/12/13 04,13,152
2011/12/13 05,15,191
2011/12/13 06,11,174
2011/12/13 07,11,139
2011/12/13 08,11,151
2011/12/13 09,10,138
2011/12/13 10,9,101
2011/12/13 11,9,98
2011/12/13 12,8,101
2011/12/13 13,5,82
2011/12/13 14,7,128
2011/12/13 15,8,171
2011/12/13 16,10,266
2011/12/13 17,9,274
2011/12/13 18,9,401
2011/12/13 19,12,503
2011/12/13 20,15,427
2011/12/13 21,13,445
2011/12/13 22,14,412
2011/12/13 23,11,152
2011/12/14 00,8,99
2011/12/14 01,7,115
2011/12/14 02,10,101
2011/12/14 03,9,55
2011/12/14 04,12,108
2011/12/14 05,12,906
2011/12/14 06,8,808
2011/12/14 07,8,917
2011/12/14 08,9,908
2011/12/14 09,9,930
2011/12/14 10,9,1002
2011/12/14 11,10,1089
2011/12/14 12,8,1231
2011/12/14 13,9,1154
2011/12/14 14,7,1152
2011/12/14 15,10,1272
2011/12/14 16,10,1248
2011/12/14 17,7,1333
2011/12/14 18,7,1140
2011/12/14 19,7,1197
2011/12/14 20,10,614
2011/12/14 21,8,273
2011/12/14 22,11,440
2011/12/14 23,9,413
2011/12/15 00,8,219
2011/12/15 01,11,261
2011/12/15 02,14,353
2011/12/15 03,16,436
2011/12/15 04,14,535
2011/12/15 05,16,728
2011/12/15 06,18,845
2011/12/15 07,19,956
2011/12/15 08,18,989
2011/12/15 09,16,997
2011/12/15 10,16,1053
2011/12/15 11,15,1003
2011/12/15 12,15,850
2011/12/15 13,15,874
2011/12/15 14,16,959
2011/12/15 15,16,973
2011/12/15 16,17,1074
2011/12/15 17,14,1035
2011/12/15 18,15,1015
2011/12/15 19,14,984
2011/12/15 20,11,1087
2011/12/15 21,14,578
2011/12/15 22,10,294
2011/12/15 23,10,332
2011/12/16 00,9,315
2011/12/16 01,11,313
2011/12/16 02,10,295
2011/12/16 03,14,388
2011/12/16 04,18,423
2011/12/16 05,14,643
2011/12/16 06,14,495
2011/12/16 07,15,514
2011/12/16 08,16,670
2011/12/16 09,11,482
2011/12/16 10,11,481
2011/12/16 11,13,575
2011/12/16 12,14,419
2011/12/16 13,17,614
2011/12/16 14,18,708
2011/12/16 15,20,799
2011/12/16 16,19,848
2011/12/16 17,18,896
2011/12/16 18,14,813
2011/12/16 19,14,836
2011/12/16 20,12,721
2011/12/16 21,14,1933
2011/12/16 22,12,2036
2011/12/16 23,12,577
2011/12/17 00,10,652
2011/12/17 01,11,687
2011/12/17 02,7,166
2011/12/17 03,10,204
2011/12/17 04,13,257
2011/12/17 05,12,297
2011/12/17 06,15,524
2011/12/17 07,15,484
2011/12/17 08,13,406
2011/12/17 09,13,515
2011/12/17 10,16,580
2011/12/17 11,16,581
2011/12/17 12,18,622
2011/12/17 13,13,547
2011/12/17 14,17,661
2011/12/17 15,15,694
2011/12/17 16,14,2287
2011/12/17 17,15,2543
2011/12/17 18,18,2876
2011/12/17 19,20,3024
2011/12/17 20,15,2794
2011/12/17 21,17,2558
2011/12/17 22,15,2565
2011/12/17 23,12,1205
2011/12/18 00,13,1165
2011/12/18 01,9,399
2011/12/18 02,11,368
2011/12/18 03,15,438
2011/12/18 04,15,394
2011/12/18 05,16,410
2011/12/18 06,20,634
2011/12/18 07,22,729
2011/12/18 08,21,763
2011/12/18 09,19,827
2011/12/18 10,13,751
2011/12/18 11,14,830
2011/12/18 12,13,926
2011/12/18 13,15,792
2011/12/18 14,13,622
2011/12/18 15,13,677
2011/12/18 16,10,914
2011/12/18 17,12,1106
2011/12/18 18,17,2049
2011/12/18 19,20,2198
2011/12/18 20,16,2162
2011/12/18 21,16,1825
2011/12/18 22,12,1493
2011/12/18 23,15,1465
2011/12/19 00,14,1632
2011/12/19 01,11,1341
2011/12/19 02,10,236
2011/12/19 03,13,307
2011/12/19 04,12,330
2011/12/19 05,16,305
2011/12/19 06,17,555
2011/12/19 07,14,504
2011/12/19 08,15,574
2011/12/19 09,15,703
2011/12/19 10,13,724
2011/12/19 11,17,843
2011/12/19 12,15,1040
2011/12/19 13,15,604
2011/12/19 14,15,824
2011/12/19 15,15,779
2011/12/19 16,16,887
2011/12/19 17,12,929
2011/12/19 18,14,1045
2011/12/19 19,15,967
2011/12/19 20,17,1148
2011/12/19 21,17,1073
2011/12/19 22,16,1452
2011/12/19 23,15,2423
2011/12/20 00,16,1892
2011/12/20 01,17,800
2011/12/20 02,17,390
2011/12/20 03,18,214
2011/12/20 04,21,459
2011/12/20 05,19,345
2011/12/20 06,16,300
2011/12/20 07,14,343
2011/12/20 08,12,318
2011/12/20 09,11,236
2011/12/20 10,8,110
2011/12/20 11,9,156
2011/12/20 12,11,239
2011/12/20 13,16,653
2011/12/20 14,16,564
2011/12/20 15,18,730
2011/12/20 16,15,2042
2011/12/20 17,13,2269
2011/12/20 18,12,2282
2011/12/20 19,12,626
2011/12/20 20,15,618
2011/12/20 21,11,848
2011/12/20 22,13,845
2011/12/20 23,13,280
2011/12/21 00,8,164
2011/12/21 01,12,192
2011/12/21 02,13,200
2011/12/21 03,12,207
2011/12/21 04,8,168
2011/12/21 05,10,268
2011/12/21 06,12,228
2011/12/21 07,9,252
2011/12/21 08,12,189
2011/12/21 09,14,230
2011/12/21 10,10,209
2011/12/21 11,10,344
2011/12/21 12,8,232
2011/12/21 13,10,298
2011/12/21 14,12,295
2011/12/21 15,12,281
2011/12/21 16,11,397
2011/12/21 17,11,497
2011/12/21 18,10,457
2011/12/21 19,10,387
2011/12/21 20,10,529
2011/12/21 21,11,880
2011/12/21 22,10,1021
2011/12/21 23,11,1047
2011/12/22 00,8,183
2011/12/22 01,6,117
2011/12/22 02,8,112
2011/12/22 03,11,124
2011/12/22 04,12,237
2011/12/22 05,12,337
2011/12/22 06,12,396
2011/12/22 07,12,266
2011/12/22 08,12,261
2011/12/22 09,9,256
2011/12/22 10,9,214
2011/12/22 11,9,217
2011/12/22 12,7,186
2011/12/22 13,7,203
2011/12/22 14,7,212
2011/12/22 15,9,283
2011/12/22 16,8,294
2011/12/22 17,8,212
2011/12/22 18,11,221
2011/12/22 19,12,194
2011/12/22 20,14,290
2011/12/22 21,11,183
2011/12/22 22,9,163
2011/12/22 23,9,168
2011/12/23 00,9,142
2011/12/23 01,11,133
2011/12/23 02,10,151
2011/12/23 03,11,181
2011/12/23 04,10,150
2011/12/23 05,14,158
2011/12/23 06,15,164
2011/12/23 07,17,183
2011/12/23 08,17,192
2011/12/23 09,17,197
2011/12/23 10,14,170
2011/12/23 11,14,162
2011/12/23 12,10,145
2011/12/23 13,9,161
2011/12/23 14,9,186
2011/12/23 15,10,205
2011/12/23 16,10,232
2011/12/23 17,9,226
2011/12/23 18,9,186
2011/12/23 19,9,153
2011/12/23 20,11,109
2011/12/23 21,8,97
2011/12/23 22,11,122
2011/12/23 23,10,96
2011/12/24 00,7,101
2011/12/24 01,5,65
2011/12/24 02,5,48
2011/12/24 03,5,47
2011/12/24 04,6,48
2011/12/24 05,8,51
2011/12/24 06,10,80
2011/12/24 07,9,92
2011/12/24 08,7,100
2011/12/24 09,9,160
2011/12/24 10,11,200
2011/12/24 11,13,218
2011/12/24 12,11,183
2011/12/24 13,12,178
2011/12/24 14,13,126
2011/12/24 15,9,151
2011/12/24 16,11,192
2011/12/24 17,12,231
2011/12/24 18,16,281
2011/12/24 19,14,284
2011/12/24 20,12,336
2011/12/24 21,13,363
2011/12/24 22,12,304
2011/12/24 23,12,296
2011/12/25 00,12,324
2011/12/25 01,12,304
2011/12/25 02,12,381
2011/12/25 03,10,345
2011/12/25 04,13,342
2011/12/25 05,13,274
2011/12/25 06,10,136
2011/12/25 07,9,107
2011/12/25 08,7,112
2011/12/25 09,7,109
2011/12/25 10,9,129
2011/12/25 11,9,120
2011/12/25 12,8,95
2011/12/25 13,7,39
2011/12/25 14,6,54
2011/12/25 15,7,84
2011/12/25 16,9,105
2011/12/25 17,11,222
2011/12/25 18,11,202
2011/12/25 19,7,185
2011/12/25 20,9,208
2011/12/25 21,10,216
2011/12/25 22,10,259
2011/12/25 23,7,214
2011/12/26 00,7,238
2011/12/26 01,7,228
2011/12/26 02,7,158
2011/12/26 03,7,196
2011/12/26 04,10,226
2011/12/26 05,12,212
2011/12/26 06,7,134
2011/12/26 07,8,143
2011/12/26 08,6,37
2011/12/26 09,5,91
2011/12/26 10,7,139
2011/12/26 11,7,149
2011/12/26 12,7,126
2011/12/26 13,5,140
2011/12/26 14,8,167
2011/12/26 15,9,162
2011/12/26 16,10,188
2011/12/26 17,13,198
2011/12/26 18,13,213
2011/12/26 19,13,232
2011/12/26 20,14,346
2011/12/26 21,15,349
2011/12/26 22,12,257
2011/12/26 23,14,293
2011/12/27 00,12,246
2011/12/27 01,15,243
2011/12/27 02,15,213
2011/12/27 03,15,291
2011/12/27 04,17,388
2011/12/27 05,14,245
2011/12/27 06,17,269
2011/12/27 07,17,296
2011/12/27 08,16,411
2011/12/27 09,15,326
2011/12/27 10,11,224
2011/12/27 11,13,162
2011/12/27 12,10,142
2011/12/27 13,10,141
2011/12/27 14,13,211
2011/12/27 15,13,505
2011/12/27 16,13,574
2011/12/27 17,14,584
2011/12/27 18,11,354
2011/12/27 19,10,286
2011/12/27 20,11,176
2011/12/27 21,10,220
2011/12/27 22,14,256
2011/12/27 23,13,250
2011/12/28 00,11,202
2011/12/28 01,11,195
2011/12/28 02,8,131
2011/12/28 03,11,152
2011/12/28 04,9,154
2011/12/28 05,12,195
2011/12/28 06,12,170
2011/12/28 07,13,157
2011/12/28 08,14,185
2011/12/28 09,12,196
2011/12/28 10,11,191
2011/12/28 11,10,120
2011/12/28 12,8,158
2011/12/28 13,7,136
2011/12/28 14,7,136
2011/12/28 15,8,157
2011/12/28 16,10,225
2011/12/28 17,11,287
2011/12/28 18,15,271
2011/12/28 19,17,279
2011/12/28 20,15,247
2011/12/28 21,12,153
2011/12/28 22,10,157
2011/12/28 23,9,164
2011/12/29 00,14,207
2011/12/29 01,16,221
2011/12/29 02,14,216
2011/12/29 03,13,208
2011/12/29 04,15,196
2011/12/29 05,11,150
2011/12/29 06,11,191
2011/12/29 07,12,205
2011/12/29 08,10,134
2011/12/29 09,8,87
2011/12/29 10,5,83
2011/12/29 11,7,201
2011/12/29 12,8,236
2011/12/29 13,11,108
2011/12/29 14,13,128
2011/12/29 15,11,206
2011/12/29 16,11,189
2011/12/29 17,8,299
2011/12/29 18,10,339
2011/12/29 19,13,345
2011/12/29 20,12,425
2011/12/29 21,10,562
2011/12/29 22,13,271
2011/12/29 23,16,282
2011/12/30 00,18,288
2011/12/30 01,16,311
2011/12/30 02,15,208
2011/12/30 03,12,206
2011/12/30 04,10,179
2011/12/30 05,12,179
2011/12/30 06,8,137
2011/12/30 07,10,146
2011/12/30 08,10,102
2011/12/30 09,8,152
2011/12/30 10,9,116
2011/12/30 11,7,128
2011/12/30 12,4,108
2011/12/30 13,5,130
2011/12/30 14,6,152
2011/12/30 15,6,157
2011/12/30 16,7,174
2011/12/30 17,8,213
2011/12/30 18,12,219
2011/12/30 19,13,288
2011/12/30 20,12,200
2011/12/30 21,12,162
2011/12/30 22,11,181
2011/12/30 23,10,155
2011/12/31 00,11,146
2011/12/31 01,12,147
2011/12/31 02,14,132
2011/12/31 03,14,119
2011/12/31 04,16,155
2011/12/31 05,14,360
2011/12/31 06,16,197
2011/12/31 07,18,218
2011/12/31 08,20,196
2011/12/31 09,15,201
2011/12/31 10,11,298
2011/12/31 11,8,149
2011/12/31 12,7,149
2011/12/31 13,6,150
2011/12/31 14,6,174
2011/12/31 15,8,203
2011/12/31 16,7,302
2011/12/31 17,10,479
2011/12/31 18,12,390
2011/12/31 19,10,382
2011/12/31 20,10,409
2011/12/31 21,11,447
2011/12/31 22,13,386
2011/12/31 23,16,484
2012/01/01 00,15,646
2012/01/01 01,11,428
2012/01/01 02,9,139
2012/01/01 03,8,180
2012/01/01 04,13,123
2012/01/01 05,13,119
2012/01/01 06,14,446
2012/01/01 07,11,486
2012/01/01 08,11,425
2012/01/01 09,11,466
2012/01/01 10,9,121
2012/01/01 11,12,158
2012/01/01 12,9,155
2012/01/01 13,8,142
2012/01/01 14,7,158
2012/01/01 15,6,117
2012/01/01 16,7,121
2012/01/01 17,8,153
2012/01/01 18,10,246
2012/01/01 19,13,346
2012/01/01 20,12,405
2012/01/01 21,12,412
2012/01/01 22,16,450
2012/01/01 23,15,507
2012/01/02 00,14,550
2012/01/02 01,13,450
2012/01/02 02,12,443
2012/01/02 03,11,435
2012/01/02 04,12,211
2012/01/02 05,14,402
2012/01/02 06,13,269
2012/01/02 07,12,276
2012/01/02 08,13,255
2012/01/02 09,13,275
2012/01/02 10,11,188
2012/01/02 11,7,155
2012/01/02 12,8,112
2012/01/02 13,5,98
2012/01/02 14,5,117
2012/01/02 15,6,137
2012/01/02 16,6,161
2012/01/02 17,7,202
2012/01/02 18,9,285
2012/01/02 19,9,423
2012/01/02 20,11,428
2012/01/02 21,12,362
2012/01/02 22,14,224
2012/01/02 23,17,263
2012/01/03 00,15,386
2012/01/03 01,12,338
2012/01/03 02,17,555
2012/01/03 03,19,361
2012/01/03 04,15,313
2012/01/03 05,11,288
2012/01/03 06,11,277
2012/01/03 07,11,183
2012/01/03 08,12,224
2012/01/03 09,6,169
2012/01/03 10,6,173
2012/01/03 11,5,101
2012/01/03 12,8,187
2012/01/03 13,6,176
2012/01/03 14,8,228
2012/01/03 15,8,316
2012/01/03 16,8,380
2012/01/03 17,9,412
2012/01/03 18,7,387
2012/01/03 19,6,384
2012/01/03 20,6,223
2012/01/03 21,8,120
2012/01/03 22,8,157
2012/01/03 23,8,206
2012/01/04 00,15,309
2012/01/04 01,13,244
2012/01/04 02,10,211
2012/01/04 03,13,148
2012/01/04 04,16,227
2012/01/04 05,19,327
2012/01/04 06,15,230
2012/01/04 07,11,175
2012/01/04 08,9,186
2012/01/04 09,11,192
2012/01/04 10,12,230
2012/01/04 11,8,85
2012/01/04 12,7,78
2012/01/04 13,6,94
2012/01/04 14,9,109
2012/01/04 15,10,172
2012/01/04 16,9,194
2012/01/04 17,9,226
2012/01/04 18,9,259
2012/01/04 19,9,316
2012/01/04 20,9,289
2012/01/04 21,10,158
2012/01/04 22,8,171
2012/01/04 23,9,257
2012/01/05 00,11,228
2012/01/05 01,14,223
2012/01/05 02,17,209
2012/01/05 03,14,359
2012/01/05 04,17,276
2012/01/05 05,17,371
2012/01/05 06,15,326
2012/01/05 07,11,272
2012/01/05 08,8,208
2012/01/05 09,9,229
2012/01/05 10,7,145
2012/01/05 11,3,60
2012/01/05 12,7,84
2012/01/05 13,7,138
2012/01/05 14,6,139
2012/01/05 15,6,317
2012/01/05 16,5,147
2012/01/05 17,8,149
2012/01/05 18,9,316
2012/01/05 19,7,217
2012/01/05 20,7,390
2012/01/05 21,12,554
2012/01/05 22,13,496
2012/01/05 23,14,429
2012/01/06 00,10,210
2012/01/06 01,13,260
2012/01/06 02,15,255
2012/01/06 03,13,205
2012/01/06 04,15,756
2012/01/06 05,17,345
2012/01/06 06,18,366
2012/01/06 07,14,308
2012/01/06 08,13,289
2012/01/06 09,11,305
2012/01/06 10,10,302
2012/01/06 11,8,154
2012/01/06 12,7,133
2012/01/06 13,7,130
2012/01/06 14,6,125
2012/01/06 15,6,133
2012/01/06 16,8,210
2012/01/06 17,7,218
2012/01/06 18,12,286
2012/01/06 19,12,291
2012/01/06 20,11,276
2012/01/06 21,15,298
2012/01/06 22,19,321
2012/01/06 23,19,343
2012/01/07 00,18,337
2012/01/07 01,16,471
2012/01/07 02,17,309
2012/01/07 03,18,267
2012/01/07 04,16,401
2012/01/07 05,15,270
2012/01/07 06,14,291
2012/01/07 07,16,425
2012/01/07 08,14,467
2012/01/07 09,10,412
2012/01/07 10,6,104
2012/01/07 11,4,92
2012/01/07 12,5,58
2012/01/07 13,5,77
2012/01/07 14,7,103
2012/01/07 15,9,123
2012/01/07 16,9,154
2012/01/07 17,8,186
2012/01/07 18,8,208
2012/01/07 19,8,199
2012/01/07 20,11,196
2012/01/07 21,15,7668
2012/01/07 22,12,7590
2012/01/07 23,13,6879
2012/01/08 00,12,6729
2012/01/08 01,14,5992
2012/01/08 02,12,5949
2012/01/08 03,13,5976
2012/01/08 04,12,6090
2012/01/08 05,12,171
2012/01/08 06,8,143
2012/01/08 07,8,142
2012/01/08 08,7,135
2012/01/08 09,11,179
2012/01/08 10,10,132
2012/01/08 11,12,145
2012/01/08 12,12,207
2012/01/08 13,7,123
2012/01/08 14,3,57
2012/01/08 15,3,48
2012/01/08 16,3,39
2012/01/08 17,7,63
2012/01/08 18,6,70
2012/01/08 19,5,109
2012/01/08 20,10,112
2012/01/08 21,15,171
2012/01/08 22,11,130
2012/01/08 23,13,141
2012/01/09 00,16,162
2012/01/09 01,14,248
2012/01/09 02,15,119
2012/01/09 03,12,84
2012/01/09 04,10,47
2012/01/09 05,10,88
2012/01/09 06,10,94
2012/01/09 07,10,100
2012/01/09 08,8,56
2012/01/09 09,6,48
2012/01/09 10,5,74
2012/01/09 11,6,82
2012/01/09 12,6,85
2012/01/09 13,2,55
2012/01/09 14,2,15
2012/01/09 15,2,13
