2011/09/30 22,27,1159
2011/09/30 23,37,1242
2011/10/01 00,45,1348
2011/10/01 01,46,1300
2011/10/01 02,48,1418
2011/10/01 03,59,1501
2011/10/01 04,53,1418
2011/10/01 05,46,1373
2011/10/01 06,33,1106
2011/10/01 07,32,1103
2011/10/01 08,28,882
2011/10/01 09,24,271
2011/10/01 10,17,252
2011/10/01 11,13,233
2011/10/01 12,14,305
2011/10/01 13,13,337
2011/10/01 14,15,430
2011/10/01 15,18,580
2011/10/01 16,21,969
2011/10/01 17,29,1022
2011/10/01 18,32,1314
2011/10/01 19,37,1379
2011/10/01 20,45,1627
2011/10/01 21,43,1218
2011/10/01 22,51,1431
2011/10/01 23,40,1661
2011/10/02 00,40,1453
2011/10/02 01,29,1347
2011/10/02 02,34,1255
2011/10/02 03,42,1234
2011/10/02 04,49,504
2011/10/02 05,42,573
2011/10/02 06,33,1173
2011/10/02 07,30,1678
2011/10/02 08,24,1413
2011/10/02 09,21,648
2011/10/02 10,15,322
2011/10/02 11,14,470
2011/10/02 12,11,402
2011/10/02 13,11,265
2011/10/02 14,18,439
2011/10/02 15,18,600
2011/10/02 16,20,672
2011/10/02 17,23,665
2011/10/02 18,24,721
2011/10/02 19,24,818
2011/10/02 20,24,1444
2011/10/02 21,21,1007
2011/10/02 22,23,1010
2011/10/02 23,23,1061
2011/10/03 00,31,3813
2011/10/03 01,36,4193
2011/10/03 02,35,4634
2011/10/03 03,30,1762
2011/10/03 04,29,2136
2011/10/03 05,25,847
2011/10/03 06,16,671
2011/10/03 07,7,757
2011/10/03 08,7,544
2011/10/03 09,5,191
2011/10/03 10,4,149
2011/10/03 11,6,174
2011/10/03 12,8,217
2011/10/03 13,11,340
2011/10/03 14,9,400
2011/10/03 15,9,249
2011/10/03 16,10,306
2011/10/03 17,7,269
2011/10/03 18,9,430
2011/10/03 19,15,306
2011/10/03 20,17,278
2011/10/03 21,23,690
2011/10/03 22,30,1010
2011/10/03 23,32,1169
2011/10/04 00,42,1508
2011/10/04 01,41,1245
2011/10/04 02,47,1397
2011/10/04 03,43,1398
2011/10/04 04,42,1557
2011/10/04 05,29,1066
2011/10/04 06,22,1017
2011/10/04 07,14,643
2011/10/04 08,10,256
2011/10/04 09,12,265
2011/10/04 10,8,224
2011/10/04 11,6,216
2011/10/04 12,8,212
2011/10/04 13,7,111
2011/10/04 14,10,142
2011/10/04 15,12,207
2011/10/04 16,16,594
2011/10/04 17,18,577
2011/10/04 18,16,691
2011/10/04 19,20,917
2011/10/04 20,23,830
2011/10/04 21,28,933
2011/10/04 22,33,1043
2011/10/04 23,35,1398
2011/10/05 00,33,1435
2011/10/05 01,41,1190
2011/10/05 02,38,1174
2011/10/05 03,36,1128
2011/10/05 04,35,1271
2011/10/05 05,26,902
2011/10/05 06,20,933
2011/10/05 07,15,203
2011/10/05 08,9,161
2011/10/05 09,10,116
2011/10/05 10,8,142
2011/10/05 11,7,114
2011/10/05 12,6,148
2011/10/05 13,11,243
2011/10/05 14,10,157
2011/10/05 15,16,329
2011/10/05 16,14,325
2011/10/05 17,12,551
2011/10/05 18,21,683
2011/10/05 19,28,800
2011/10/05 20,31,753
2011/10/05 21,25,932
2011/10/05 22,33,908
2011/10/05 23,37,1690
2011/10/06 00,38,1874
2011/10/06 01,38,1715
2011/10/06 02,41,1876
2011/10/06 03,34,862
2011/10/06 04,31,868
2011/10/06 05,26,772
2011/10/06 06,24,388
2011/10/06 07,17,411
2011/10/06 08,12,366
2011/10/06 09,7,296
2011/10/06 10,6,321
2011/10/06 11,7,85
2011/10/06 12,8,116
2011/10/06 13,10,135
2011/10/06 14,12,210
2011/10/06 15,17,471
2011/10/06 16,17,504
2011/10/06 17,14,670
2011/10/06 18,16,779
2011/10/06 19,21,1120
2011/10/06 20,27,796
2011/10/06 21,33,662
2011/10/06 22,32,563
2011/10/06 23,36,863
2011/10/07 00,38,1013
2011/10/07 01,40,1131
2011/10/07 02,50,1338
2011/10/07 03,33,900
2011/10/07 04,29,1066
2011/10/07 05,24,424
2011/10/07 06,17,244
2011/10/07 07,13,200
2011/10/07 08,11,177
2011/10/07 09,12,151
2011/10/07 10,12,163
2011/10/07 11,11,197
2011/10/07 12,15,252
2011/10/07 13,17,293
2011/10/07 14,22,373
2011/10/07 15,26,461
2011/10/07 16,26,696
2011/10/07 17,24,566
2011/10/07 18,23,554
2011/10/07 19,29,957
2011/10/07 20,26,831
2011/10/07 21,28,895
2011/10/07 22,25,536
2011/10/07 23,33,650
2011/10/08 00,37,541
2011/10/08 01,44,651
2011/10/08 02,36,870
2011/10/08 03,27,759
2011/10/08 04,14,187
2011/10/08 05,15,228
2011/10/08 06,14,322
2011/10/08 07,16,279
2011/10/08 08,9,211
2011/10/08 09,7,154
2011/10/08 10,9,209
2011/10/08 11,7,248
2011/10/08 12,10,272
2011/10/08 13,16,638
2011/10/08 14,16,871
2011/10/08 15,15,990
2011/10/08 16,17,1092
2011/10/08 17,21,1238
2011/10/08 18,26,1218
2011/10/08 19,27,2470
2011/10/08 20,28,2185
2011/10/08 21,28,1884
2011/10/08 22,32,1554
2011/10/08 23,31,1574
2011/10/09 00,28,1488
2011/10/09 01,23,1424
2011/10/09 02,16,1251
2011/10/09 03,16,1305
2011/10/09 04,13,1167
2011/10/09 05,11,994
2011/10/09 06,9,174
2011/10/09 07,11,162
2011/10/09 08,10,134
2011/10/09 09,9,204
2011/10/09 10,9,369
2011/10/09 11,14,296
2011/10/09 12,15,372
2011/10/09 13,15,459
2011/10/09 14,16,494
2011/10/09 15,21,671
2011/10/09 16,19,639
2011/10/09 17,23,273
2011/10/09 18,26,450
2011/10/09 19,21,357
2011/10/09 20,26,417
2011/10/09 21,35,510
2011/10/09 22,41,623
2011/10/09 23,46,876
2011/10/10 00,39,869
2011/10/10 01,26,885
2011/10/10 02,20,757
2011/10/10 03,14,716
2011/10/10 04,10,485
2011/10/10 05,9,375
2011/10/10 06,7,141
2011/10/10 07,9,166
2011/10/10 08,9,295
2011/10/10 09,7,130
2011/10/10 10,8,206
2011/10/10 11,12,306
2011/10/10 12,11,449
2011/10/10 13,12,524
2011/10/10 14,17,441
2011/10/10 15,16,476
2011/10/10 16,20,615
2011/10/10 17,12,511
2011/10/10 21,16,650
2011/10/10 22,24,985
2011/10/10 23,21,1077
2011/10/11 00,21,1374
2011/10/11 01,25,1266
2011/10/11 02,32,1169
2011/10/11 03,43,1159
2011/10/11 04,37,1264
2011/10/11 05,28,880
2011/10/11 06,23,510
2011/10/11 07,15,411
2011/10/11 08,11,434
2011/10/11 09,6,341
2011/10/11 10,4,103
2011/10/11 11,4,88
2011/10/11 12,4,103
2011/10/11 13,8,185
2011/10/11 14,13,292
2011/10/11 15,15,344
2011/10/11 16,17,429
2011/10/11 17,18,546
2011/10/11 18,17,837
2011/10/11 19,17,751
2011/10/11 20,27,782
2011/10/11 21,28,823
2011/10/11 22,23,1040
2011/10/11 23,28,1235
2011/10/12 00,27,1428
2011/10/12 01,30,1551
2011/10/12 02,42,1414
2011/10/12 03,42,1403
2011/10/12 04,37,1424
2011/10/12 05,23,533
2011/10/12 06,19,629
2011/10/12 07,15,559
2011/10/12 08,14,457
2011/10/12 09,10,263
2011/10/12 10,8,217
2011/10/12 11,6,73
2011/10/12 12,9,136
2011/10/12 13,8,214
2011/10/12 14,8,286
2011/10/12 15,10,282
2011/10/12 16,7,355
2011/10/12 17,9,387
2011/10/12 18,14,415
2011/10/12 19,20,676
2011/10/12 20,23,806
2011/10/12 21,21,920
2011/10/12 22,25,889
2011/10/12 23,27,942
2011/10/13 00,34,1145
2011/10/13 01,33,1143
2011/10/13 02,32,1196
2011/10/13 03,36,2089
2011/10/13 04,36,1770
2011/10/13 05,26,1295
2011/10/13 06,19,644
2011/10/13 07,14,589
2011/10/13 08,13,512
2011/10/13 09,16,511
2011/10/13 10,9,172
2011/10/13 11,9,203
2011/10/13 12,7,226
2011/10/13 13,9,199
2011/10/13 14,12,213
2011/10/13 15,15,314
2011/10/13 16,13,370
2011/10/13 17,12,474
2011/10/13 18,13,454
2011/10/13 19,14,483
2011/10/13 20,20,867
2011/10/13 21,26,1018
2011/10/13 22,29,1137
2011/10/13 23,31,1198
2011/10/14 00,34,1527
2011/10/14 01,36,1891
2011/10/14 02,33,1400
2011/10/14 03,35,733
2011/10/14 04,30,655
2011/10/14 05,30,788
2011/10/14 06,27,768
2011/10/14 07,18,653
2011/10/14 08,13,353
2011/10/14 09,7,246
2011/10/14 10,8,293
2011/10/14 11,8,238
2011/10/14 12,5,32
2011/10/14 13,10,120
2011/10/14 14,11,203
2011/10/14 15,11,223
2011/10/14 16,12,304
2011/10/14 17,17,327
2011/10/14 18,10,96
2011/10/14 19,21,221
2011/10/14 20,27,375
2011/10/14 21,26,649
2011/10/14 22,24,566
2011/10/14 23,27,743
2011/10/15 00,29,582
2011/10/15 01,29,403
2011/10/15 02,31,408
2011/10/15 03,30,437
2011/10/15 04,29,562
2011/10/15 05,29,825
2011/10/15 06,21,583
2011/10/15 07,16,668
2011/10/15 08,13,343
2011/10/15 09,5,212
2011/10/15 10,6,202
2011/10/15 11,5,182
2011/10/15 12,6,174
2011/10/15 13,12,304
2011/10/15 14,15,676
2011/10/15 15,17,1532
2011/10/15 16,18,1504
2011/10/15 17,20,1415
2011/10/15 18,23,1491
2011/10/15 19,30,1914
2011/10/15 20,32,1926
2011/10/15 21,31,1480
2011/10/15 22,32,1302
2011/10/15 23,39,1117
2011/10/16 00,37,1075
2011/10/16 01,48,1327
2011/10/16 02,40,1389
2011/10/16 03,33,1510
2011/10/16 04,24,1584
2011/10/16 05,29,1520
2011/10/16 06,26,1098
2011/10/16 07,24,398
2011/10/16 08,16,335
2011/10/16 09,12,309
2011/10/16 10,10,365
2011/10/16 11,9,392
2011/10/16 12,10,404
2011/10/16 13,12,384
2011/10/16 14,13,333
2011/10/16 15,19,417
2011/10/16 16,14,385
2011/10/16 17,18,366
2011/10/16 18,16,355
2011/10/16 19,20,358
2011/10/16 20,17,346
2011/10/16 21,21,349
2011/10/16 22,17,342
2011/10/16 23,23,577
2011/10/17 00,27,781
2011/10/17 01,36,1216
2011/10/17 02,37,1706
2011/10/17 03,35,844
2011/10/17 04,31,1463
2011/10/17 05,19,1173
2011/10/17 06,15,850
2011/10/17 07,11,764
2011/10/17 08,8,393
2011/10/17 09,5,321
2011/10/17 10,6,294
2011/10/17 11,7,274
2011/10/17 12,8,311
2011/10/17 13,9,184
2011/10/17 14,6,221
2011/10/17 15,7,98
2011/10/17 16,5,104
2011/10/17 17,10,182
2011/10/17 18,9,146
2011/10/17 19,11,334
2011/10/17 20,17,621
2011/10/17 21,20,874
2011/10/17 22,26,1023
2011/10/17 23,34,1129
2011/10/18 00,37,1252
2011/10/18 01,44,1350
2011/10/18 02,43,1210
2011/10/18 03,32,1058
2011/10/18 04,31,1691
2011/10/18 05,28,1509
2011/10/18 06,13,811
2011/10/18 07,8,695
2011/10/18 08,7,525
2011/10/18 09,7,587
2011/10/18 10,3,64
2011/10/18 11,6,129
2011/10/18 12,5,132
2011/10/18 13,5,160
2011/10/18 14,7,221
2011/10/18 15,8,272
2011/10/18 16,12,515
2011/10/18 17,9,425
2011/10/18 18,13,467
2011/10/18 19,17,897
2011/10/18 20,18,717
2011/10/18 21,16,733
2011/10/18 22,20,619
2011/10/18 23,26,828
2011/10/19 00,28,1128
2011/10/19 01,34,1109
2011/10/19 02,31,947
2011/10/19 03,26,1076
2011/10/19 04,27,1096
2011/10/19 05,20,709
2011/10/19 06,8,416
2011/10/19 07,6,299
2011/10/19 08,3,81
2011/10/19 09,5,173
2011/10/19 10,6,168
2011/10/19 11,4,164
2011/10/19 12,6,192
2011/10/19 13,6,261
2011/10/19 14,5,294
2011/10/19 15,7,365
2011/10/19 16,9,211
2011/10/19 17,11,481
2011/10/19 18,12,703
2011/10/19 19,18,688
2011/10/19 20,27,1155
2011/10/19 21,22,3714
2011/10/19 22,24,4225
2011/10/19 23,23,3407
2011/10/20 00,27,1492
2011/10/20 01,30,1514
2011/10/20 02,29,1525
2011/10/20 03,27,1549
2011/10/20 04,23,449
2011/10/20 05,22,437
2011/10/20 06,12,237
2011/10/20 07,11,292
2011/10/20 08,6,130
2011/10/20 09,4,77
2011/10/20 10,2,62
2011/10/20 11,3,63
2011/10/20 12,2,64
2011/10/20 13,6,88
2011/10/20 14,9,157
2011/10/20 15,10,265
2011/10/20 16,10,308
2011/10/20 17,8,375
2011/10/20 18,12,352
2011/10/20 19,16,455
2011/10/20 20,20,516
2011/10/20 21,20,288
2011/10/20 22,20,294
2011/10/20 23,24,373
2011/10/21 00,28,1279
2011/10/21 01,31,1459
2011/10/21 02,33,902
2011/10/21 03,30,639
2011/10/21 04,25,470
2011/10/21 05,24,512
2011/10/21 06,21,531
2011/10/21 07,14,594
2011/10/21 08,8,276
2011/10/21 09,7,220
2011/10/21 10,6,265
2011/10/21 11,5,165
2011/10/21 12,8,185
2011/10/21 13,8,286
2011/10/21 14,7,401
2011/10/21 15,9,440
2011/10/21 16,15,546
2011/10/21 17,16,148
2011/10/21 18,14,196
2011/10/21 19,14,176
2011/10/21 20,18,203
2011/10/21 21,25,275
2011/10/21 22,23,511
2011/10/21 23,27,643
2011/10/22 00,36,819
2011/10/22 01,33,928
2011/10/22 02,39,1346
2011/10/22 03,36,899
2011/10/22 04,32,518
2011/10/22 05,30,607
2011/10/22 06,26,1186
2011/10/22 07,20,884
2011/10/22 08,9,637
2011/10/22 09,10,604
2011/10/22 10,7,242
2011/10/22 11,7,257
2011/10/22 12,6,209
2011/10/22 13,6,60
2011/10/22 14,12,331
2011/10/22 15,12,479
2011/10/22 16,18,657
2011/10/22 17,21,866
2011/10/22 18,25,3594
2011/10/22 19,19,3618
2011/10/22 20,22,3715
2011/10/22 21,20,3389
2011/10/22 22,18,3332
2011/10/22 23,18,2678
2011/10/23 00,20,3450
2011/10/23 01,20,3822
2011/10/23 02,23,3514
2011/10/23 03,22,3441
2011/10/23 04,22,3501
2011/10/23 05,26,1031
2011/10/23 06,22,1058
2011/10/23 07,20,1069
2011/10/23 08,18,877
2011/10/23 09,12,765
2011/10/23 10,11,673
2011/10/23 11,6,476
2011/10/23 12,4,57
2011/10/23 13,7,88
2011/10/23 14,7,2392
2011/10/23 15,7,3292
2011/10/23 16,10,4190
2011/10/23 17,13,5432
2011/10/23 18,17,6150
2011/10/23 19,23,6648
2011/10/23 20,18,7654
2011/10/23 21,16,6151
2011/10/23 22,23,4283
2011/10/23 23,29,4288
2011/10/24 00,24,4292
2011/10/24 01,26,4445
2011/10/24 02,25,4164
2011/10/24 03,25,4583
2011/10/24 04,29,3779
2011/10/24 05,21,3493
2011/10/24 06,16,3395
2011/10/24 07,11,3148
2011/10/24 08,7,2442
2011/10/24 09,8,549
2011/10/24 10,6,551
2011/10/24 11,7,584
2011/10/24 12,9,869
2011/10/24 13,8,95
2011/10/24 14,8,200
2011/10/24 15,9,264
2011/10/24 16,8,153
2011/10/24 17,11,162
2011/10/24 18,15,256
2011/10/24 19,18,192
2011/10/24 20,19,165
2011/10/24 21,18,218
2011/10/24 22,23,306
2011/10/24 23,32,603
2011/10/25 00,30,578
2011/10/25 01,30,480
2011/10/25 02,29,475
2011/10/25 03,27,608
2011/10/25 04,22,435
2011/10/25 05,17,384
2011/10/25 06,11,344
2011/10/25 07,11,371
2011/10/25 08,8,262
2011/10/25 09,9,215
2011/10/25 10,7,231
2011/10/25 11,6,229
2011/10/25 12,8,231
2011/10/25 13,8,276
2011/10/25 14,5,296
2011/10/25 15,7,313
2011/10/25 16,8,1121
2011/10/25 17,11,1070
2011/10/25 18,11,1097
2011/10/25 19,18,1012
2011/10/25 20,23,931
2011/10/25 21,22,1025
2011/10/25 22,25,789
2011/10/25 23,28,927
2011/10/26 00,28,837
2011/10/26 01,30,531
2011/10/26 02,24,568
2011/10/26 03,25,535
2011/10/26 04,27,558
2011/10/26 05,24,445
2011/10/26 06,18,370
2011/10/26 07,18,392
2011/10/26 08,9,319
2011/10/26 09,5,74
2011/10/26 10,7,53
2011/10/26 11,7,60
2011/10/26 12,9,103
2011/10/26 13,11,119
2011/10/26 14,7,85
2011/10/26 15,9,118
2011/10/26 16,11,159
2011/10/26 17,12,147
2011/10/26 18,8,176
2011/10/26 19,9,191
2011/10/26 20,19,176
2011/10/26 21,22,118
2011/10/26 22,22,155
2011/10/26 23,26,161
2011/10/27 00,31,192
2011/10/27 01,37,372
2011/10/27 02,38,401
2011/10/27 03,33,515
2011/10/27 04,35,930
2011/10/27 05,28,907
2011/10/27 06,16,617
2011/10/27 07,12,550
2011/10/27 08,9,464
2011/10/27 09,7,415
2011/10/27 10,4,417
2011/10/27 11,4,390
2011/10/27 12,7,182
2011/10/27 13,9,220
2011/10/27 14,9,179
2011/10/27 15,5,78
2011/10/27 16,7,195
2011/10/27 17,9,211
2011/10/27 18,12,288
2011/10/27 19,10,293
2011/10/27 20,13,138
2011/10/27 21,10,148
2011/10/27 22,16,139
2011/10/27 23,21,281
2011/10/28 00,25,950
2011/10/28 01,28,1010
2011/10/28 02,37,760
2011/10/28 03,29,511
2011/10/28 04,28,861
2011/10/28 05,29,1103
2011/10/28 06,23,1076
2011/10/28 07,15,689
2011/10/28 08,11,397
2011/10/28 09,6,376
2011/10/28 10,4,27
2011/10/28 11,4,43
2011/10/28 12,6,60
2011/10/28 13,8,98
2011/10/28 14,8,1520
2011/10/28 15,7,48
2011/10/28 16,13,199
2011/10/28 17,19,336
2011/10/28 18,18,453
2011/10/28 19,16,510
2011/10/28 20,20,692
2011/10/28 21,19,687
2011/10/28 22,19,364
2011/10/28 23,23,372
2011/10/29 00,27,406
2011/10/29 01,22,422
2011/10/29 02,28,564
2011/10/29 03,28,512
2011/10/29 04,31,616
2011/10/29 05,21,613
2011/10/29 06,20,608
2011/10/29 07,16,501
2011/10/29 08,13,435
2011/10/29 09,8,131
2011/10/29 10,5,132
2011/10/29 11,5,141
2011/10/29 12,4,131
2011/10/29 13,5,174
2011/10/29 14,8,169
2011/10/29 15,13,2156
2011/10/29 16,13,3184
2011/10/29 17,12,1449
2011/10/29 18,13,2273
2011/10/29 19,14,1714
2011/10/29 20,19,1212
2011/10/29 21,25,805
2011/10/29 22,28,962
2011/10/29 23,27,2063
2011/10/30 00,21,2430
2011/10/30 01,22,1262
2011/10/30 02,22,1481
2011/10/30 03,25,647
2011/10/30 04,23,510
2011/10/30 05,16,391
2011/10/30 06,14,347
2011/10/30 07,13,342
2011/10/30 08,10,208
2011/10/30 09,6,161
2011/10/30 10,7,235
2011/10/30 11,5,268
2011/10/30 12,8,357
2011/10/30 13,6,315
2011/10/30 14,7,348
2011/10/30 15,12,1018
2011/10/30 16,13,924
2011/10/30 17,10,937
2011/10/30 18,9,433
2011/10/30 19,14,491
2011/10/30 20,14,268
2011/10/30 21,16,302
2011/10/30 22,17,288
2011/10/30 23,15,173
2011/10/31 00,23,1127
2011/10/31 01,26,1547
2011/10/31 02,30,1340
2011/10/31 03,26,355
2011/10/31 04,26,789
2011/10/31 05,19,864
2011/10/31 06,15,824
2011/10/31 07,12,689
2011/10/31 08,9,490
2011/10/31 09,4,472
2011/10/31 10,3,435
2011/10/31 11,2,466
2011/10/31 12,3,175
2011/10/31 13,7,171
2011/10/31 14,10,251
2011/10/31 15,14,395
2011/10/31 16,13,402
2011/10/31 17,16,445
2011/10/31 18,15,284
2011/10/31 19,20,369
2011/10/31 20,21,335
2011/10/31 21,20,311
2011/10/31 22,24,429
2011/10/31 23,25,380
2011/11/01 00,27,457
2011/11/01 01,24,518
2011/11/01 02,28,518
2011/11/01 03,26,554
2011/11/01 04,24,926
2011/11/01 05,17,921
2011/11/01 06,17,874
2011/11/01 07,13,569
2011/11/01 08,8,193
2011/11/01 09,8,223
2011/11/01 10,8,190
2011/11/01 11,5,54
2011/11/01 12,4,41
2011/11/01 13,5,76
2011/11/01 14,7,73
2011/11/01 15,6,116
2011/11/01 16,5,149
2011/11/03 15,7,160
2011/11/03 16,11,116
2011/11/03 17,13,150
2011/11/03 18,14,198
2011/11/03 19,15,250
2011/11/03 20,16,221
2011/11/03 21,23,273
2011/11/03 22,24,408
2011/11/03 23,30,470
2011/11/04 00,31,935
2011/11/04 01,31,1182
2011/11/04 02,29,533
2011/11/04 03,28,534
2011/11/04 04,27,503
2011/11/04 05,17,379
2011/11/04 06,14,325
2011/11/04 07,14,355
2011/11/04 08,12,255
2011/11/04 09,9,256
2011/11/04 10,6,181
2011/11/04 11,6,198
2011/11/04 12,6,173
2011/11/04 13,5,158
2011/11/04 14,7,219
2011/11/04 15,11,160
2011/11/04 16,14,181
2011/11/04 17,15,140
2011/11/04 18,15,149
2011/11/04 19,18,290
2011/11/04 20,19,1117
2011/11/04 21,19,1097
2011/11/04 22,17,836
2011/11/04 23,19,774
2011/11/05 00,21,803
2011/11/05 01,30,893
2011/11/05 02,29,782
2011/11/05 03,35,1036
2011/11/05 04,33,1036
2011/11/05 05,27,1275
2011/11/05 06,17,658
2011/11/05 07,17,585
2011/11/05 08,19,555
2011/11/05 09,16,484
2011/11/05 10,9,378
2011/11/05 11,6,331
2011/11/05 12,6,275
2011/11/05 13,7,279
2011/11/05 14,7,111
2011/11/05 15,10,144
2011/11/05 16,15,175
2011/11/05 17,19,263
2011/11/05 18,20,329
2011/11/05 19,18,317
2011/11/05 20,27,392
2011/11/05 21,23,469
2011/11/05 22,27,363
2011/11/05 23,27,362
2011/11/06 00,29,522
2011/11/06 01,29,481
2011/11/06 02,24,395
2011/11/06 03,26,414
2011/11/06 04,19,343
2011/11/06 05,24,381
2011/11/06 06,25,744
2011/11/06 07,20,772
2011/11/06 08,15,711
2011/11/06 09,10,544
2011/11/06 10,8,482
2011/11/06 11,7,486
2011/11/06 12,6,139
2011/11/06 13,6,102
2011/11/06 14,8,130
2011/11/06 15,11,159
2011/11/06 16,15,284
2011/11/06 17,14,275
2011/11/06 18,15,316
2011/11/06 19,13,254
2011/11/06 20,11,130
2011/11/06 21,16,153
2011/11/06 22,13,165
2011/11/06 23,23,279
2011/11/07 00,16,273
2011/11/07 01,20,320
2011/11/07 02,21,324
2011/11/07 03,23,357
2011/11/07 04,26,383
2011/11/07 05,22,413
2011/11/07 06,22,758
2011/11/07 07,21,880
2011/11/07 08,16,840
2011/11/07 09,12,737
2011/11/07 10,8,508
2011/11/07 11,5,410
2011/11/07 12,4,158
2011/11/07 13,3,155
2011/11/07 14,4,184
2011/11/07 15,8,235
2011/11/07 16,8,206
2011/11/07 17,6,218
2011/11/07 18,7,220
2011/11/07 19,6,239
2011/11/07 20,9,259
2011/11/07 21,14,354
2011/11/07 22,16,392
2011/11/07 23,18,174
2011/11/08 00,17,314
2011/11/08 01,22,289
2011/11/08 02,29,427
2011/11/08 03,23,495
2011/11/08 04,19,421
2011/11/08 05,23,373
2011/11/08 06,23,437
2011/11/08 07,16,342
2011/11/08 08,13,248
2011/11/08 09,8,169
2011/11/08 10,7,111
2011/11/08 11,8,117
2011/11/08 12,6,37
2011/11/08 13,5,37
2011/11/08 14,5,43
2011/11/08 15,3,22
2011/11/08 16,7,74
2011/11/08 17,11,102
2011/11/08 18,12,146
2011/11/08 19,12,205
2011/11/08 20,13,499
2011/11/08 21,15,529
2011/11/08 22,16,572
2011/11/08 23,14,413
2011/11/09 00,13,436
2011/11/09 01,23,579
2011/11/09 02,28,641
2011/11/09 03,26,350
2011/11/09 04,11,313
2011/11/09 05,19,400
2011/11/09 06,23,398
2011/11/09 07,20,227
2011/11/09 08,8,170
2011/11/09 09,5,136
2011/11/09 10,4,92
2011/11/09 11,3,34
2011/11/09 12,2,32
2011/11/09 13,1,24
2011/11/09 14,2,24
2011/11/09 16,1,13
2011/11/09 17,4,35
2011/11/09 18,5,70
2011/11/09 19,5,176
2011/11/09 20,9,193
2011/11/09 21,7,270
2011/11/09 22,6,142
2011/11/09 23,11,174
2011/11/10 00,14,219
2011/11/10 01,12,201
2011/11/10 02,12,209
2011/11/10 03,15,302
2011/11/10 04,18,565
2011/11/10 05,24,701
2011/11/10 06,28,843
2011/11/10 07,19,694
2011/11/10 08,16,647
2011/11/10 09,9,137
2011/11/10 10,7,170
2011/11/10 11,7,168
2011/11/10 12,5,149
2011/11/10 13,5,66
2011/11/10 14,3,72
2011/11/10 15,2,70
2011/11/10 16,4,59
2011/11/10 17,4,54
2011/11/10 18,7,59
2011/11/10 19,7,68
2011/11/10 20,8,80
2011/11/10 21,8,74
2011/11/10 22,9,73
2011/11/10 23,7,484
2011/11/11 00,14,391
2011/11/11 01,13,280
2011/11/11 02,11,102
2011/11/11 03,14,187
2011/11/11 04,15,225
2011/11/11 05,17,205
2011/11/11 06,15,280
2011/11/11 07,15,261
2011/11/11 08,12,62
2011/11/11 09,9,52
2011/11/11 10,7,46
2011/11/11 11,3,22
2011/11/11 12,1,8
2011/11/11 15,1,2
2011/11/11 16,5,50
2011/11/11 17,5,84
2011/11/11 18,10,150
2011/11/11 19,7,118
2011/11/11 20,7,98
2011/11/11 21,7,156
2011/11/11 22,7,185
2011/11/11 23,10,338
2011/11/12 00,11,190
2011/11/12 01,11,123
2011/11/12 02,17,188
2011/11/12 03,17,172
2011/11/12 04,13,202
2011/11/12 05,16,267
2011/11/12 06,16,247
2011/11/12 07,11,168
2011/11/12 08,6,138
2011/11/12 09,3,69
2011/11/12 10,4,65
2011/11/12 11,3,10
2011/11/12 12,3,12
2011/11/12 13,1,4
2011/11/12 14,3,15
2011/11/12 15,3,47
2011/11/12 16,5,52
2011/11/12 17,7,77
2011/11/12 18,12,262
2011/11/12 19,18,488
2011/11/12 20,18,499
2011/11/12 21,19,535
2011/11/12 22,15,540
2011/11/12 23,15,555
2011/11/13 00,16,599
2011/11/13 01,15,655
2011/11/13 02,15,2559
2011/11/13 03,15,2816
2011/11/13 04,16,1291
2011/11/13 05,14,1291
2011/11/13 06,18,926
2011/11/13 07,13,808
2011/11/13 08,11,388
2011/11/13 12,1,5
2011/11/13 13,3,18
2011/11/13 14,6,33
2011/11/13 15,5,40
2011/11/13 16,4,40
2011/11/13 17,5,41
2011/11/13 18,9,95
2011/11/13 19,10,154
2011/11/13 20,12,198
2011/11/13 21,12,203
2011/11/13 22,10,125
2011/11/13 23,10,159
2011/11/14 00,13,137
2011/11/14 01,13,149
2011/11/14 02,12,173
2011/11/14 03,13,260
2011/11/14 04,12,237
2011/11/14 05,12,287
2011/11/14 06,9,262
2011/11/14 07,6,161
2011/11/14 08,4,195
2011/11/14 09,2,106
2011/11/14 10,2,159
2011/11/14 11,2,132
2011/11/14 12,1,110
2011/11/14 14,2,7
2011/11/14 15,4,26
2011/11/14 16,4,76
2011/11/14 17,5,87
2011/11/14 18,8,95
2011/11/14 19,9,96
2011/11/14 20,8,85
2011/11/14 21,14,186
2011/11/14 22,15,255
2011/11/14 23,12,219
2011/11/15 00,16,363
2011/11/15 01,23,385
2011/11/15 02,25,340
2011/11/15 03,27,758
2011/11/15 04,24,773
2011/11/15 05,20,742
2011/11/15 06,17,666
2011/11/15 07,7,427
2011/11/15 08,4,185
2011/11/15 09,4,169
2011/11/15 10,3,149
2011/11/15 11,1,119
2011/11/15 12,1,120
2011/11/15 13,1,91
2011/11/15 14,4,28
2011/11/15 15,5,98
2011/11/15 16,7,139
2011/11/15 17,3,121
2011/11/15 18,5,69
2011/11/15 19,6,83
2011/11/15 20,5,168
2011/11/15 21,9,184
2011/11/15 22,6,154
2011/11/15 23,10,161
2011/11/16 00,16,246
2011/11/16 01,19,465
2011/11/16 02,23,674
2011/11/16 03,25,629
2011/11/16 04,22,427
2011/11/16 05,16,549
2011/11/16 06,14,534
2011/11/16 07,6,337
2011/11/16 08,5,279
2011/11/16 09,3,228
2011/11/16 10,6,240
2011/11/16 11,4,64
2011/11/16 12,3,32
2011/11/16 13,3,28
2011/11/16 14,3,30
2011/11/16 15,2,16
2011/11/16 16,2,23
2011/11/16 17,6,107
2011/11/16 18,5,103
2011/11/16 19,3,61
2011/11/16 20,4,133
2011/11/16 21,4,150
2011/11/16 22,7,130
2011/11/16 23,12,205
2011/11/17 00,24,308
2011/11/17 01,27,978
2011/11/17 02,27,1313
2011/11/17 03,22,1272
2011/11/17 04,25,716
2011/11/17 05,24,649
2011/11/17 06,20,637
2011/11/17 07,14,462
2011/11/17 08,6,285
2011/11/17 09,4,94
2011/11/17 10,3,54
2011/11/17 11,2,35
2011/11/17 12,3,44
2011/11/17 13,2,6
2011/11/17 14,4,29
2011/11/17 15,4,29
2011/11/17 16,2,34
2011/11/17 17,6,74
2011/11/17 18,6,81
2011/11/17 19,11,129
2011/11/17 20,10,132
2011/11/17 21,10,210
2011/11/17 22,13,190
2011/11/17 23,14,259
2011/11/18 00,20,302
2011/11/18 01,24,352
2011/11/18 02,24,547
2011/11/18 03,24,556
2011/11/18 04,23,309
2011/11/18 05,20,321
2011/11/18 06,18,225
2011/11/18 07,10,161
2011/11/18 08,7,130
2011/11/18 09,6,138
2011/11/18 10,5,70
2011/11/18 11,4,47
2011/11/18 12,4,24
2011/11/18 13,2,4
2011/11/18 14,1,3
2011/11/18 15,1,15
2011/11/18 16,5,211
2011/11/18 17,10,329
2011/11/18 18,8,466
2011/11/18 19,8,484
2011/11/18 20,9,114
2011/11/18 21,11,157
2011/11/18 22,10,118
2011/11/18 23,13,147
2011/11/19 00,15,157
2011/11/19 01,11,154
2011/11/19 02,14,252
2011/11/19 03,15,348
2011/11/19 04,20,366
2011/11/19 05,20,311
2011/11/19 06,16,188
2011/11/19 07,11,153
2011/11/19 08,8,121
2011/11/19 09,7,154
2011/11/19 10,4,104
2011/11/19 11,4,70
2011/11/19 12,3,179
2011/11/19 13,3,183
2011/11/19 14,8,234
2011/11/19 15,7,261
2011/11/19 16,9,259
2011/11/19 17,11,304
2011/11/19 18,9,230
2011/11/19 19,12,238
2011/11/19 20,12,219
2011/11/19 21,16,204
2011/11/19 22,18,225
2011/11/19 23,12,191
2011/11/20 00,11,349
2011/11/20 01,10,471
2011/11/20 02,12,257
2011/11/20 03,13,264
2011/11/20 04,15,338
2011/11/20 05,16,263
2011/11/20 06,13,188
2011/11/20 07,12,191
2011/11/20 08,5,155
2011/11/20 09,3,167
2011/11/20 10,2,97
2011/11/20 11,1,4
2011/11/20 12,3,41
2011/11/20 13,2,38
2011/11/20 14,3,42
2011/11/20 15,6,57
2011/11/20 16,5,73
2011/11/20 17,6,85
2011/11/20 18,6,63
2011/11/20 19,4,41
2011/11/20 20,5,56
2011/11/20 21,10,111
2011/11/20 22,11,156
2011/11/20 23,14,175
2011/11/21 00,12,182
2011/11/21 01,12,233
2011/11/21 02,15,316
2011/11/21 03,15,805
2011/11/21 04,20,825
2011/11/21 05,15,645
2011/11/21 06,12,516
2011/11/21 07,11,376
2011/11/21 08,6,216
2011/11/21 09,4,236
2011/11/21 10,3,137
2011/11/21 11,2,124
2011/11/21 12,1,2
2011/11/21 15,2,39
2011/11/21 16,4,84
2011/11/21 17,4,94
2011/11/21 18,5,121
2011/11/21 19,7,86
2011/11/21 20,9,105
2011/11/21 21,11,143
2011/11/21 22,13,259
2011/11/21 23,17,294
2011/11/22 00,17,236
2011/11/22 01,20,278
2011/11/22 02,18,333
2011/11/22 03,22,401
2011/11/22 04,27,512
2011/11/22 05,26,391
2011/11/22 06,23,373
2011/11/22 07,19,328
2011/11/22 08,12,332
2011/11/22 09,4,137
2011/11/22 10,2,76
2011/11/22 11,2,82
2011/11/22 12,2,59
2011/11/22 13,1,1
2011/11/22 14,1,19
2011/11/22 15,3,43
2011/11/22 16,5,50
2011/11/22 17,9,87
2011/11/22 18,7,103
2011/11/22 19,5,99
2011/11/22 20,7,81
2011/11/22 21,6,60
2011/11/22 22,8,78
2011/11/22 23,14,170
2011/11/23 00,14,383
2011/11/23 01,19,345
2011/11/23 02,20,553
2011/11/23 03,22,845
2011/11/23 04,24,502
2011/11/23 05,25,625
2011/11/23 06,18,553
2011/11/23 07,12,338
2011/11/23 08,12,335
2011/11/23 09,9,299
2011/11/23 10,7,268
2011/11/23 11,3,134
2011/11/23 12,1,3
2011/11/23 13,2,53
2011/11/23 14,2,54
2011/11/23 15,3,39
2011/11/23 16,4,75
2011/11/23 17,4,78
2011/11/23 18,6,82
2011/11/23 19,7,81
2011/11/23 20,9,353
2011/11/23 21,10,470
2011/11/23 22,17,534
2011/11/23 23,21,182
2011/11/24 00,17,203
2011/11/24 01,19,321
2011/11/24 02,22,303
2011/11/24 03,15,308
2011/11/24 04,12,591
2011/11/24 05,17,618
2011/11/24 06,17,546
2011/11/24 07,16,531
2011/11/24 08,14,499
2011/11/24 09,8,383
2011/11/24 10,6,315
2011/11/24 11,6,63
2011/11/24 12,5,42
2011/11/24 13,3,39
2011/11/24 14,3,19
2011/11/24 15,3,23
2011/11/24 16,8,64
2011/11/24 17,7,80
2011/11/24 18,6,104
2011/11/24 19,10,122
2011/11/24 20,11,113
2011/11/24 21,14,140
2011/11/24 22,12,70
2011/11/24 23,14,97
2011/11/25 00,15,136
2011/11/25 01,18,167
2011/11/25 02,21,155
2011/11/25 03,22,221
2011/11/25 04,22,241
2011/11/25 05,21,209
2011/11/25 06,19,142
2011/11/25 07,16,231
2011/11/25 08,12,218
2011/11/25 09,6,134
2011/11/25 10,3,93
2011/11/25 11,3,44
2011/11/25 12,2,15
2011/11/25 13,2,18
2011/11/25 14,2,18
2011/11/25 15,2,23
2011/11/25 16,3,24
2011/11/25 17,5,17
2011/11/25 18,7,50
2011/11/25 19,12,67
2011/11/25 20,15,124
2011/11/25 21,18,129
2011/11/25 22,19,140
2011/11/25 23,19,180
2011/11/26 00,19,225
2011/11/26 01,19,262
2011/11/26 02,21,254
2011/11/26 03,22,256
2011/11/26 04,23,332
2011/11/26 05,22,386
2011/11/26 06,18,322
2011/11/26 07,16,288
2011/11/26 08,12,209
2011/11/26 09,12,201
2011/11/26 10,7,30
2011/11/26 11,4,19
2011/11/26 12,6,26
2011/11/26 13,5,27
2011/11/26 14,2,15
2011/11/26 15,3,16
2011/11/26 16,10,183
2011/11/26 17,13,199
2011/11/26 18,14,217
2011/11/26 19,10,57
2011/11/26 20,9,62
2011/11/26 21,12,65
2011/11/26 22,10,39
2011/11/26 23,10,41
2011/11/27 00,12,139
2011/11/27 01,15,193
2011/11/27 02,14,193
2011/11/27 03,21,220
2011/11/27 04,21,214
2011/11/27 05,21,208
2011/11/27 06,20,218
2011/11/27 07,25,262
2011/11/27 08,21,272
2011/11/27 09,14,259
2011/11/27 10,6,69
2011/11/27 11,2,41
2011/11/27 12,5,83
2011/11/27 13,3,49
2011/11/27 14,3,29
2011/11/27 15,4,45
2011/11/27 16,6,45
2011/11/27 17,8,90
2011/11/27 18,7,116
2011/11/27 19,10,154
2011/11/27 20,12,149
2011/11/27 21,12,187
2011/11/27 22,18,207
2011/11/27 23,19,271
2011/11/28 00,19,371
2011/11/28 01,19,462
2011/11/28 02,23,552
2011/11/28 03,22,512
2011/11/28 04,23,634
2011/11/28 05,22,832
2011/11/28 06,15,670
2011/11/28 07,15,645
2011/11/28 08,12,515
2011/11/28 09,9,451
2011/11/28 10,7,406
2011/11/28 11,3,126
2011/11/28 12,2,36
2011/11/28 13,2,45
2011/11/28 14,1,35
2011/11/28 15,2,38
2011/11/28 16,4,70
2011/11/28 17,5,68
2011/11/28 18,5,73
2011/11/28 19,10,83
2011/11/28 20,10,51
2011/11/28 21,10,69
2011/11/28 22,14,90
2011/11/28 23,16,183
2011/11/29 00,20,387
2011/11/29 01,20,365
2011/11/29 02,25,556
2011/11/29 03,36,688
2011/11/29 04,27,767
2011/11/29 05,27,909
2011/11/29 06,22,958
2011/11/29 07,18,712
2011/11/29 08,12,586
2011/11/29 09,10,460
2011/11/29 10,8,461
2011/11/29 11,5,298
2011/11/29 12,4,97
2011/11/29 13,4,95
2011/11/29 14,2,26
2011/11/29 15,1,9
2011/11/29 16,2,13
2011/11/29 17,4,177
2011/11/29 18,8,236
2011/11/29 19,11,370
2011/11/29 20,11,523
2011/11/29 21,11,129
2011/11/29 22,12,206
2011/11/29 23,13,252
2011/11/30 00,17,398
2011/11/30 01,22,506
2011/11/30 02,27,563
2011/11/30 03,29,585
2011/11/30 04,32,541
2011/11/30 05,33,754
2011/11/30 06,27,543
2011/11/30 07,20,467
2011/11/30 08,11,198
2011/11/30 09,8,202
2011/11/30 10,6,154
2011/11/30 11,5,169
2011/11/30 12,6,137
2011/11/30 13,5,129
2011/11/30 14,2,27
2011/11/30 15,2,22
2011/11/30 16,4,38
2011/11/30 17,3,3
2011/11/30 18,5,29
2011/11/30 19,6,37
2011/11/30 20,9,97
2011/11/30 21,18,177
2011/11/30 22,18,191
2011/11/30 23,21,281
2011/12/01 00,27,294
2011/12/01 01,28,292
2011/12/01 02,35,448
2011/12/01 03,38,572
2011/12/01 04,30,741
2011/12/01 05,30,679
2011/12/01 06,19,334
2011/12/01 07,16,236
2011/12/01 08,16,204
2011/12/01 09,15,187
2011/12/01 10,9,102
2011/12/01 11,5,91
2011/12/01 12,4,105
2011/12/01 13,4,99
2011/12/01 14,4,102
2011/12/01 15,6,125
2011/12/01 16,7,145
2011/12/01 17,6,188
2011/12/01 18,10,202
2011/12/01 19,14,169
2011/12/01 20,15,238
2011/12/01 21,12,264
2011/12/01 22,17,276
2011/12/01 23,12,207
2011/12/02 00,14,214
2011/12/02 01,20,299
2011/12/02 02,23,331
2011/12/02 03,19,325
2011/12/02 04,24,311
2011/12/02 05,26,373
2011/12/02 06,22,392
2011/12/02 07,19,408
2011/12/02 08,15,324
2011/12/02 09,7,162
2011/12/02 10,5,67
2011/12/02 11,2,42
2011/12/02 12,2,15
2011/12/02 13,2,11
2011/12/02 14,3,30
2011/12/02 15,6,28
2011/12/02 16,10,80
2011/12/02 17,9,86
2011/12/02 18,7,70
2011/12/02 19,10,75
2011/12/02 20,15,282
2011/12/02 21,15,506
2011/12/02 22,15,411
2011/12/02 23,10,375
2011/12/03 00,15,445
2011/12/03 01,20,431
2011/12/03 02,21,374
2011/12/03 03,23,360
2011/12/03 04,23,196
2011/12/03 05,22,202
2011/12/03 06,23,209
2011/12/03 07,18,218
2011/12/03 08,13,171
2011/12/03 09,10,164
2011/12/03 10,8,76
2011/12/03 11,3,45
2011/12/03 12,5,43
2011/12/03 13,3,146
2011/12/03 14,6,182
2011/12/03 15,6,175
2011/12/03 16,7,176
2011/12/03 17,7,51
2011/12/03 18,8,134
2011/12/03 19,12,198
2011/12/03 20,17,629
2011/12/03 21,20,322
2011/12/03 22,23,483
2011/12/03 23,24,463
2011/12/04 00,22,270
2011/12/04 01,22,281
2011/12/04 02,23,259
2011/12/04 03,22,434
2011/12/04 04,25,1025
2011/12/04 05,25,194
2011/12/04 06,26,322
2011/12/04 07,25,368
2011/12/04 08,21,353
2011/12/04 09,15,334
2011/12/04 10,7,342
2011/12/04 11,4,51
2011/12/04 12,5,51
2011/12/04 13,5,66
2011/12/04 14,4,40
2011/12/04 15,4,35
2011/12/04 16,4,47
2011/12/04 17,3,56
2011/12/04 18,9,90
2011/12/04 19,13,306
2011/12/04 20,15,260
2011/12/04 21,19,373
2011/12/04 22,24,475
2011/12/04 23,20,554
2011/12/05 00,25,676
2011/12/05 01,28,528
2011/12/05 02,28,746
2011/12/05 03,26,908
2011/12/05 04,23,789
2011/12/05 05,20,587
2011/12/05 06,22,637
2011/12/05 07,15,343
2011/12/05 08,7,194
2011/12/05 09,5,126
2011/12/05 10,3,90
2011/12/05 11,1,43
2011/12/05 12,1,34
2011/12/05 13,4,47
2011/12/05 14,5,65
2011/12/05 15,5,29
2011/12/05 16,5,55
2011/12/05 17,6,33
2011/12/05 18,6,45
2011/12/05 19,11,75
2011/12/05 20,13,65
2011/12/05 21,16,115
2011/12/05 22,16,219
2011/12/05 23,16,262
2011/12/06 00,13,389
2011/12/06 01,21,421
2011/12/06 02,31,612
2011/12/06 03,25,662
2011/12/06 04,29,682
2011/12/06 05,30,735
2011/12/06 06,24,474
2011/12/06 07,19,306
2011/12/06 08,18,274
2011/12/06 09,10,230
2011/12/06 10,7,103
2011/12/06 11,2,12
2011/12/06 12,2,14
2011/12/06 13,4,20
2011/12/06 14,3,13
2011/12/06 15,7,30
2011/12/06 16,7,30
2011/12/06 17,8,42
2011/12/06 18,9,72
2011/12/06 19,15,102
2011/12/06 20,21,134
2011/12/06 21,23,161
2011/12/06 22,21,220
2011/12/06 23,20,281
2011/12/07 00,19,214
2011/12/07 01,31,602
2011/12/07 02,32,616
2011/12/07 03,33,752
2011/12/07 04,24,645
2011/12/07 05,24,560
2011/12/07 06,19,416
2011/12/07 07,13,240
2011/12/07 08,12,256
2011/12/07 09,9,175
2011/12/07 10,5,109
2011/12/07 11,1,56
2011/12/07 12,1,48
2011/12/07 13,1,41
2011/12/07 15,1,1
2011/12/07 16,2,8
2011/12/07 17,5,33
2011/12/07 18,4,26
2011/12/07 19,10,59
2011/12/07 20,13,95
2011/12/07 21,16,85
2011/12/07 22,19,98
2011/12/07 23,17,198
2011/12/08 00,19,573
2011/12/08 01,28,995
2011/12/08 02,30,585
2011/12/08 03,25,423
2011/12/08 04,27,456
2011/12/08 05,28,469
2011/12/08 06,30,388
2011/12/08 07,23,349
2011/12/08 08,18,284
2011/12/08 09,12,234
2011/12/08 10,9,150
2011/12/08 11,5,59
2011/12/08 12,6,70
2011/12/08 13,3,371
2011/12/08 14,3,85
2011/12/08 15,1,22
2011/12/08 16,3,7
2011/12/08 17,3,15
2011/12/08 18,8,55
2011/12/08 19,9,75
2011/12/08 20,10,119
2011/12/08 21,11,126
2011/12/08 22,11,179
2011/12/08 23,9,179
2011/12/09 00,13,142
2011/12/09 01,17,463
2011/12/09 02,20,368
2011/12/09 03,23,453
2011/12/09 04,25,523
2011/12/09 05,26,474
2011/12/09 06,17,400
2011/12/09 07,13,276
2011/12/09 08,12,245
2011/12/09 09,7,98
2011/12/09 10,4,91
2011/12/09 11,4,53
2011/12/09 12,4,59
2011/12/09 13,3,63
2011/12/09 14,4,87
2011/12/09 15,4,43
2011/12/09 16,6,31
2011/12/09 17,7,435
2011/12/09 18,9,96
2011/12/09 19,12,130
2011/12/09 20,17,238
2011/12/09 21,21,210
2011/12/09 22,24,272
2011/12/09 23,22,478
2011/12/10 00,20,319
2011/12/10 01,22,307
2011/12/10 02,21,293
2011/12/10 03,25,428
2011/12/10 04,25,469
2011/12/10 05,24,338
2011/12/10 06,30,389
2011/12/10 07,20,358
2011/12/10 08,18,318
2011/12/10 09,16,182
2011/12/10 10,10,176
2011/12/10 11,10,188
2011/12/10 12,8,163
2011/12/10 13,5,160
2011/12/10 14,6,101
2011/12/10 15,6,92
2011/12/10 16,6,27
2011/12/10 17,8,53
2011/12/10 18,11,333
2011/12/10 19,14,596
2011/12/10 20,18,554
2011/12/10 21,21,3482
2011/12/10 22,16,7924
2011/12/10 23,14,5356
2011/12/11 00,18,2551
2011/12/11 01,16,1581
2011/12/11 02,19,2269
2011/12/11 03,18,3287
2011/12/11 04,12,1700
2011/12/11 05,20,1200
2011/12/11 06,22,286
2011/12/11 07,20,318
2011/12/11 08,13,253
2011/12/11 09,12,205
2011/12/11 10,10,188
2011/12/11 11,4,112
2011/12/11 12,1,18
2011/12/11 14,1,5
2011/12/11 15,1,18
2011/12/11 16,3,34
2011/12/11 17,7,125
2011/12/11 18,4,126
2011/12/11 19,10,144
2011/12/11 20,10,199
2011/12/11 21,13,198
2011/12/11 22,17,279
2011/12/11 23,14,167
2011/12/12 00,9,117
2011/12/12 01,11,139
2011/12/12 02,20,235
2011/12/12 03,25,375
2011/12/12 04,23,385
2011/12/12 05,18,470
2011/12/12 06,17,290
2011/12/12 07,14,366
2011/12/12 08,10,276
2011/12/12 09,5,141
2011/12/12 10,4,93
2011/12/12 11,3,38
2011/12/12 12,3,49
2011/12/12 13,2,48
2011/12/12 14,3,46
2011/12/12 15,5,61
2011/12/12 16,7,97
2011/12/12 17,7,108
2011/12/12 18,10,85
2011/12/12 19,12,103
2011/12/12 20,15,177
2011/12/12 21,16,298
2011/12/12 22,15,244
2011/12/12 23,15,245
2011/12/13 00,21,265
2011/12/13 01,27,364
2011/12/13 02,26,679
2011/12/13 03,29,755
2011/12/13 04,26,567
2011/12/13 05,18,696
2011/12/13 06,15,357
2011/12/13 07,13,366
2011/12/13 08,11,294
2011/12/13 09,9,278
2011/12/13 10,7,182
2011/12/13 11,7,133
2011/12/13 12,6,211
2011/12/13 13,5,211
2011/12/13 14,6,259
2011/12/13 15,7,214
2011/12/13 16,7,140
2011/12/13 17,7,210
2011/12/13 18,11,251
2011/12/13 19,19,256
2011/12/13 20,25,358
2011/12/13 21,31,469
2011/12/13 22,36,396
2011/12/13 23,30,367
2011/12/14 00,25,302
2011/12/14 01,21,251
2011/12/14 02,31,515
2011/12/14 03,35,621
2011/12/14 04,36,624
2011/12/14 05,35,621
2011/12/14 06,27,399
2011/12/14 07,22,344
2011/12/14 08,18,316
2011/12/14 09,12,271
2011/12/14 10,9,202
2011/12/14 11,6,108
2011/12/14 12,5,94
2011/12/14 13,2,80
2011/12/14 14,4,53
2011/12/14 15,7,86
2011/12/14 16,9,273
2011/12/14 17,8,158
2011/12/14 18,11,179
2011/12/14 19,12,497
2011/12/14 20,14,234
2011/12/14 21,8,166
2011/12/14 22,7,125
2011/12/14 23,12,205
2011/12/15 00,21,703
2011/12/15 01,23,606
2011/12/15 02,29,605
2011/12/15 03,34,410
2011/12/15 04,32,505
2011/12/15 05,27,640
2011/12/15 06,20,1015
2011/12/15 07,20,571
2011/12/15 08,11,456
2011/12/15 09,7,201
2011/12/15 10,8,179
2011/12/15 11,8,152
2011/12/15 12,5,114
2011/12/15 13,6,161
2011/12/15 14,4,41
2011/12/15 15,3,62
2011/12/15 16,2,27
2011/12/15 17,3,41
2011/12/15 18,6,339
2011/12/15 19,7,121
2011/12/15 20,9,166
2011/12/15 21,14,410
2011/12/15 22,14,352
2011/12/15 23,17,327
2011/12/16 00,18,362
2011/12/16 01,15,306
2011/12/16 02,22,301
2011/12/16 03,25,362
2011/12/16 04,21,204
2011/12/16 05,24,290
2011/12/16 06,20,218
2011/12/16 07,16,233
2011/12/16 08,14,281
2011/12/16 09,12,219
2011/12/16 10,9,79
2011/12/16 11,4,53
2011/12/16 12,3,35
2011/12/16 13,4,39
2011/12/16 14,5,60
2011/12/16 15,5,101
2011/12/16 16,6,128
2011/12/16 17,8,146
2011/12/16 18,9,159
2011/12/16 19,10,156
2011/12/16 20,11,136
2011/12/16 21,12,211
2011/12/16 22,14,130
2011/12/16 23,14,156
2011/12/17 00,15,263
2011/12/17 01,14,340
2011/12/17 02,21,310
2011/12/17 03,21,418
2011/12/17 04,20,362
2011/12/17 05,26,344
2011/12/17 06,23,411
2011/12/17 07,23,365
2011/12/17 08,16,367
2011/12/17 09,13,322
2011/12/17 10,5,185
2011/12/17 11,3,141
2011/12/17 12,5,174
2011/12/17 13,4,112
2011/12/17 14,4,105
2011/12/17 15,5,174
2011/12/17 16,6,181
2011/12/17 17,8,99
2011/12/17 18,14,339
2011/12/17 19,17,311
2011/12/17 20,20,397
2011/12/17 21,18,321
2011/12/17 22,18,332
2011/12/17 23,15,423
2011/12/18 00,14,448
2011/12/18 01,10,85
2011/12/18 02,16,199
2011/12/18 03,15,240
2011/12/18 04,20,331
2011/12/18 05,23,368
2011/12/18 06,21,240
2011/12/18 07,19,264
2011/12/18 08,12,229
2011/12/18 09,13,178
2011/12/18 10,10,227
2011/12/18 11,6,295
2011/12/18 12,7,316
2011/12/18 13,5,130
2011/12/18 14,5,93
2011/12/18 15,5,116
2011/12/18 16,7,122
2011/12/18 17,6,120
2011/12/18 18,10,240
2011/12/18 19,12,370
2011/12/18 20,13,186
2011/12/18 21,14,242
2011/12/18 22,11,220
2011/12/18 23,10,131
2011/12/19 00,16,213
2011/12/19 01,24,333
2011/12/19 02,24,368
2011/12/19 03,21,329
2011/12/19 04,25,294
2011/12/19 05,23,349
2011/12/19 06,16,257
2011/12/19 07,11,273
2011/12/19 08,16,275
2011/12/19 09,14,481
2011/12/19 10,9,329
2011/12/19 11,7,227
2011/12/19 12,4,186
2011/12/19 13,4,109
2011/12/19 14,6,96
2011/12/19 15,5,131
2011/12/19 16,6,170
2011/12/19 17,9,170
2011/12/19 18,8,177
2011/12/19 19,5,134
2011/12/19 20,5,228
2011/12/19 21,10,95
2011/12/19 22,16,194
2011/12/19 23,19,166
2011/12/20 00,20,517
2011/12/20 01,22,471
2011/12/20 02,26,553
2011/12/20 03,25,406
2011/12/20 04,18,403
2011/12/20 05,14,366
2011/12/20 06,15,365
2011/12/20 07,13,336
2011/12/20 08,11,238
2011/12/20 09,11,192
2011/12/20 10,9,145
2011/12/20 11,6,133
2011/12/20 12,5,76
2011/12/20 13,2,66
2011/12/20 14,7,90
2011/12/20 15,9,180
2011/12/20 16,10,184
2011/12/20 17,12,193
2011/12/20 18,9,149
2011/12/20 19,14,292
2011/12/20 20,16,207
2011/12/20 21,16,201
2011/12/20 22,15,108
2011/12/20 23,10,85
2011/12/21 00,20,279
2011/12/21 01,19,819
2011/12/21 02,24,497
2011/12/21 03,32,557
2011/12/21 04,36,668
2011/12/21 05,29,555
2011/12/21 06,21,187
2011/12/21 07,21,169
2011/12/21 08,21,478
2011/12/21 09,12,202
2011/12/21 10,9,171
2011/12/21 11,7,212
2011/12/21 12,3,55
2011/12/21 13,3,65
2011/12/21 14,5,35
2011/12/21 15,10,77
2011/12/21 16,9,88
2011/12/21 17,10,135
2011/12/21 18,10,208
2011/12/21 19,15,141
2011/12/21 20,13,142
2011/12/21 21,15,190
2011/12/21 22,15,193
2011/12/21 23,16,438
2011/12/22 00,19,356
2011/12/22 01,20,409
2011/12/22 02,25,495
2011/12/22 03,26,485
2011/12/22 04,23,471
2011/12/22 05,22,1043
2011/12/22 06,18,514
2011/12/22 07,13,473
2011/12/22 08,13,402
2011/12/22 09,11,311
2011/12/22 10,6,183
2011/12/22 11,4,49
2011/12/22 12,4,49
2011/12/22 13,5,59
2011/12/22 14,5,61
2011/12/22 15,4,101
2011/12/22 16,4,85
2011/12/22 17,6,102
2011/12/22 18,5,93
2011/12/22 19,10,131
2011/12/22 20,10,271
2011/12/22 21,10,233
2011/12/22 22,12,793
2011/12/22 23,18,275
2011/12/23 00,18,314
2011/12/23 01,20,1777
2011/12/23 02,25,521
2011/12/23 03,28,631
2011/12/23 04,31,661
2011/12/23 05,27,542
2011/12/23 06,26,618
2011/12/23 07,17,317
2011/12/23 08,12,227
2011/12/23 09,9,210
2011/12/23 10,7,167
2011/12/23 11,3,155
2011/12/23 12,1,44
2011/12/23 13,3,50
2011/12/23 14,6,54
2011/12/23 15,9,24
2011/12/23 16,11,75
2011/12/23 17,14,121
2011/12/23 18,15,146
2011/12/23 19,15,141
2011/12/23 20,17,203
2011/12/23 21,14,308
2011/12/23 22,13,318
2011/12/23 23,17,317
2011/12/24 00,19,342
2011/12/24 01,25,620
2011/12/24 02,15,505
2011/12/24 03,16,415
2011/12/24 04,17,822
2011/12/24 05,17,510
2011/12/24 06,18,492
2011/12/24 07,17,743
2011/12/24 08,14,713
2011/12/24 09,7,435
2011/12/24 10,10,410
2011/12/24 11,7,164
2011/12/24 12,4,64
2011/12/24 13,4,116
2011/12/24 14,6,136
2011/12/24 15,7,135
2011/12/24 16,9,147
2011/12/24 17,11,439
2011/12/24 18,12,400
2011/12/24 19,11,441
2011/12/24 20,11,450
2011/12/24 21,9,449
2011/12/24 22,7,448
2011/12/24 23,9,322
2011/12/25 00,12,258
2011/12/25 01,16,198
2011/12/25 02,19,186
2011/12/25 03,21,271
2011/12/25 04,21,638
2011/12/25 05,17,713
2011/12/25 06,12,625
2011/12/25 07,13,540
2011/12/25 08,11,436
2011/12/25 09,11,441
2011/12/25 10,5,149
2011/12/25 11,4,90
2011/12/25 12,4,22
2011/12/25 13,2,12
2011/12/25 14,1,17
2011/12/25 15,2,10
2011/12/25 16,1,2
2011/12/25 17,1,7
2011/12/25 18,3,41
2011/12/25 19,7,62
2011/12/25 20,5,53
2011/12/25 21,4,35
2011/12/25 22,2,34
2011/12/25 23,3,22
2011/12/26 00,6,58
2011/12/26 01,7,54
2011/12/26 02,9,85
2011/12/26 03,10,81
2011/12/26 04,16,187
2011/12/26 05,12,101
2011/12/26 06,11,119
2011/12/26 07,13,190
2011/12/26 08,9,210
2011/12/26 09,8,375
2011/12/26 10,10,178
2011/12/26 11,5,49
2011/12/26 12,4,34
2011/12/26 13,4,40
2011/12/26 14,3,38
2011/12/26 15,3,38
2011/12/26 16,5,42
2011/12/26 17,8,108
2011/12/26 18,13,136
2011/12/26 19,12,167
2011/12/26 20,16,162
2011/12/26 21,15,214
2011/12/26 22,17,260
2011/12/26 23,24,970
2011/12/27 00,25,544
2011/12/27 01,21,557
2011/12/27 02,24,515
2011/12/27 03,20,599
2011/12/27 04,21,698
2011/12/27 05,23,629
2011/12/27 06,27,407
2011/12/27 07,21,463
2011/12/27 08,19,345
2011/12/27 09,13,219
2011/12/27 10,10,393
2011/12/27 11,4,143
2011/12/27 12,5,76
2011/12/27 13,2,77
2011/12/27 14,4,237
2011/12/27 15,6,96
2011/12/27 16,6,85
2011/12/27 17,10,378
2011/12/27 18,13,308
2011/12/27 19,16,190
2011/12/27 20,15,213
2011/12/27 21,14,208
2011/12/27 22,19,239
2011/12/27 23,19,234
2011/12/28 00,18,468
2011/12/28 01,18,398
2011/12/28 02,26,858
2011/12/28 03,23,581
2011/12/28 04,22,724
2011/12/28 05,19,585
2011/12/28 06,22,714
2011/12/28 07,21,559
2011/12/28 08,17,328
2011/12/28 09,10,372
2011/12/28 10,7,252
2011/12/28 11,6,125
2011/12/28 12,5,81
2011/12/28 13,3,23
2011/12/28 14,5,38
2011/12/28 15,4,57
2011/12/28 16,5,99
2011/12/28 17,7,101
2011/12/28 18,7,235
2011/12/28 19,11,154
2011/12/28 20,9,146
2011/12/28 21,10,213
2011/12/28 22,17,341
2011/12/28 23,19,358
2011/12/29 00,21,717
2011/12/29 01,20,561
2011/12/29 02,25,497
2011/12/29 03,28,358
2011/12/29 04,25,443
2011/12/29 05,25,696
2011/12/29 06,28,611
2011/12/29 07,25,1039
2011/12/29 08,14,464
2011/12/29 09,14,488
2011/12/29 10,11,285
2011/12/29 11,10,207
2011/12/29 12,6,129
2011/12/29 13,6,99
2011/12/29 14,6,34
2011/12/29 15,7,156
2011/12/29 16,8,61
2011/12/29 17,6,155
2011/12/29 18,11,129
2011/12/29 19,11,137
2011/12/29 20,11,170
2011/12/29 21,10,181
2011/12/29 22,14,172
2011/12/29 23,18,300
2011/12/30 00,20,385
2011/12/30 01,19,314
2011/12/30 02,28,963
2011/12/30 03,28,929
2011/12/30 04,26,935
2011/12/30 05,23,684
2011/12/30 06,23,587
2011/12/30 07,21,510
2011/12/30 08,17,387
2011/12/30 09,13,324
2011/12/30 10,11,256
2011/12/30 11,7,280
2011/12/30 12,3,78
2011/12/30 13,4,80
2011/12/30 14,2,119
2011/12/30 15,4,15
2011/12/30 16,5,45
2011/12/30 17,5,91
2011/12/30 18,8,116
2011/12/30 19,10,192
2011/12/30 20,12,250
2011/12/30 21,12,222
2011/12/30 22,14,194
2011/12/30 23,14,226
2011/12/31 00,11,248
2011/12/31 01,17,515
2011/12/31 02,14,693
2011/12/31 03,13,427
2011/12/31 04,15,550
2011/12/31 05,20,597
2011/12/31 06,18,853
2011/12/31 07,19,530
2011/12/31 08,13,305
2011/12/31 09,13,255
2011/12/31 10,10,255
2011/12/31 11,7,277
2011/12/31 12,7,343
2011/12/31 13,4,94
2011/12/31 14,1,95
2011/12/31 15,2,166
2011/12/31 16,4,194
2011/12/31 17,8,250
2011/12/31 18,9,172
2011/12/31 19,10,239
2011/12/31 20,9,209
2011/12/31 21,10,194
2011/12/31 22,17,308
2011/12/31 23,16,224
2012/01/01 00,12,210
2012/01/01 01,14,338
2012/01/01 02,19,244
2012/01/01 03,16,225
2012/01/01 04,16,928
2012/01/01 05,19,175
2012/01/01 06,16,177
2012/01/01 07,14,213
2012/01/01 08,8,442
2012/01/01 09,7,142
2012/01/01 10,7,151
2012/01/01 11,7,84
2012/01/01 12,5,65
2012/01/01 13,4,60
2012/01/01 14,3,45
2012/01/01 15,3,18
2012/01/01 16,7,36
2012/01/01 17,7,71
2012/01/01 18,9,124
2012/01/01 19,13,409
2012/01/01 20,7,270
2012/01/01 21,11,232
2012/01/01 22,13,218
2012/01/01 23,13,195
2012/01/02 00,16,280
2012/01/02 01,15,245
2012/01/02 02,23,442
2012/01/02 03,26,703
2012/01/02 04,28,544
2012/01/02 05,26,567
2012/01/02 06,27,1185
2012/01/02 07,27,951
2012/01/02 08,19,461
2012/01/02 09,18,457
2012/01/02 10,16,354
2012/01/02 11,6,303
2012/01/02 12,6,235
2012/01/02 13,8,181
2012/01/02 14,5,366
2012/01/02 15,8,190
2012/01/02 16,9,184
2012/01/02 17,9,329
2012/01/02 18,11,232
2012/01/02 19,13,340
2012/01/02 20,17,369
2012/01/02 21,20,496
2012/01/02 22,20,516
2012/01/02 23,21,467
2012/01/03 00,22,614
2012/01/03 01,21,444
2012/01/03 02,21,387
2012/01/03 03,22,872
2012/01/03 04,24,777
2012/01/03 05,30,827
2012/01/03 06,22,563
2012/01/03 07,21,490
2012/01/03 08,13,301
2012/01/03 09,9,250
2012/01/03 10,10,262
2012/01/03 11,7,110
2012/01/03 12,3,71
2012/01/03 13,5,55
2012/01/03 14,6,37
2012/01/03 15,3,14
2012/01/03 16,3,13
2012/01/03 17,8,53
2012/01/03 18,8,88
2012/01/03 19,8,377
2012/01/03 20,7,132
2012/01/03 21,12,153
2012/01/03 22,16,225
2012/01/03 23,14,188
2012/01/04 00,20,377
2012/01/04 01,17,582
2012/01/04 02,19,462
2012/01/04 03,24,1070
2012/01/04 04,23,674
2012/01/04 05,21,718
2012/01/04 06,20,574
2012/01/04 07,18,522
2012/01/04 08,13,668
2012/01/04 09,17,529
2012/01/04 10,15,320
2012/01/04 11,10,230
2012/01/04 12,6,66
2012/01/04 13,4,74
2012/01/04 14,4,51
2012/01/04 15,2,35
2012/01/04 16,4,54
2012/01/04 17,7,44
2012/01/04 18,7,131
2012/01/04 19,9,183
2012/01/04 20,12,153
2012/01/04 21,11,150
2012/01/04 22,13,199
2012/01/04 23,13,213
2012/01/05 00,18,526
2012/01/05 01,27,903
2012/01/05 02,34,619
2012/01/05 03,36,507
2012/01/05 04,33,889
2012/01/05 05,25,707
2012/01/05 06,22,1218
2012/01/05 07,21,800
2012/01/05 08,17,535
2012/01/05 09,14,485
2012/01/05 10,8,125
2012/01/05 11,6,56
2012/01/05 12,4,31
2012/01/05 13,4,32
2012/01/05 14,2,12
2012/01/05 15,1,0
2012/01/05 16,1,17
2012/01/05 17,2,35
2012/01/05 18,7,62
2012/01/05 19,10,106
2012/01/05 20,10,581
2012/01/05 21,12,146
2012/01/05 22,10,130
2012/01/05 23,14,216
2012/01/06 00,19,520
2012/01/06 01,20,840
2012/01/06 02,24,880
2012/01/06 03,24,598
2012/01/06 04,31,1208
2012/01/06 05,23,967
2012/01/06 06,23,1095
2012/01/06 07,18,692
2012/01/06 08,17,577
2012/01/06 09,13,284
2012/01/06 10,6,75
2012/01/06 11,7,84
2012/01/06 12,4,81
2012/01/06 13,3,70
2012/01/06 14,3,94
2012/01/06 15,2,74
2012/01/06 16,3,61
2012/01/06 17,3,15
2012/01/06 18,4,32
2012/01/06 19,10,73
2012/01/06 20,10,96
2012/01/06 21,9,144
2012/01/06 22,8,85
2012/01/06 23,12,290
2012/01/07 00,16,1033
2012/01/07 01,16,342
2012/01/07 02,18,405
2012/01/07 03,24,567
2012/01/07 04,28,607
2012/01/07 05,27,990
2012/01/07 06,31,1028
2012/01/07 07,30,959
2012/01/07 08,20,641
2012/01/07 09,13,499
2012/01/07 10,9,194
2012/01/07 11,8,171
2012/01/07 12,4,153
2012/01/07 13,2,63
2012/01/07 14,2,344
2012/01/07 15,3,137
2012/01/07 16,4,68
2012/01/07 17,6,41
2012/01/07 18,14,433
2012/01/07 19,11,301
2012/01/07 20,10,349
2012/01/07 21,14,429
2012/01/07 22,18,1012
2012/01/07 23,16,1033
2012/01/08 00,20,982
2012/01/08 01,25,1231
2012/01/08 02,22,475
2012/01/08 03,20,454
2012/01/08 04,26,961
2012/01/08 05,20,681
2012/01/08 06,28,609
2012/01/08 07,26,655
2012/01/08 08,24,1395
2012/01/08 09,22,731
2012/01/08 10,16,567
2012/01/08 11,8,201
2012/01/08 12,5,130
2012/01/08 13,6,127
2012/01/08 14,8,131
2012/01/08 15,8,70
2012/01/08 16,8,157
2012/01/08 17,13,177
2012/01/08 18,13,228
2012/01/08 19,11,220
2012/01/08 20,13,265
2012/01/08 21,15,228
2012/01/08 22,14,177
2012/01/08 23,14,223
2012/01/09 00,16,466
2012/01/09 01,13,501
2012/01/09 02,17,435
2012/01/09 03,29,1240
2012/01/09 04,27,456
2012/01/09 05,22,616
2012/01/09 06,25,506
2012/01/09 07,21,423
2012/01/09 08,16,439
2012/01/09 09,14,217
2012/01/09 10,9,178
2012/01/09 11,5,57
2012/01/09 12,4,199
2012/01/09 13,3,38
2012/01/09 14,2,18
2012/01/09 15,1,20
