2011/10/01 16,1,1
2011/10/01 17,1,4
2011/10/01 18,1,5
2011/10/01 19,1,5
2011/10/01 20,1,5
2011/10/01 21,1,4
2011/10/01 22,1,3
2011/10/01 23,1,3
2011/10/02 00,1,2
2011/10/02 01,1,2
2011/10/02 02,1,1
2011/10/02 16,1,4
2011/10/02 17,1,5
2011/10/02 18,1,2
2011/10/03 01,1,2
2011/10/03 03,1,2
2011/10/03 04,1,3
2011/10/03 05,1,2
2011/10/03 06,1,2
2011/10/03 07,1,3
2011/10/03 21,1,2
2011/10/03 22,1,3
2011/10/03 23,1,1
2011/10/04 08,1,2
2011/10/05 02,1,0
2011/10/05 06,1,1
2011/10/05 14,1,7
2011/10/05 15,1,11
2011/10/07 11,1,2
2011/10/07 18,1,1
2011/10/08 01,1,9
2011/10/08 02,1,7
2011/10/08 08,1,2
2011/10/08 09,1,1
2011/10/09 04,1,1
2011/10/09 05,1,1
2011/10/09 06,1,1
2011/10/10 02,1,0
2011/10/10 23,1,1
2011/10/11 00,1,2
2011/10/13 16,1,4
2011/10/13 17,1,2
2011/10/13 18,1,4
2011/10/14 16,1,2
2011/10/14 17,2,3
2011/10/14 18,1,4
2011/10/14 19,1,6
2011/10/14 20,1,4
2011/10/14 22,1,3
2011/10/14 23,1,6
2011/10/15 00,1,4
2011/10/16 01,1,3
2011/10/16 02,1,2
2011/10/16 04,1,8
2011/10/16 05,1,4
2011/10/16 10,1,0
2011/10/16 11,1,13
2011/10/16 12,1,14
2011/10/16 13,1,12
2011/10/16 14,1,14
2011/10/16 15,1,7
2011/10/17 16,1,2
2011/10/17 17,1,8
2011/10/17 18,1,7
2011/10/18 05,1,4
2011/10/18 20,1,9
2011/10/18 21,1,7
2011/10/18 22,1,7
2011/10/18 23,1,8
2011/10/19 17,1,4
2011/10/19 18,1,6
2011/10/19 19,1,7
2011/10/20 18,1,6
2011/10/20 19,1,6
2011/10/20 20,1,0
2011/10/20 21,1,6
2011/10/21 13,1,1
2011/10/21 14,1,7
2011/10/21 15,2,5
2011/10/21 19,1,3
2011/10/21 20,1,10
2011/10/21 21,1,9
2011/10/22 10,1,6
2011/10/22 11,1,6
2011/10/22 12,1,8
2011/10/22 13,1,8
2011/10/22 19,1,2
2011/10/22 20,1,3
2011/10/22 21,1,2
2011/10/23 02,1,1
2011/10/23 03,1,3
2011/10/23 04,1,2
2011/10/23 05,1,1
2011/10/23 16,1,0
2011/10/23 22,1,4
2011/10/23 23,1,3
2011/10/24 21,1,9
2011/10/24 22,1,9
2011/10/28 14,1,4
2011/10/28 15,1,2
2011/10/28 17,1,1
2011/10/28 21,1,1
2011/10/29 08,1,1
2011/10/29 12,1,1
2011/10/29 13,1,2
2011/10/29 14,1,2
2011/11/04 06,1,1
2011/11/08 20,1,2
2011/11/08 21,1,2
2011/11/15 13,1,2
2011/11/15 14,1,1
2011/11/15 15,1,0
2011/11/16 15,1,1
2011/11/16 16,1,2
2011/11/16 17,2,5
2011/11/16 18,1,2
2011/11/19 15,1,4
2011/11/19 16,1,4
2011/11/24 21,1,0
2011/11/29 19,1,4
2011/11/29 20,1,0
2011/12/02 14,1,1
2011/12/04 10,1,2
2011/12/08 00,1,0
2011/12/08 01,1,1
2011/12/14 13,1,2
2011/12/24 18,1,0
2011/12/27 02,1,1
2011/12/28 06,1,3
2011/12/28 07,1,1
