2011/10/01 13,1,1
2011/10/01 14,1,3
2011/10/03 04,1,1
2011/10/03 05,1,2
2011/10/03 06,1,2
2011/10/03 07,1,2
2011/10/08 18,1,11
2011/10/08 19,1,15
2011/10/08 20,1,17
2011/10/08 21,2,19
2011/10/08 22,2,19
2011/10/08 23,1,13
2011/10/09 00,1,16
2011/10/09 01,1,13
2011/10/09 15,1,2
2011/10/09 16,1,4
2011/10/09 17,2,8
2011/10/09 18,1,6
2011/10/10 15,2,6
2011/10/10 16,3,55
2011/10/10 17,2,63
2011/10/10 21,2,61
2011/10/11 00,1,1
2011/10/20 12,1,6
2011/10/20 13,1,15
2011/10/20 14,1,13
2011/10/22 00,1,2
2011/10/22 13,1,1
2011/10/22 14,1,3
2011/10/22 15,1,2
2011/10/24 20,1,1
2011/11/04 03,1,1
2011/11/04 04,1,2
2011/11/04 05,1,2
2011/11/04 06,1,2
2011/11/05 01,1,5
2011/11/05 02,1,4
2011/11/06 03,1,3
2011/11/06 04,1,3
2011/11/06 05,1,4
2011/11/06 06,1,3
2011/11/07 20,1,6
2011/11/07 21,1,10
2011/11/10 19,1,4
2011/11/10 20,1,0
2011/11/10 23,1,0
2011/11/11 00,1,1
2011/11/11 01,1,1
2011/11/11 20,1,1
2011/11/11 21,1,1
2011/11/12 10,1,2
2011/11/20 00,1,2
2011/11/20 01,1,1
2011/11/20 04,1,3
2011/11/20 05,1,2
2011/11/20 06,1,3
2011/11/20 07,1,1
2011/11/20 13,1,2
2011/11/20 14,1,1
2011/11/20 16,1,1
2011/11/20 17,1,1
2011/11/21 02,1,1
2011/11/21 03,1,1
2011/11/21 04,1,1
2011/11/23 00,1,1
2011/11/26 04,1,0
2011/11/26 18,1,1
2011/11/27 03,1,2
2011/11/27 04,1,2
2011/12/03 22,1,2
2011/12/03 23,1,0
2011/12/20 02,1,1
