2011/09/30 22,19,428
2011/09/30 23,23,585
2011/10/01 00,22,1645
2011/10/01 01,20,2662
2011/10/01 02,19,385
2011/10/01 03,23,466
2011/10/01 04,21,640
2011/10/01 05,22,635
2011/10/01 06,20,628
2011/10/01 07,19,606
2011/10/01 08,17,383
2011/10/01 09,17,291
2011/10/01 10,12,251
2011/10/01 11,6,115
2011/10/01 12,8,84
2011/10/01 13,7,164
2011/10/01 14,13,163
2011/10/01 15,14,252
2011/10/01 16,18,385
2011/10/01 17,19,296
2011/10/01 18,20,434
2011/10/01 19,22,421
2011/10/01 20,34,402
2011/10/01 21,30,409
2011/10/01 22,29,451
2011/10/01 23,30,531
2011/10/02 00,29,562
2011/10/02 01,26,695
2011/10/02 02,29,697
2011/10/02 03,27,716
2011/10/02 04,25,745
2011/10/02 05,20,725
2011/10/02 06,21,620
2011/10/02 07,11,613
2011/10/02 08,8,457
2011/10/02 09,7,352
2011/10/02 10,4,220
2011/10/02 11,1,7
2011/10/02 12,2,11
2011/10/02 13,4,20
2011/10/02 14,7,56
2011/10/02 15,9,122
2011/10/02 16,13,210
2011/10/02 17,16,271
2011/10/02 18,14,272
2011/10/02 19,17,344
2011/10/02 20,16,599
2011/10/02 21,19,651
2011/10/02 22,16,992
2011/10/02 23,14,669
2011/10/03 00,23,970
2011/10/03 01,28,834
2011/10/03 02,25,959
2011/10/03 03,27,655
2011/10/03 04,27,677
2011/10/03 05,24,664
2011/10/03 06,23,659
2011/10/03 07,16,527
2011/10/03 08,10,427
2011/10/03 09,8,347
2011/10/03 10,4,262
2011/10/03 11,5,271
2011/10/03 12,3,48
2011/10/03 13,5,79
2011/10/03 14,8,121
2011/10/03 15,8,131
2011/10/03 16,12,238
2011/10/03 17,11,242
2011/10/03 18,19,319
2011/10/03 19,15,331
2011/10/03 20,17,359
2011/10/03 21,23,425
2011/10/03 22,25,721
2011/10/03 23,26,928
2011/10/04 00,30,920
2011/10/04 01,40,909
2011/10/04 02,42,1059
2011/10/04 03,36,1027
2011/10/04 04,25,984
2011/10/04 05,23,1127
2011/10/04 06,19,728
2011/10/04 07,17,512
2011/10/04 08,12,486
2011/10/04 09,9,166
2011/10/04 10,11,219
2011/10/04 11,7,176
2011/10/04 12,7,171
2011/10/04 13,6,49
2011/10/04 14,8,65
2011/10/04 15,10,105
2011/10/04 16,10,129
2011/10/04 17,15,234
2011/10/04 18,15,485
2011/10/04 19,16,612
2011/10/04 20,20,613
2011/10/04 21,23,708
2011/10/04 22,27,419
2011/10/04 23,32,675
2011/10/05 00,37,708
2011/10/05 01,37,1083
2011/10/05 02,38,1130
2011/10/05 03,37,1214
2011/10/05 04,24,746
2011/10/05 05,24,727
2011/10/05 06,16,533
2011/10/05 07,11,517
2011/10/05 08,12,442
2011/10/05 09,8,381
2011/10/05 10,4,135
2011/10/05 11,2,119
2011/10/05 12,3,127
2011/10/05 13,7,51
2011/10/05 14,9,161
2011/10/05 15,9,158
2011/10/05 16,10,161
2011/10/05 17,14,549
2011/10/05 18,16,764
2011/10/05 19,13,1094
2011/10/05 20,16,650
2011/10/05 21,17,610
2011/10/05 22,17,695
2011/10/05 23,23,552
2011/10/06 00,25,739
2011/10/06 01,29,1214
2011/10/06 02,31,1515
2011/10/06 03,18,1208
2011/10/06 04,18,1453
2011/10/06 05,17,883
2011/10/06 06,16,791
2011/10/06 07,9,532
2011/10/06 08,4,37
2011/10/06 09,2,46
2011/10/06 10,2,23
2011/10/06 11,3,27
2011/10/06 12,1,18
2011/10/06 13,3,68
2011/10/06 14,6,105
2011/10/06 15,8,171
2011/10/06 16,15,223
2011/10/06 17,15,280
2011/10/06 18,16,279
2011/10/06 19,16,333
2011/10/06 20,13,314
2011/10/06 21,21,464
2011/10/06 22,26,909
2011/10/06 23,27,1131
2011/10/07 00,33,1249
2011/10/07 01,38,1492
2011/10/07 02,37,1388
2011/10/07 03,30,693
2011/10/07 04,23,648
2011/10/07 05,19,715
2011/10/07 06,15,508
2011/10/07 07,12,292
2011/10/07 08,7,227
2011/10/07 09,3,151
2011/10/07 10,2,40
2011/10/07 11,5,41
2011/10/07 12,6,57
2011/10/07 13,8,111
2011/10/07 14,13,185
2011/10/07 15,14,238
2011/10/07 16,16,272
2011/10/07 17,12,273
2011/10/07 18,18,558
2011/10/07 19,17,694
2011/10/07 20,19,818
2011/10/07 21,30,946
2011/10/07 22,32,1014
2011/10/07 23,38,1090
2011/10/08 00,30,865
2011/10/08 01,29,940
2011/10/08 02,28,509
2011/10/08 03,28,605
2011/10/08 04,25,600
2011/10/08 05,21,592
2011/10/08 06,12,337
2011/10/08 07,13,231
2011/10/08 08,11,129
2011/10/08 09,11,180
2011/10/08 10,13,232
2011/10/08 11,10,243
2011/10/08 12,12,291
2011/10/08 13,13,245
2011/10/08 14,13,267
2011/10/08 15,14,186
2011/10/08 16,21,243
2011/10/08 17,24,519
2011/10/08 18,28,752
2011/10/08 19,21,250
2011/10/08 20,17,411
2011/10/08 21,20,611
2011/10/08 22,28,862
2011/10/08 23,32,1089
2011/10/09 00,32,1304
2011/10/09 01,34,1341
2011/10/09 02,31,1384
2011/10/09 03,24,640
2011/10/09 04,19,358
2011/10/09 05,13,292
2011/10/09 06,11,186
2011/10/09 07,9,188
2011/10/09 08,7,142
2011/10/09 09,7,92
2011/10/09 10,9,139
2011/10/09 11,10,125
2011/10/09 12,10,219
2011/10/09 13,12,209
2011/10/09 14,11,209
2011/10/09 15,22,609
2011/10/09 16,25,656
2011/10/09 17,21,746
2011/10/09 18,21,904
2011/10/09 19,20,1120
2011/10/09 20,30,928
2011/10/09 21,27,1022
2011/10/09 22,34,1177
2011/10/09 23,31,1336
2011/10/10 00,34,1469
2011/10/10 01,25,1201
2011/10/10 02,25,954
2011/10/10 03,23,709
2011/10/10 04,21,508
2011/10/10 05,11,154
2011/10/10 06,7,104
2011/10/10 07,4,61
2011/10/10 08,6,56
2011/10/10 09,6,96
2011/10/10 10,4,70
2011/10/10 11,9,176
2011/10/10 12,12,240
2011/10/10 13,17,393
2011/10/10 14,16,459
2011/10/10 15,20,919
2011/10/10 16,17,1181
2011/10/10 17,18,2053
2011/10/10 21,22,2178
2011/10/10 22,26,980
2011/10/10 23,27,1098
2011/10/11 00,33,935
2011/10/11 01,37,1079
2011/10/11 02,36,977
2011/10/11 03,40,1356
2011/10/11 04,31,1487
2011/10/11 05,22,783
2011/10/11 06,21,731
2011/10/11 07,15,469
2011/10/11 08,14,417
2011/10/11 09,9,379
2011/10/11 10,9,170
2011/10/11 11,7,202
2011/10/11 12,5,179
2011/10/11 13,2,145
2011/10/11 14,3,180
2011/10/11 15,5,239
2011/10/11 16,6,169
2011/10/11 17,7,117
2011/10/11 18,13,142
2011/10/11 19,17,893
2011/10/11 20,20,2822
2011/10/11 21,19,586
2011/10/11 22,21,4584
2011/10/11 23,23,867
2011/10/12 00,33,1722
2011/10/12 01,35,1647
2011/10/12 02,34,1899
2011/10/12 03,38,1439
2011/10/12 04,31,1390
2011/10/12 05,25,1194
2011/10/12 06,23,865
2011/10/12 07,18,491
2011/10/12 08,13,437
2011/10/12 09,8,222
2011/10/12 10,7,197
2011/10/12 11,7,186
2011/10/12 12,6,220
2011/10/12 13,6,122
2011/10/12 14,7,139
2011/10/12 15,5,158
2011/10/12 16,8,327
2011/10/12 17,13,455
2011/10/12 18,15,602
2011/10/12 19,18,613
2011/10/12 20,15,709
2011/10/12 21,18,759
2011/10/12 22,16,932
2011/10/12 23,21,656
2011/10/13 00,20,683
2011/10/13 01,23,738
2011/10/13 02,27,965
2011/10/13 03,24,1129
2011/10/13 04,27,1157
2011/10/13 05,25,793
2011/10/13 06,20,647
2011/10/13 07,17,532
2011/10/13 08,15,246
2011/10/13 09,10,123
2011/10/13 10,9,131
2011/10/13 11,8,136
2011/10/13 12,8,173
2011/10/13 13,8,146
2011/10/13 14,10,216
2011/10/13 15,7,167
2011/10/13 16,7,185
2011/10/13 17,10,129
2011/10/13 18,10,169
2011/10/13 19,10,246
2011/10/13 20,16,303
2011/10/13 21,18,370
2011/10/13 22,16,343
2011/10/13 23,18,255
2011/10/14 00,22,336
2011/10/14 01,23,355
2011/10/14 02,26,396
2011/10/14 03,21,434
2011/10/14 04,21,444
2011/10/14 05,20,372
2011/10/14 06,17,267
2011/10/14 07,11,238
2011/10/14 08,10,138
2011/10/14 09,9,132
2011/10/14 10,6,102
2011/10/14 11,6,96
2011/10/14 12,5,83
2011/10/14 13,7,140
2011/10/14 14,8,178
2011/10/14 15,9,186
2011/10/14 16,13,215
2011/10/14 17,13,240
2011/10/14 18,13,150
2011/10/14 19,19,182
2011/10/14 20,24,214
2011/10/14 21,20,238
2011/10/14 22,16,209
2011/10/14 23,19,356
2011/10/15 00,18,384
2011/10/15 01,16,201
2011/10/15 02,15,213
2011/10/15 03,25,253
2011/10/15 04,21,175
2011/10/15 05,24,224
2011/10/15 06,24,254
2011/10/15 07,15,202
2011/10/15 08,12,174
2011/10/15 09,14,129
2011/10/15 10,8,114
2011/10/15 11,5,91
2011/10/15 12,7,90
2011/10/15 13,8,105
2011/10/15 14,11,191
2011/10/15 15,12,189
2011/10/15 16,16,269
2011/10/15 17,15,335
2011/10/15 18,17,473
2011/10/15 19,16,431
2011/10/15 20,17,325
2011/10/15 21,18,319
2011/10/15 22,26,387
2011/10/15 23,23,323
2011/10/16 00,23,417
2011/10/16 01,20,385
2011/10/16 02,19,395
2011/10/16 03,20,214
2011/10/16 04,18,208
2011/10/16 05,16,353
2011/10/16 06,18,336
2011/10/16 07,14,315
2011/10/16 08,13,201
2011/10/16 09,8,71
2011/10/16 10,8,79
2011/10/16 11,5,56
2011/10/16 12,6,54
2011/10/16 13,9,64
2011/10/16 14,8,131
2011/10/16 15,8,170
2011/10/16 16,12,225
2011/10/16 17,10,233
2011/10/16 18,6,337
2011/10/16 19,8,313
2011/10/16 20,9,340
2011/10/16 21,10,360
2011/10/16 22,17,444
2011/10/16 23,18,1124
2011/10/17 00,21,220
2011/10/17 01,24,268
2011/10/17 02,26,282
2011/10/17 03,20,297
2011/10/17 04,15,282
2011/10/17 05,13,275
2011/10/17 06,11,255
2011/10/17 07,8,197
2011/10/17 08,6,122
2011/10/17 09,5,105
2011/10/17 10,2,23
2011/10/17 11,4,26
2011/10/17 12,7,38
2011/10/17 13,8,82
2011/10/17 14,9,129
2011/10/17 15,8,157
2011/10/17 16,14,219
2011/10/17 17,11,129
2011/10/17 18,14,155
2011/10/17 19,12,200
2011/10/17 20,13,264
2011/10/17 21,18,327
2011/10/17 22,20,361
2011/10/17 23,27,480
2011/10/18 00,31,723
2011/10/18 01,33,903
2011/10/18 02,32,857
2011/10/18 03,24,811
2011/10/18 04,25,486
2011/10/18 05,19,265
2011/10/18 06,18,212
2011/10/18 07,14,229
2011/10/18 08,11,126
2011/10/18 09,9,97
2011/10/18 10,7,77
2011/10/18 11,4,49
2011/10/18 12,6,43
2011/10/18 13,6,46
2011/10/18 14,8,81
2011/10/18 15,10,116
2011/10/18 16,12,149
2011/10/18 17,14,172
2011/10/18 18,17,371
2011/10/18 19,16,949
2011/10/18 20,17,937
2011/10/18 21,25,852
2011/10/18 22,33,520
2011/10/18 23,37,592
2011/10/19 00,38,633
2011/10/19 01,36,947
2011/10/19 02,37,1035
2011/10/19 03,33,1002
2011/10/19 04,29,936
2011/10/19 05,26,705
2011/10/19 06,20,268
2011/10/19 07,15,236
2011/10/19 08,8,112
2011/10/19 09,8,105
2011/10/19 10,7,85
2011/10/19 11,5,82
2011/10/19 12,4,87
2011/10/19 13,4,84
2011/10/19 14,9,123
2011/10/19 15,9,117
2011/10/19 16,15,177
2011/10/19 17,17,200
2011/10/19 18,15,262
2011/10/19 19,19,567
2011/10/19 20,18,689
2011/10/19 21,23,917
2011/10/19 22,31,673
2011/10/19 23,35,705
2011/10/20 00,29,768
2011/10/20 01,31,765
2011/10/20 02,42,934
2011/10/20 03,40,1132
2011/10/20 04,29,886
2011/10/20 05,21,834
2011/10/20 06,16,406
2011/10/20 07,7,124
2011/10/20 08,6,138
2011/10/20 09,9,161
2011/10/20 10,12,154
2011/10/20 11,12,111
2011/10/20 12,9,83
2011/10/20 13,7,77
2011/10/20 14,10,121
2011/10/20 15,19,214
2011/10/20 16,21,400
2011/10/20 17,17,443
2011/10/20 18,18,592
2011/10/20 19,19,768
2011/10/20 20,22,854
2011/10/20 21,29,1001
2011/10/20 22,28,803
2011/10/20 23,28,1221
2011/10/21 00,29,1173
2011/10/21 01,32,1342
2011/10/21 02,33,1353
2011/10/21 03,32,1355
2011/10/21 04,30,1154
2011/10/21 05,21,1297
2011/10/21 06,19,1005
2011/10/21 07,15,333
2011/10/21 08,11,299
2011/10/21 09,9,88
2011/10/21 10,7,81
2011/10/21 11,5,96
2011/10/21 12,7,102
2011/10/21 13,9,99
2011/10/21 14,9,133
2011/10/21 15,10,258
2011/10/21 16,14,440
2011/10/21 17,13,461
2011/10/21 18,15,573
2011/10/21 19,20,827
2011/10/21 20,23,1001
2011/10/21 21,26,1034
2011/10/21 22,22,978
2011/10/21 23,18,590
2011/10/22 00,26,683
2011/10/22 01,31,583
2011/10/22 02,30,650
2011/10/22 03,33,1058
2011/10/22 04,26,663
2011/10/22 05,23,536
2011/10/22 06,22,290
2011/10/22 07,16,244
2011/10/22 08,16,261
2011/10/22 09,8,199
2011/10/22 10,8,163
2011/10/22 11,9,92
2011/10/22 12,9,87
2011/10/22 13,9,100
2011/10/22 14,14,172
2011/10/22 15,16,230
2011/10/22 16,15,308
2011/10/22 17,16,535
2011/10/22 18,19,635
2011/10/22 19,18,549
2011/10/22 20,23,777
2011/10/22 21,17,848
2011/10/22 22,24,910
2011/10/22 23,26,1112
2011/10/23 00,25,1239
2011/10/23 01,24,545
2011/10/23 02,29,774
2011/10/23 03,35,670
2011/10/23 04,37,1025
2011/10/23 05,32,1192
2011/10/23 06,30,1142
2011/10/23 07,21,645
2011/10/23 08,18,524
2011/10/23 09,14,289
2011/10/23 10,13,105
2011/10/23 11,12,117
2011/10/23 12,10,124
2011/10/23 13,8,77
2011/10/23 14,9,113
2011/10/23 15,11,312
2011/10/23 16,13,454
2011/10/23 17,14,572
2011/10/23 18,24,870
2011/10/23 19,26,815
2011/10/23 20,23,839
2011/10/23 21,20,1172
2011/10/23 22,26,1355
2011/10/23 23,24,1115
2011/10/24 00,27,1352
2011/10/24 01,30,1338
2011/10/24 02,36,1540
2011/10/24 03,29,1622
2011/10/24 04,24,1010
2011/10/24 05,18,756
2011/10/24 06,12,400
2011/10/24 07,9,215
2011/10/24 08,9,184
2011/10/24 09,10,252
2011/10/24 10,9,203
2011/10/24 11,6,74
2011/10/24 12,6,62
2011/10/24 13,10,124
2011/10/24 14,16,266
2011/10/24 15,14,235
2011/10/24 16,15,223
2011/10/24 17,15,159
2011/10/24 18,15,204
2011/10/24 19,21,715
2011/10/24 20,25,838
2011/10/24 21,25,980
2011/10/24 22,30,966
2011/10/24 23,33,1061
2011/10/25 00,36,1423
2011/10/25 01,32,1390
2011/10/25 02,33,1632
2011/10/25 03,29,1478
2011/10/25 04,28,1377
2011/10/25 05,24,1105
2011/10/25 06,16,388
2011/10/25 07,12,305
2011/10/25 08,6,126
2011/10/25 09,5,74
2011/10/25 10,5,48
2011/10/25 11,8,64
2011/10/25 12,10,78
2011/10/25 13,10,84
2011/10/25 14,9,74
2011/10/25 15,12,126
2011/10/25 16,17,221
2011/10/25 17,21,374
2011/10/25 18,21,658
2011/10/25 19,26,708
2011/10/25 20,27,869
2011/10/25 21,30,1108
2011/10/25 22,30,903
2011/10/25 23,27,1042
2011/10/26 00,30,1186
2011/10/26 01,35,1302
2011/10/26 02,37,1577
2011/10/26 03,38,1592
2011/10/26 04,26,1482
2011/10/26 05,25,1080
2011/10/26 06,23,695
2011/10/26 07,14,433
2011/10/26 08,12,267
2011/10/26 09,9,183
2011/10/26 10,10,181
2011/10/26 11,9,221
2011/10/26 12,8,141
2011/10/26 13,9,87
2011/10/26 14,11,130
2011/10/26 15,9,201
2011/10/26 16,13,251
2011/10/26 17,16,259
2011/10/26 18,19,375
2011/10/26 19,23,403
2011/10/26 20,24,553
2011/10/26 21,21,474
2011/10/26 22,20,500
2011/10/26 23,23,1373
2011/10/27 00,28,1453
2011/10/27 01,31,1207
2011/10/27 02,27,1512
2011/10/27 03,27,1152
2011/10/27 04,26,1209
2011/10/27 05,19,682
2011/10/27 06,14,378
2011/10/27 07,13,239
2011/10/27 08,11,199
2011/10/27 09,10,187
2011/10/27 10,8,124
2011/10/27 11,8,107
2011/10/27 12,5,105
2011/10/27 13,11,110
2011/10/27 14,12,205
2011/10/27 15,12,311
2011/10/27 16,16,336
2011/10/27 17,15,325
2011/10/27 18,21,350
2011/10/27 19,26,891
2011/10/27 20,26,1124
2011/10/27 21,19,1015
2011/10/27 22,21,1231
2011/10/27 23,17,1215
2011/10/28 00,22,1302
2011/10/28 01,30,1439
2011/10/28 02,30,1446
2011/10/28 03,33,1570
2011/10/28 04,32,1472
2011/10/28 05,26,679
2011/10/28 06,25,907
2011/10/28 07,23,515
2011/10/28 08,15,472
2011/10/28 09,13,273
2011/10/28 10,11,138
2011/10/28 11,12,139
2011/10/28 12,11,167
2011/10/28 13,9,207
2011/10/28 14,7,140
2011/10/28 15,9,205
2011/10/28 16,15,322
2011/10/28 17,15,434
2011/10/28 18,13,472
2011/10/28 19,15,537
2011/10/28 20,23,711
2011/10/28 21,18,264
2011/10/28 22,25,654
2011/10/28 23,27,626
2011/10/29 00,25,495
2011/10/29 01,28,544
2011/10/29 02,40,1069
2011/10/29 03,37,1081
2011/10/29 04,38,1023
2011/10/29 05,32,782
2011/10/29 06,28,791
2011/10/29 07,16,610
2011/10/29 08,17,393
2011/10/29 09,14,301
2011/10/29 10,11,93
2011/10/29 11,7,58
2011/10/29 12,10,140
2011/10/29 13,12,204
2011/10/29 14,13,292
2011/10/29 15,18,350
2011/10/29 16,24,401
2011/10/29 17,23,758
2011/10/29 18,25,847
2011/10/29 19,29,905
2011/10/29 20,32,1130
2011/10/29 21,31,1070
2011/10/29 22,30,1161
2011/10/29 23,29,1111
2011/10/30 00,27,1012
2011/10/30 01,27,1095
2011/10/30 02,31,1167
2011/10/30 03,28,852
2011/10/30 04,30,907
2011/10/30 05,26,682
2011/10/30 06,28,728
2011/10/30 07,24,490
2011/10/30 08,19,342
2011/10/30 09,17,288
2011/10/30 10,17,264
2011/10/30 11,15,275
2011/10/30 12,10,231
2011/10/30 13,10,286
2011/10/30 14,9,287
2011/10/30 15,11,340
2011/10/30 16,13,328
2011/10/30 17,24,794
2011/10/30 18,23,1188
2011/10/30 19,25,1103
2011/10/30 20,22,1198
2011/10/30 21,23,1779
2011/10/30 22,20,1234
2011/10/30 23,21,1271
2011/10/31 00,25,1310
2011/10/31 01,25,1098
2011/10/31 02,21,1191
2011/10/31 03,23,1045
2011/10/31 04,18,757
2011/10/31 05,18,851
2011/10/31 06,18,478
2011/10/31 07,17,168
2011/10/31 08,13,160
2011/10/31 09,11,126
2011/10/31 10,11,158
2011/10/31 11,9,104
2011/10/31 12,7,119
2011/10/31 13,4,85
2011/10/31 14,5,141
2011/10/31 15,8,207
2011/10/31 16,11,427
2011/10/31 17,11,463
2011/10/31 18,13,526
2011/10/31 19,15,651
2011/10/31 20,18,612
2011/10/31 21,22,913
2011/10/31 22,26,969
2011/10/31 23,26,1022
2011/11/01 00,24,1132
2011/11/01 01,32,1393
2011/11/01 02,35,1423
2011/11/01 03,31,1661
2011/11/01 04,23,1956
2011/11/01 05,16,813
2011/11/01 06,20,640
2011/11/01 07,16,438
2011/11/01 08,14,236
2011/11/01 09,11,186
2011/11/01 10,7,212
2011/11/01 11,3,114
2011/11/01 12,6,142
2011/11/01 13,6,83
2011/11/01 14,8,137
2011/11/01 15,12,220
2011/11/01 16,15,536
2011/11/03 15,12,267
2011/11/03 16,13,388
2011/11/03 17,14,526
2011/11/03 18,16,669
2011/11/03 19,20,929
2011/11/03 20,21,722
2011/11/03 21,26,780
2011/11/03 22,28,825
2011/11/03 23,24,765
2011/11/04 00,19,771
2011/11/04 01,31,1208
2011/11/04 02,31,1328
2011/11/04 03,30,1099
2011/11/04 04,28,1073
2011/11/04 05,26,1151
2011/11/04 06,20,860
2011/11/04 07,16,864
2011/11/04 08,11,918
2011/11/04 09,7,268
2011/11/04 10,8,78
2011/11/04 11,10,93
2011/11/04 12,9,71
2011/11/04 13,8,68
2011/11/04 14,6,101
2011/11/04 15,9,209
2011/11/04 16,9,239
2011/11/04 17,13,589
2011/11/04 18,17,607
2011/11/04 19,21,703
2011/11/04 20,19,759
2011/11/04 21,23,663
2011/11/04 22,25,971
2011/11/04 23,27,1065
2011/11/05 00,30,1093
2011/11/05 01,32,1160
2011/11/05 02,28,1075
2011/11/05 03,28,1349
2011/11/05 04,30,1439
2011/11/05 05,30,1295
2011/11/05 06,29,1202
2011/11/05 07,21,734
2011/11/05 08,12,621
2011/11/05 09,9,556
2011/11/05 10,7,119
2011/11/05 11,8,138
2011/11/05 12,9,101
2011/11/05 13,11,113
2011/11/05 14,7,105
2011/11/05 15,9,194
2011/11/05 16,15,265
2011/11/05 17,16,354
2011/11/05 18,18,569
2011/11/05 19,23,713
2011/11/05 20,30,976
2011/11/05 21,29,971
2011/11/05 22,29,1054
2011/11/05 23,27,1069
2011/11/06 00,29,1038
2011/11/06 01,30,1195
2011/11/06 02,35,1234
2011/11/06 03,35,1286
2011/11/06 04,37,978
2011/11/06 05,36,1030
2011/11/06 06,31,1083
2011/11/06 07,26,693
2011/11/06 08,21,437
2011/11/06 09,20,491
2011/11/06 10,12,429
2011/11/06 11,11,290
2011/11/06 12,10,234
2011/11/06 13,8,213
2011/11/06 14,12,260
2011/11/06 15,10,320
2011/11/06 16,17,466
2011/11/06 17,14,626
2011/11/06 18,18,549
2011/11/06 19,22,763
2011/11/06 20,22,791
2011/11/06 21,22,933
2011/11/06 22,25,1055
2011/11/06 23,23,1054
2011/11/07 00,20,1150
2011/11/07 01,22,1175
2011/11/07 02,30,1562
2011/11/07 03,34,1312
2011/11/07 04,28,1370
2011/11/07 05,31,1246
2011/11/07 06,24,1302
2011/11/07 07,14,1237
2011/11/07 08,12,666
2011/11/07 09,9,236
2011/11/07 10,7,235
2011/11/07 11,7,273
2011/11/07 12,5,48
2011/11/07 13,3,53
2011/11/07 14,4,61
2011/11/07 15,9,134
2011/11/07 16,12,257
2011/11/07 17,14,355
2011/11/07 18,9,218
2011/11/07 19,10,139
2011/11/07 20,15,217
2011/11/07 21,14,559
2011/11/07 22,16,605
2011/11/07 23,22,664
2011/11/08 00,23,755
2011/11/08 01,23,924
2011/11/08 02,29,1160
2011/11/08 03,31,1211
2011/11/08 04,35,1282
2011/11/08 05,23,1133
2011/11/08 06,25,1067
2011/11/08 07,21,895
2011/11/08 08,17,181
2011/11/08 09,16,287
2011/11/08 10,13,123
2011/11/08 11,10,59
2011/11/08 12,7,54
2011/11/08 13,5,37
2011/11/08 14,3,22
2011/11/08 15,4,39
2011/11/08 16,6,77
2011/11/08 17,9,105
2011/11/08 18,9,105
2011/11/08 19,12,130
2011/11/08 20,11,370
2011/11/08 21,5,417
2011/11/08 22,9,548
2011/11/08 23,13,640
2011/11/09 00,18,980
2011/11/09 01,16,420
2011/11/09 02,21,744
2011/11/09 03,22,839
2011/11/09 04,22,728
2011/11/09 05,21,758
2011/11/09 06,20,720
2011/11/09 07,22,671
2011/11/09 08,15,490
2011/11/09 09,16,295
2011/11/09 10,16,205
2011/11/09 11,11,120
2011/11/09 12,8,77
2011/11/09 13,7,85
2011/11/09 14,5,48
2011/11/09 15,7,46
2011/11/09 16,9,57
2011/11/09 17,8,121
2011/11/09 18,10,164
2011/11/09 19,10,243
2011/11/09 20,12,420
2011/11/09 21,10,492
2011/11/09 22,9,198
2011/11/09 23,13,278
2011/11/10 00,16,371
2011/11/10 01,17,505
2011/11/10 02,20,498
2011/11/10 03,21,473
2011/11/10 04,25,631
2011/11/10 05,29,703
2011/11/10 06,31,829
2011/11/10 07,25,622
2011/11/10 08,18,799
2011/11/10 09,11,389
2011/11/10 10,10,483
2011/11/10 11,10,100
2011/11/10 12,11,101
2011/11/10 13,11,96
2011/11/10 14,7,64
2011/11/10 15,6,75
2011/11/10 16,7,71
2011/11/10 17,7,50
2011/11/10 18,10,98
2011/11/10 19,10,145
2011/11/10 20,12,111
2011/11/10 21,14,162
2011/11/10 22,12,193
2011/11/10 23,19,442
2011/11/11 00,17,291
2011/11/11 01,15,350
2011/11/11 02,14,305
2011/11/11 03,20,375
2011/11/11 04,22,703
2011/11/11 05,25,694
2011/11/11 06,21,638
2011/11/11 07,22,662
2011/11/11 08,17,454
2011/11/11 09,15,412
2011/11/11 10,12,186
2011/11/11 11,13,166
2011/11/11 12,13,116
2011/11/11 13,6,100
2011/11/11 14,7,108
2011/11/11 15,7,63
2011/11/11 16,7,87
2011/11/11 17,12,145
2011/11/11 18,13,194
2011/11/11 19,12,123
2011/11/11 20,17,279
2011/11/11 21,17,182
2011/11/11 22,20,235
2011/11/11 23,19,462
2011/11/12 00,21,406
2011/11/12 01,21,443
2011/11/12 02,15,511
2011/11/12 03,24,368
2011/11/12 04,25,415
2011/11/12 05,24,398
2011/11/12 06,23,370
2011/11/12 07,20,270
2011/11/12 08,16,269
2011/11/12 09,17,195
2011/11/12 10,15,101
2011/11/12 11,11,100
2011/11/12 12,7,53
2011/11/12 13,8,47
2011/11/12 14,7,46
2011/11/12 15,9,98
2011/11/12 16,10,138
2011/11/12 17,10,181
2011/11/12 18,12,227
2011/11/12 19,10,204
2011/11/12 20,17,353
2011/11/12 21,13,224
2011/11/12 22,19,322
2011/11/12 23,18,431
2011/11/13 00,18,478
2011/11/13 01,16,497
2011/11/13 02,21,536
2011/11/13 03,21,479
2011/11/13 04,24,656
2011/11/13 05,25,501
2011/11/13 06,22,493
2011/11/13 07,18,385
2011/11/13 08,15,316
2011/11/13 12,3,66
2011/11/13 13,9,121
2011/11/13 14,10,132
2011/11/13 15,9,189
2011/11/13 16,9,120
2011/11/13 17,11,167
2011/11/13 18,11,146
2011/11/13 19,10,243
2011/11/13 20,15,225
2011/11/13 21,16,446
2011/11/13 22,14,245
2011/11/13 23,14,416
2011/11/14 00,16,494
2011/11/14 01,21,625
2011/11/14 02,18,665
2011/11/14 03,23,871
2011/11/14 04,22,988
2011/11/14 05,15,430
2011/11/14 06,18,458
2011/11/14 07,15,376
2011/11/14 08,12,177
2011/11/14 09,9,142
2011/11/14 10,6,159
2011/11/14 11,5,108
2011/11/14 12,6,126
2011/11/14 13,6,103
2011/11/14 14,6,69
2011/11/14 15,6,68
2011/11/14 16,5,102
2011/11/14 17,9,211
2011/11/14 18,11,320
2011/11/14 19,13,492
2011/11/14 20,14,1169
2011/11/14 21,17,997
2011/11/14 22,19,653
2011/11/14 23,19,620
2011/11/15 00,19,438
2011/11/15 01,19,491
2011/11/15 02,20,890
2011/11/15 03,23,907
2011/11/15 04,23,816
2011/11/15 05,26,808
2011/11/15 06,25,860
2011/11/15 07,23,690
2011/11/15 08,22,584
2011/11/15 09,23,563
2011/11/15 10,20,249
2011/11/15 11,14,208
2011/11/15 12,16,229
2011/11/15 13,18,258
2011/11/15 14,18,304
2011/11/15 15,20,335
2011/11/15 16,20,343
2011/11/15 17,22,477
2011/11/15 18,19,374
2011/11/15 19,22,398
2011/11/15 20,19,503
2011/11/15 21,24,493
2011/11/15 22,27,773
2011/11/15 23,30,459
2011/11/16 00,36,507
2011/11/16 01,34,642
2011/11/16 02,32,794
2011/11/16 03,33,960
2011/11/16 04,33,864
2011/11/16 05,31,944
2011/11/16 06,27,558
2011/11/16 07,21,520
2011/11/16 08,17,289
2011/11/16 09,12,242
2011/11/16 10,12,188
2011/11/16 11,11,206
2011/11/16 12,9,220
2011/11/16 13,8,202
2011/11/16 14,6,126
2011/11/16 15,12,183
2011/11/16 16,11,231
2011/11/16 17,13,267
2011/11/16 18,13,295
2011/11/16 19,13,327
2011/11/16 20,15,425
2011/11/16 21,18,470
2011/11/16 22,19,2700
2011/11/16 23,22,3021
2011/11/17 00,26,2105
2011/11/17 01,26,1254
2011/11/17 02,25,1023
2011/11/17 03,31,1347
2011/11/17 04,33,1301
2011/11/17 05,27,991
2011/11/17 06,20,963
2011/11/17 07,21,933
2011/11/17 08,20,764
2011/11/17 09,19,684
2011/11/17 10,12,300
2011/11/17 11,8,241
2011/11/17 12,7,216
2011/11/17 13,8,246
2011/11/17 14,8,196
2011/11/17 15,12,243
2011/11/17 16,12,333
2011/11/17 17,15,485
2011/11/17 18,18,387
2011/11/17 19,15,469
2011/11/17 20,20,705
2011/11/17 21,20,802
2011/11/17 22,25,649
2011/11/17 23,23,408
2011/11/18 00,28,484
2011/11/18 01,23,441
2011/11/18 02,30,1554
2011/11/18 03,27,1451
2011/11/18 04,28,853
2011/11/18 05,20,701
2011/11/18 06,22,347
2011/11/18 07,16,395
2011/11/18 08,9,295
2011/11/18 09,10,189
2011/11/18 10,10,208
2011/11/18 11,9,217
2011/11/18 12,9,265
2011/11/18 13,7,203
2011/11/18 14,8,220
2011/11/18 15,8,213
2011/11/18 16,10,252
2011/11/18 17,9,264
2011/11/18 18,11,276
2011/11/18 19,12,241
2011/11/18 20,8,178
2011/11/18 21,15,259
2011/11/18 22,18,363
2011/11/18 23,18,386
2011/11/19 00,13,480
2011/11/19 01,19,588
2011/11/19 02,18,486
2011/11/19 03,15,403
2011/11/19 04,19,249
2011/11/19 05,24,253
2011/11/19 06,21,228
2011/11/19 07,15,191
2011/11/19 08,16,217
2011/11/19 09,11,168
2011/11/19 10,12,90
2011/11/19 11,10,81
2011/11/19 12,8,77
2011/11/19 13,9,70
2011/11/19 14,8,76
2011/11/19 15,5,83
2011/11/19 16,6,160
2011/11/19 17,10,410
2011/11/19 18,12,478
2011/11/19 19,17,642
2011/11/19 20,19,709
2011/11/19 21,19,616
2011/11/19 22,20,513
2011/11/19 23,20,526
2011/11/20 00,21,476
2011/11/20 01,22,495
2011/11/20 02,18,470
2011/11/20 03,15,483
2011/11/20 04,15,375
2011/11/20 05,25,270
2011/11/20 06,24,290
2011/11/20 07,24,278
2011/11/20 08,22,261
2011/11/20 09,16,227
2011/11/20 10,14,240
2011/11/20 11,11,193
2011/11/20 12,6,197
2011/11/20 13,8,225
2011/11/20 14,6,186
2011/11/20 15,7,244
2011/11/20 16,7,221
2011/11/20 17,7,257
2011/11/20 18,9,334
2011/11/20 19,13,470
2011/11/20 20,11,571
2011/11/20 21,10,534
2011/11/20 22,11,1049
2011/11/20 23,14,1024
2011/11/21 00,17,838
2011/11/21 01,20,230
2011/11/21 02,24,270
2011/11/21 03,24,262
2011/11/21 04,28,294
2011/11/21 05,22,292
2011/11/21 06,17,277
2011/11/21 07,12,188
2011/11/21 08,17,193
2011/11/21 09,11,139
2011/11/21 10,6,105
2011/11/21 11,4,91
2011/11/21 12,3,92
2011/11/21 13,2,79
2011/11/21 14,5,123
2011/11/21 15,5,124
2011/11/21 16,7,175
2011/11/21 17,7,167
2011/11/21 18,7,117
2011/11/21 19,9,143
2011/11/21 20,15,256
2011/11/21 21,20,277
2011/11/21 22,19,395
2011/11/21 23,22,3295
2011/11/22 00,18,3686
2011/11/22 01,15,2733
2011/11/22 02,21,764
2011/11/22 03,18,634
2011/11/22 04,18,273
2011/11/22 05,18,406
2011/11/22 06,19,517
2011/11/22 07,11,269
2011/11/22 08,9,201
2011/11/22 09,8,117
2011/11/22 10,8,223
2011/11/22 11,7,118
2011/11/22 12,6,117
2011/11/22 13,3,14
2011/11/22 14,3,20
2011/11/22 15,4,99
2011/11/22 16,7,197
2011/11/22 17,14,482
2011/11/22 18,16,502
2011/11/22 19,15,540
2011/11/22 20,16,592
2011/11/22 21,17,498
2011/11/22 22,24,3152
2011/11/22 23,23,5283
2011/11/23 00,19,4490
2011/11/23 01,22,979
2011/11/23 02,27,945
2011/11/23 03,31,866
2011/11/23 04,25,910
2011/11/23 05,30,1037
2011/11/23 06,29,840
2011/11/23 07,22,674
2011/11/23 08,18,597
2011/11/23 09,14,219
2011/11/23 10,13,213
2011/11/23 11,10,194
2011/11/23 12,7,148
2011/11/23 13,5,154
2011/11/23 14,7,197
2011/11/23 15,10,110
2011/11/23 16,13,175
2011/11/23 17,15,235
2011/11/23 18,15,297
2011/11/23 19,19,357
2011/11/23 20,22,416
2011/11/23 21,20,491
2011/11/23 22,22,664
2011/11/23 23,24,614
2011/11/24 00,20,690
2011/11/24 01,25,582
2011/11/24 02,24,623
2011/11/24 03,27,653
2011/11/24 04,26,935
2011/11/24 05,31,1019
2011/11/24 06,30,1375
2011/11/24 07,23,1030
2011/11/24 08,17,411
2011/11/24 09,13,226
2011/11/24 10,9,114
2011/11/24 11,9,111
2011/11/24 12,9,93
2011/11/24 13,7,61
2011/11/24 14,7,71
2011/11/24 15,7,89
2011/11/24 16,9,107
2011/11/24 17,15,173
2011/11/24 18,14,153
2011/11/24 19,14,175
2011/11/24 20,17,203
2011/11/24 21,15,196
2011/11/24 22,12,135
2011/11/24 23,14,163
2011/11/25 00,10,132
2011/11/25 01,12,135
2011/11/25 02,12,161
2011/11/25 03,17,191
2011/11/25 04,18,402
2011/11/25 05,18,648
2011/11/25 06,24,774
2011/11/25 07,25,760
2011/11/25 08,18,282
2011/11/25 09,16,188
2011/11/25 10,12,176
2011/11/25 11,6,70
2011/11/25 12,9,89
2011/11/25 13,8,79
2011/11/25 14,8,96
2011/11/25 15,8,103
2011/11/25 16,12,141
2011/11/25 17,16,186
2011/11/25 18,15,306
2011/11/25 19,13,248
2011/11/25 20,17,262
2011/11/25 21,15,181
2011/11/25 22,18,392
2011/11/25 23,22,467
2011/11/26 00,28,579
2011/11/26 01,26,552
2011/11/26 02,28,354
2011/11/26 03,32,533
2011/11/26 04,30,509
2011/11/26 05,30,488
2011/11/26 06,28,428
2011/11/26 07,26,473
2011/11/26 08,25,400
2011/11/26 09,20,253
2011/11/26 10,20,238
2011/11/26 11,19,170
2011/11/26 12,17,120
2011/11/26 13,15,118
2011/11/26 14,14,110
2011/11/26 15,13,100
2011/11/26 16,12,167
2011/11/26 17,16,207
2011/11/26 18,14,192
2011/11/26 19,16,256
2011/11/26 20,16,235
2011/11/26 21,20,266
2011/11/26 22,20,369
2011/11/26 23,22,698
2011/11/27 00,20,750
2011/11/27 01,23,782
2011/11/27 02,30,814
2011/11/27 03,33,893
2011/11/27 04,33,667
2011/11/27 05,33,616
2011/11/27 06,30,583
2011/11/27 07,22,360
2011/11/27 08,17,423
2011/11/27 09,15,432
2011/11/27 10,14,300
2011/11/27 11,11,175
2011/11/27 12,11,116
2011/11/27 13,10,83
2011/11/27 14,8,85
2011/11/27 15,6,73
2011/11/27 16,12,133
2011/11/27 17,14,193
2011/11/27 18,16,243
2011/11/27 19,17,282
2011/11/27 20,20,318
2011/11/27 21,20,679
2011/11/27 22,20,697
2011/11/27 23,19,616
2011/11/28 00,20,732
2011/11/28 01,19,812
2011/11/28 02,24,844
2011/11/28 03,28,1087
2011/11/28 04,28,961
2011/11/28 05,25,871
2011/11/28 06,19,819
2011/11/28 07,12,281
2011/11/28 08,10,215
2011/11/28 09,13,186
2011/11/28 10,12,109
2011/11/28 11,11,103
2011/11/28 12,7,92
2011/11/28 13,6,76
2011/11/28 14,6,88
2011/11/28 15,10,118
2011/11/28 16,11,191
2011/11/28 17,14,203
2011/11/28 18,12,205
2011/11/28 19,15,406
2011/11/28 20,12,589
2011/11/28 21,14,657
2011/11/28 22,16,671
2011/11/28 23,16,1035
2011/11/29 00,15,984
2011/11/29 01,14,886
2011/11/29 02,22,1042
2011/11/29 03,23,750
2011/11/29 04,21,715
2011/11/29 05,20,459
2011/11/29 06,22,670
2011/11/29 07,13,633
2011/11/29 08,14,295
2011/11/29 09,17,269
2011/11/29 10,14,176
2011/11/29 11,8,118
2011/11/29 12,10,123
2011/11/29 13,8,85
2011/11/29 14,8,106
2011/11/29 15,8,151
2011/11/29 16,10,193
2011/11/29 17,9,231
2011/11/29 18,7,152
2011/11/29 19,5,188
2011/11/29 20,8,261
2011/11/29 21,11,245
2011/11/29 22,12,303
2011/11/29 23,19,674
2011/11/30 00,16,557
2011/11/30 01,22,556
2011/11/30 02,26,672
2011/11/30 03,26,1020
2011/11/30 04,26,915
2011/11/30 05,22,766
2011/11/30 06,14,693
2011/11/30 07,17,747
2011/11/30 08,15,671
2011/11/30 09,13,342
2011/11/30 10,9,358
2011/11/30 11,7,92
2011/11/30 12,6,91
2011/11/30 13,7,77
2011/11/30 14,10,134
2011/11/30 15,11,198
2011/11/30 16,7,143
2011/11/30 17,8,185
2011/11/30 18,8,180
2011/11/30 19,10,437
2011/11/30 20,15,529
2011/11/30 21,16,758
2011/11/30 22,17,816
2011/11/30 23,17,445
2011/12/01 00,23,666
2011/12/01 01,20,602
2011/12/01 02,19,677
2011/12/01 03,18,1092
2011/12/01 04,24,1314
2011/12/01 05,21,1260
2011/12/01 06,21,1059
2011/12/01 07,17,799
2011/12/01 08,13,786
2011/12/01 09,11,91
2011/12/01 10,9,104
2011/12/01 11,7,136
2011/12/01 12,6,74
2011/12/01 13,5,98
2011/12/01 14,6,121
2011/12/01 15,7,131
2011/12/01 16,8,168
2011/12/01 17,11,200
2011/12/01 18,6,138
2011/12/01 19,6,140
2011/12/01 20,10,164
2011/12/01 21,14,475
2011/12/01 22,21,797
2011/12/01 23,20,906
2011/12/02 00,20,901
2011/12/02 01,21,1119
2011/12/02 02,25,1707
2011/12/02 03,31,1723
2011/12/02 04,29,1090
2011/12/02 05,29,1132
2011/12/02 06,23,1098
2011/12/02 07,19,886
2011/12/02 08,13,238
2011/12/02 09,13,222
2011/12/02 10,10,170
2011/12/02 11,11,120
2011/12/02 12,10,118
2011/12/02 13,12,117
2011/12/02 14,8,96
2011/12/02 15,7,112
2011/12/02 16,9,146
2011/12/02 17,11,195
2011/12/02 18,12,180
2011/12/02 19,12,150
2011/12/02 20,17,567
2011/12/02 21,19,424
2011/12/02 22,21,474
2011/12/02 23,23,912
2011/12/03 00,23,902
2011/12/03 01,25,975
2011/12/03 02,26,1359
2011/12/03 03,32,613
2011/12/03 04,28,550
2011/12/03 05,34,623
2011/12/03 06,38,821
2011/12/03 07,37,758
2011/12/03 08,31,646
2011/12/03 09,24,512
2011/12/03 10,23,460
2011/12/03 11,19,271
2011/12/03 12,14,205
2011/12/03 13,11,110
2011/12/03 14,13,125
2011/12/03 15,10,167
2011/12/03 16,9,184
2011/12/03 17,9,186
2011/12/03 18,8,184
2011/12/03 19,10,233
2011/12/03 20,16,265
2011/12/03 21,20,810
2011/12/03 22,18,890
2011/12/03 23,23,1089
2011/12/04 00,26,1092
2011/12/04 01,24,2636
2011/12/04 02,27,1685
2011/12/04 03,33,1767
2011/12/04 04,32,1955
2011/12/04 05,39,1058
2011/12/04 06,36,1432
2011/12/04 07,31,818
2011/12/04 08,21,710
2011/12/04 09,17,622
2011/12/04 10,13,317
2011/12/04 11,11,219
2011/12/04 12,13,176
2011/12/04 13,10,127
2011/12/04 14,12,133
2011/12/04 15,11,175
2011/12/04 16,12,221
2011/12/04 17,15,266
2011/12/04 18,16,360
2011/12/04 19,24,472
2011/12/04 20,25,411
2011/12/04 21,30,781
2011/12/04 22,22,743
2011/12/04 23,23,986
2011/12/05 00,24,869
2011/12/05 01,35,1008
2011/12/05 02,33,1004
2011/12/05 03,25,1027
2011/12/05 04,29,1162
2011/12/05 05,28,1157
2011/12/05 06,18,589
2011/12/05 07,17,512
2011/12/05 08,13,354
2011/12/05 09,9,378
2011/12/05 10,8,420
2011/12/05 11,7,83
2011/12/05 12,7,76
2011/12/05 13,6,52
2011/12/05 14,9,78
2011/12/05 15,9,149
2011/12/05 16,11,189
2011/12/05 17,16,206
2011/12/05 18,15,214
2011/12/05 19,16,397
2011/12/05 20,19,652
2011/12/05 21,17,731
2011/12/05 22,24,961
2011/12/05 23,29,841
2011/12/06 00,37,1088
2011/12/06 01,41,1140
2011/12/06 02,36,1258
2011/12/06 03,41,1355
2011/12/06 04,38,1170
2011/12/06 05,34,1319
2011/12/06 06,27,774
2011/12/06 07,23,604
2011/12/06 08,24,563
2011/12/06 09,23,615
2011/12/06 10,15,304
2011/12/06 11,13,253
2011/12/06 12,13,361
2011/12/06 13,11,286
2011/12/06 14,8,215
2011/12/06 15,8,250
2011/12/06 16,5,59
2011/12/06 17,9,102
2011/12/06 18,11,132
2011/12/06 19,16,161
2011/12/06 20,21,555
2011/12/06 21,27,1398
2011/12/06 22,31,2358
2011/12/06 23,29,2664
2011/12/07 00,31,2206
2011/12/07 01,30,1697
2011/12/07 02,34,1738
2011/12/07 03,33,1001
2011/12/07 04,32,993
2011/12/07 05,29,13151
2011/12/07 06,30,1264
2011/12/07 07,34,760
2011/12/07 08,29,722
2011/12/07 09,23,452
2011/12/07 10,18,317
2011/12/07 11,11,231
2011/12/07 12,9,101
2011/12/07 13,8,93
2011/12/07 14,10,123
2011/12/07 15,12,167
2011/12/07 16,10,209
2011/12/07 17,9,236
2011/12/07 18,9,215
2011/12/07 19,10,548
2011/12/07 20,19,608
2011/12/07 21,25,1398
2011/12/07 22,30,1325
2011/12/07 23,25,2854
2011/12/08 00,22,3010
2011/12/08 01,29,926
2011/12/08 02,32,987
2011/12/08 03,33,1332
2011/12/08 04,36,1132
2011/12/08 05,36,971
2011/12/08 06,39,1402
2011/12/08 07,32,1261
2011/12/08 08,26,766
2011/12/08 09,23,563
2011/12/08 10,14,399
2011/12/08 11,11,370
2011/12/08 12,9,173
2011/12/08 13,10,104
2011/12/08 14,12,149
2011/12/08 15,10,173
2011/12/08 16,8,185
2011/12/08 17,5,190
2011/12/08 18,12,515
2011/12/08 19,16,496
2011/12/08 20,22,646
2011/12/08 21,21,775
2011/12/08 22,23,899
2011/12/08 23,21,1048
2011/12/09 00,26,1201
2011/12/09 01,31,1026
2011/12/09 02,28,1080
2011/12/09 03,34,1482
2011/12/09 04,36,1542
2011/12/09 05,38,1367
2011/12/09 06,35,1348
2011/12/09 07,26,799
2011/12/09 08,25,1124
2011/12/09 09,20,943
2011/12/09 10,15,424
2011/12/09 11,13,259
2011/12/09 12,12,216
2011/12/09 13,8,209
2011/12/09 14,4,192
2011/12/09 15,9,258
2011/12/09 16,8,161
2011/12/09 17,14,200
2011/12/09 18,19,532
2011/12/09 19,14,643
2011/12/09 20,14,609
2011/12/09 21,17,709
2011/12/09 22,22,344
2011/12/09 23,31,471
2011/12/10 00,32,729
2011/12/10 01,30,782
2011/12/10 02,28,743
2011/12/10 03,38,1193
2011/12/10 04,42,1251
2011/12/10 05,42,1298
2011/12/10 06,45,1494
2011/12/10 07,40,1236
2011/12/10 08,28,1106
2011/12/10 09,23,626
2011/12/10 10,18,391
2011/12/10 11,18,369
2011/12/10 12,15,289
2011/12/10 13,9,411
2011/12/10 14,8,244
2011/12/10 15,11,323
2011/12/10 16,15,459
2011/12/10 17,13,351
2011/12/10 18,15,375
2011/12/10 19,19,601
2011/12/10 20,18,604
2011/12/10 21,22,714
2011/12/10 22,26,861
2011/12/10 23,26,699
2011/12/11 00,27,730
2011/12/11 01,33,1405
2011/12/11 02,34,869
2011/12/11 03,31,1024
2011/12/11 04,38,1079
2011/12/11 05,34,992
2011/12/11 06,31,1270
2011/12/11 07,37,1040
2011/12/11 08,35,978
2011/12/11 09,25,1045
2011/12/11 10,17,542
2011/12/11 11,14,185
2011/12/11 12,14,149
2011/12/11 13,11,109
2011/12/11 14,7,97
2011/12/11 15,12,225
2011/12/11 16,13,282
2011/12/11 17,13,317
2011/12/11 18,12,331
2011/12/11 19,18,390
2011/12/11 20,24,535
2011/12/11 21,24,518
2011/12/11 22,32,1235
2011/12/11 23,35,1354
2011/12/12 00,38,1202
2011/12/12 01,41,2166
2011/12/12 02,42,1840
2011/12/12 03,43,1142
2011/12/12 04,35,1226
2011/12/12 05,38,1222
2011/12/12 06,35,1226
2011/12/12 07,33,1065
2011/12/12 08,28,1015
2011/12/12 09,21,346
2011/12/12 10,17,307
2011/12/12 11,14,270
2011/12/12 12,10,225
2011/12/12 13,9,254
2011/12/12 14,6,342
2011/12/12 15,7,266
2011/12/12 16,9,335
2011/12/12 17,11,405
2011/12/12 18,9,431
2011/12/12 19,13,516
2011/12/12 20,20,714
2011/12/12 21,26,770
2011/12/12 22,31,551
2011/12/12 23,33,580
2011/12/13 00,36,994
2011/12/13 01,43,1167
2011/12/13 02,42,1740
2011/12/13 03,39,2079
2011/12/13 04,39,2181
2011/12/13 05,38,1972
2011/12/13 06,38,1149
2011/12/13 07,34,1036
2011/12/13 08,29,849
2011/12/13 09,24,246
2011/12/13 10,20,304
2011/12/13 11,17,211
2011/12/13 12,13,180
2011/12/13 13,9,204
2011/12/13 14,10,381
2011/12/13 15,7,227
2011/12/13 16,6,335
2011/12/13 17,5,296
2011/12/13 18,9,436
2011/12/13 19,7,314
2011/12/13 20,14,439
2011/12/13 21,20,526
2011/12/13 22,25,651
2011/12/13 23,24,908
2011/12/14 00,22,774
2011/12/14 01,23,862
2011/12/14 02,35,1206
2011/12/14 03,33,1090
2011/12/14 04,30,1068
2011/12/14 05,40,1441
2011/12/14 06,38,833
2011/12/14 07,37,865
2011/12/14 08,39,913
2011/12/14 09,28,523
2011/12/14 10,21,575
2011/12/14 11,13,312
2011/12/14 12,11,222
2011/12/14 13,10,137
2011/12/14 14,9,132
2011/12/14 15,14,336
2011/12/14 16,20,243
2011/12/14 17,16,289
2011/12/14 18,17,401
2011/12/14 19,20,806
2011/12/14 20,16,683
2011/12/14 21,21,804
2011/12/14 22,29,2269
2011/12/14 23,28,2019
2011/12/15 00,27,1057
2011/12/15 01,35,1031
2011/12/15 02,34,1206
2011/12/15 03,37,1353
2011/12/15 04,42,1177
2011/12/15 05,42,1192
2011/12/15 06,36,1137
2011/12/15 07,30,888
2011/12/15 08,23,756
2011/12/15 09,21,574
2011/12/15 10,16,399
2011/12/15 11,14,188
2011/12/15 12,12,170
2011/12/15 13,7,73
2011/12/15 14,6,104
2011/12/15 15,9,250
2011/12/15 16,10,197
2011/12/15 17,13,500
2011/12/15 18,15,544
2011/12/15 19,16,705
2011/12/15 20,14,920
2011/12/15 21,15,731
2011/12/15 22,19,1197
2011/12/15 23,29,1230
2011/12/16 00,37,1395
2011/12/16 01,39,1670
2011/12/16 02,39,1082
2011/12/16 03,40,1125
2011/12/16 04,40,1245
2011/12/16 05,46,866
2011/12/16 06,44,1501
2011/12/16 07,36,923
2011/12/16 08,29,1385
2011/12/16 09,25,678
2011/12/16 10,21,542
2011/12/16 11,15,338
2011/12/16 12,12,241
2011/12/16 13,10,209
2011/12/16 14,8,162
2011/12/16 15,7,233
2011/12/16 16,5,303
2011/12/16 17,12,352
2011/12/16 18,15,301
2011/12/16 19,13,288
2011/12/16 20,21,272
2011/12/16 21,24,717
2011/12/16 22,28,1450
2011/12/16 23,27,864
2011/12/17 00,30,943
2011/12/17 01,31,1227
2011/12/17 02,34,1420
2011/12/17 03,38,1057
2011/12/17 04,45,1506
2011/12/17 05,52,1247
2011/12/17 06,46,1710
2011/12/17 07,44,1635
2011/12/17 08,34,974
2011/12/17 09,21,903
2011/12/17 10,15,713
2011/12/17 11,13,303
2011/12/17 12,12,213
2011/12/17 13,9,204
2011/12/17 14,14,282
2011/12/17 15,14,563
2011/12/17 16,12,352
2011/12/17 17,12,472
2011/12/17 18,16,949
2011/12/17 19,25,640
2011/12/17 20,28,684
2011/12/17 21,34,1583
2011/12/17 22,35,999
2011/12/17 23,32,1519
2011/12/18 00,37,1588
2011/12/18 01,33,1177
2011/12/18 02,29,1016
2011/12/18 03,32,1051
2011/12/18 04,34,669
2011/12/18 05,44,1297
2011/12/18 06,56,1576
2011/12/18 07,43,1391
2011/12/18 08,35,1675
2011/12/18 09,33,1216
2011/12/18 10,21,1057
2011/12/18 11,16,543
2011/12/18 12,10,220
2011/12/18 13,10,147
2011/12/18 14,10,367
2011/12/18 15,12,206
2011/12/18 16,9,192
2011/12/18 17,12,351
2011/12/18 18,16,460
2011/12/18 19,17,413
2011/12/18 20,31,596
2011/12/18 21,38,1487
2011/12/18 22,39,1680
2011/12/18 23,36,1632
2011/12/19 00,30,1310
2011/12/19 01,27,1792
2011/12/19 02,29,2424
2011/12/19 03,32,1472
2011/12/19 04,34,1965
2011/12/19 05,37,2053
2011/12/19 06,34,2036
2011/12/19 07,29,1469
2011/12/19 08,30,1127
2011/12/19 09,23,884
2011/12/19 10,18,369
2011/12/19 11,16,304
2011/12/19 12,8,150
2011/12/19 13,5,87
2011/12/19 14,10,112
2011/12/19 15,14,240
2011/12/19 16,11,287
2011/12/19 17,11,468
2011/12/19 18,13,374
2011/12/19 19,17,975
2011/12/19 20,14,972
2011/12/19 21,19,1296
2011/12/19 22,21,920
2011/12/19 23,25,851
2011/12/20 00,26,1228
2011/12/20 01,20,984
2011/12/20 02,26,1196
2011/12/20 03,36,1349
2011/12/20 04,38,1263
2011/12/20 05,40,1456
2011/12/20 06,33,886
2011/12/20 07,36,1008
2011/12/20 08,31,677
2011/12/20 09,22,593
2011/12/20 10,22,422
2011/12/20 11,16,316
2011/12/20 12,14,174
2011/12/20 13,14,149
2011/12/20 14,11,651
2011/12/20 15,13,677
2011/12/20 16,10,533
2011/12/20 17,14,295
2011/12/20 18,14,410
2011/12/20 19,14,936
2011/12/20 20,14,1129
2011/12/20 21,24,1214
2011/12/20 22,30,1267
2011/12/20 23,30,1457
2011/12/21 00,32,1810
2011/12/21 01,31,1729
2011/12/21 02,39,1757
2011/12/21 03,37,1512
2011/12/21 04,42,1578
2011/12/21 05,41,1303
2011/12/21 06,39,1092
2011/12/21 07,31,889
2011/12/21 08,31,654
2011/12/21 09,35,524
2011/12/21 10,25,507
2011/12/21 11,20,576
2011/12/21 12,10,317
2011/12/21 13,9,108
2011/12/21 14,10,119
2011/12/21 15,12,281
2011/12/21 16,5,124
2011/12/21 17,9,189
2011/12/21 18,14,496
2011/12/21 19,17,792
2011/12/21 20,21,657
2011/12/21 21,21,894
2011/12/21 22,26,1800
2011/12/21 23,22,1166
2011/12/22 00,25,973
2011/12/22 01,28,1640
2011/12/22 02,31,1903
2011/12/22 03,34,1615
2011/12/22 04,40,1762
2011/12/22 05,37,1279
2011/12/22 06,35,1037
2011/12/22 07,38,938
2011/12/22 08,35,1001
2011/12/22 09,28,983
2011/12/22 10,21,442
2011/12/22 11,14,510
2011/12/22 12,17,336
2011/12/22 13,11,163
2011/12/22 14,15,173
2011/12/22 15,12,158
2011/12/22 16,12,152
2011/12/22 17,11,172
2011/12/22 18,12,377
2011/12/22 19,16,455
2011/12/22 20,23,536
2011/12/22 21,25,564
2011/12/22 22,29,867
2011/12/22 23,34,891
2011/12/23 00,27,1318
2011/12/23 01,26,1268
2011/12/23 02,26,1229
2011/12/23 03,26,1571
2011/12/23 04,35,1332
2011/12/23 05,40,1301
2011/12/23 06,38,1322
2011/12/23 07,35,817
2011/12/23 08,33,959
2011/12/23 09,26,1214
2011/12/23 10,24,537
2011/12/23 11,22,416
2011/12/23 12,16,201
2011/12/23 13,13,115
2011/12/23 14,13,157
2011/12/23 15,14,233
2011/12/23 16,14,222
2011/12/23 17,18,224
2011/12/23 18,17,266
2011/12/23 19,15,250
2011/12/23 20,22,635
2011/12/23 21,26,679
2011/12/23 22,31,752
2011/12/23 23,38,1069
2011/12/24 00,37,1334
2011/12/24 01,27,1147
2011/12/24 02,29,779
2011/12/24 03,32,2209
2011/12/24 04,33,1465
2011/12/24 05,37,1280
2011/12/24 06,39,951
2011/12/24 07,36,1169
2011/12/24 08,35,936
2011/12/24 09,30,850
2011/12/24 10,25,536
2011/12/24 11,19,464
2011/12/24 12,13,551
2011/12/24 13,12,359
2011/12/24 14,9,146
2011/12/24 15,11,194
2011/12/24 16,11,219
2011/12/24 17,15,337
2011/12/24 18,13,388
2011/12/24 19,9,344
2011/12/24 20,17,828
2011/12/24 21,23,1232
2011/12/24 22,22,748
2011/12/24 23,25,588
2011/12/25 00,27,1006
2011/12/25 01,25,600
2011/12/25 02,24,529
2011/12/25 03,24,900
2011/12/25 04,24,779
2011/12/25 05,26,810
2011/12/25 06,23,749
2011/12/25 07,27,664
2011/12/25 08,24,684
2011/12/25 09,18,276
2011/12/25 10,17,327
2011/12/25 11,16,387
2011/12/25 12,10,221
2011/12/25 13,7,106
2011/12/25 14,6,89
2011/12/25 15,6,115
2011/12/25 16,13,171
2011/12/25 17,12,214
2011/12/25 18,14,216
2011/12/25 19,16,810
2011/12/25 20,16,532
2011/12/25 21,11,691
2011/12/25 22,15,987
2011/12/25 23,24,533
2011/12/26 00,26,506
2011/12/26 01,27,652
2011/12/26 02,40,687
2011/12/26 03,35,802
2011/12/26 04,37,1132
2011/12/26 05,42,720
2011/12/26 06,48,833
2011/12/26 07,42,878
2011/12/26 08,36,899
2011/12/26 09,26,755
2011/12/26 10,24,626
2011/12/26 11,15,426
2011/12/26 12,10,383
2011/12/26 13,8,253
2011/12/26 14,9,85
2011/12/26 15,3,69
2011/12/26 16,5,183
2011/12/26 17,10,218
2011/12/26 18,9,221
2011/12/26 19,14,249
2011/12/26 20,17,267
2011/12/26 21,20,1028
2011/12/26 22,22,478
2011/12/26 23,21,680
2011/12/27 00,29,766
2011/12/27 01,33,1262
2011/12/27 02,37,950
2011/12/27 03,38,1143
2011/12/27 04,47,1097
2011/12/27 05,44,1076
2011/12/27 06,44,1168
2011/12/27 07,41,1986
2011/12/27 08,45,1078
2011/12/27 09,36,838
2011/12/27 10,25,679
2011/12/27 11,17,547
2011/12/27 12,15,471
2011/12/27 13,12,393
2011/12/27 14,10,415
2011/12/27 15,9,397
2011/12/27 16,10,204
2011/12/27 17,12,156
2011/12/27 18,22,221
2011/12/27 19,20,242
2011/12/27 20,15,216
2011/12/27 21,26,453
2011/12/27 22,27,885
2011/12/27 23,31,891
2011/12/28 00,32,688
2011/12/28 01,35,679
2011/12/28 02,42,971
2011/12/28 03,41,1113
2011/12/28 04,36,959
2011/12/28 05,43,902
2011/12/28 06,43,935
2011/12/28 07,32,1054
2011/12/28 08,29,893
2011/12/28 09,25,1056
2011/12/28 10,23,475
2011/12/28 11,19,448
2011/12/28 12,14,318
2011/12/28 13,8,266
2011/12/28 14,9,217
2011/12/28 15,19,260
2011/12/28 16,17,221
2011/12/28 17,15,319
2011/12/28 18,18,404
2011/12/28 19,19,353
2011/12/28 20,26,607
2011/12/28 21,28,1117
2011/12/28 22,29,557
2011/12/28 23,33,819
2011/12/29 00,31,718
2011/12/29 01,33,1142
2011/12/29 02,40,1158
2011/12/29 03,46,879
2011/12/29 04,42,917
2011/12/29 05,44,1016
2011/12/29 06,45,934
2011/12/29 07,40,976
2011/12/29 08,33,1252
2011/12/29 09,33,1196
2011/12/29 10,25,725
2011/12/29 11,19,496
2011/12/29 12,18,302
2011/12/29 13,14,274
2011/12/29 14,14,237
2011/12/29 15,10,148
2011/12/29 16,10,121
2011/12/29 17,8,113
2011/12/29 18,13,207
2011/12/29 19,15,250
2011/12/29 20,18,793
2011/12/29 21,28,585
2011/12/29 22,36,665
2011/12/29 23,41,749
2011/12/30 00,42,736
2011/12/30 01,45,1028
2011/12/30 02,38,795
2011/12/30 03,41,936
2011/12/30 04,49,1467
2011/12/30 05,48,1343
2011/12/30 06,47,952
2011/12/30 07,38,821
2011/12/30 08,30,1475
2011/12/30 09,28,905
2011/12/30 10,28,789
2011/12/30 11,26,705
2011/12/30 12,18,750
2011/12/30 13,16,302
2011/12/30 14,13,260
2011/12/30 15,13,114
2011/12/30 16,14,153
2011/12/30 17,15,185
2011/12/30 18,19,261
2011/12/30 19,20,527
2011/12/30 20,29,470
2011/12/30 21,33,716
2011/12/30 22,31,562
2011/12/30 23,32,608
2011/12/31 00,36,1050
2011/12/31 01,48,1600
2011/12/31 02,43,1747
2011/12/31 03,45,1199
2011/12/31 04,46,1093
2011/12/31 05,43,965
2011/12/31 06,40,770
2011/12/31 07,34,861
2011/12/31 08,33,1119
2011/12/31 09,26,869
2011/12/31 10,26,690
2011/12/31 11,21,573
2011/12/31 12,16,391
2011/12/31 13,16,358
2011/12/31 14,15,456
2011/12/31 15,13,262
2011/12/31 16,18,386
2011/12/31 17,15,291
2011/12/31 18,18,448
2011/12/31 19,20,387
2011/12/31 20,28,434
2011/12/31 21,27,455
2011/12/31 22,28,506
2011/12/31 23,27,835
2012/01/01 00,25,766
2012/01/01 01,28,1277
2012/01/01 02,36,881
2012/01/01 03,40,738
2012/01/01 04,35,745
2012/01/01 05,30,673
2012/01/01 06,32,1340
2012/01/01 07,37,687
2012/01/01 08,30,666
2012/01/01 09,21,527
2012/01/01 10,23,394
2012/01/01 11,19,336
2012/01/01 12,23,590
2012/01/01 13,19,418
2012/01/01 14,18,217
2012/01/01 15,12,185
2012/01/01 16,12,198
2012/01/01 17,17,320
2012/01/01 18,19,388
2012/01/01 19,18,474
2012/01/01 20,19,724
2012/01/01 21,23,496
2012/01/01 22,24,586
2012/01/01 23,34,968
2012/01/02 00,34,2900
2012/01/02 01,38,1715
2012/01/02 02,34,1742
2012/01/02 03,35,1459
2012/01/02 04,34,1251
2012/01/02 05,38,1437
2012/01/02 06,48,1732
2012/01/02 07,37,1137
2012/01/02 08,41,1096
2012/01/02 09,37,1087
2012/01/02 10,28,1271
2012/01/02 11,21,715
2012/01/02 12,18,447
2012/01/02 13,13,171
2012/01/02 14,11,312
2012/01/02 15,10,178
2012/01/02 16,17,585
2012/01/02 17,15,404
2012/01/02 18,18,570
2012/01/02 19,24,753
2012/01/02 20,27,651
2012/01/02 21,28,542
2012/01/02 22,30,533
2012/01/02 23,31,593
2012/01/03 00,30,684
2012/01/03 01,31,744
2012/01/03 02,28,641
2012/01/03 03,42,901
2012/01/03 04,47,1200
2012/01/03 05,44,1369
2012/01/03 06,42,1460
2012/01/03 07,36,1356
2012/01/03 08,29,1399
2012/01/03 09,29,1158
2012/01/03 10,26,687
2012/01/03 11,21,652
2012/01/03 12,18,262
2012/01/03 13,19,287
2012/01/03 14,11,179
2012/01/03 15,12,321
2012/01/03 16,12,476
2012/01/03 17,13,493
2012/01/03 18,18,501
2012/01/03 19,20,577
2012/01/03 20,20,667
2012/01/03 21,26,827
2012/01/03 22,24,1047
2012/01/03 23,27,4319
2012/01/04 00,27,3940
2012/01/04 01,34,2558
2012/01/04 02,29,2134
2012/01/04 03,28,2111
2012/01/04 04,29,1805
2012/01/04 05,36,1538
2012/01/04 06,38,1033
2012/01/04 07,31,1069
2012/01/04 08,26,1303
2012/01/04 09,20,714
2012/01/04 10,17,506
2012/01/04 11,18,628
2012/01/04 12,14,553
2012/01/04 13,13,518
2012/01/04 14,12,275
2012/01/04 15,11,331
2012/01/04 16,11,223
2012/01/04 17,13,239
2012/01/04 18,18,624
2012/01/04 19,16,698
2012/01/04 20,17,674
2012/01/04 21,23,786
2012/01/04 22,26,986
2012/01/04 23,28,963
2012/01/05 00,29,1036
2012/01/05 01,28,982
2012/01/05 02,33,780
2012/01/05 03,41,1029
2012/01/05 04,48,1467
2012/01/05 05,43,1843
2012/01/05 06,40,1388
2012/01/05 07,37,1311
2012/01/05 08,32,1030
2012/01/05 09,27,651
2012/01/05 10,20,648
2012/01/05 11,13,272
2012/01/05 12,13,272
2012/01/05 13,9,203
2012/01/05 14,12,813
2012/01/05 15,10,404
2012/01/05 16,10,954
2012/01/05 17,12,450
2012/01/05 18,13,777
2012/01/05 19,16,398
2012/01/05 20,17,422
2012/01/05 21,27,562
2012/01/05 22,31,1980
2012/01/05 23,32,1887
2012/01/06 00,35,1391
2012/01/06 01,31,1105
2012/01/06 02,33,1421
2012/01/06 03,42,1694
2012/01/06 04,40,1944
2012/01/06 05,46,1336
2012/01/06 06,38,1239
2012/01/06 07,38,1056
2012/01/06 08,33,1082
2012/01/06 09,25,463
2012/01/06 10,23,374
2012/01/06 11,20,508
2012/01/06 12,16,218
2012/01/06 13,11,170
2012/01/06 14,9,411
2012/01/06 15,9,257
2012/01/06 16,14,487
2012/01/06 17,17,456
2012/01/06 18,13,694
2012/01/06 19,21,462
2012/01/06 20,30,727
2012/01/06 21,26,928
2012/01/06 22,32,1229
2012/01/06 23,33,5253
2012/01/07 00,41,5575
2012/01/07 01,41,5347
2012/01/07 02,51,6861
2012/01/07 03,53,1624
2012/01/07 04,49,2097
2012/01/07 05,52,1457
2012/01/07 06,52,1537
2012/01/07 07,40,1235
2012/01/07 08,45,1375
2012/01/07 09,36,472
2012/01/07 10,29,630
2012/01/07 11,22,492
2012/01/07 12,10,207
2012/01/07 13,12,249
2012/01/07 14,10,125
2012/01/07 15,12,274
2012/01/07 16,14,389
2012/01/07 17,14,330
2012/01/07 18,18,430
2012/01/07 19,24,664
2012/01/07 20,26,757
2012/01/07 21,34,2295
2012/01/07 22,40,1425
2012/01/07 23,43,1032
2012/01/08 00,39,1035
2012/01/08 01,46,994
2012/01/08 02,48,1301
2012/01/08 03,49,791
2012/01/08 04,44,550
2012/01/08 05,45,746
2012/01/08 06,52,1332
2012/01/08 07,48,857
2012/01/08 08,42,663
2012/01/08 09,38,492
2012/01/08 10,33,1329
2012/01/08 11,22,306
2012/01/08 12,18,245
2012/01/08 13,11,175
2012/01/08 14,8,110
2012/01/08 15,6,134
2012/01/08 16,7,158
2012/01/08 17,7,234
2012/01/08 18,11,458
2012/01/08 19,18,912
2012/01/08 20,25,850
2012/01/08 21,26,1071
2012/01/08 22,28,767
2012/01/08 23,29,759
2012/01/09 00,33,767
2012/01/09 01,34,906
2012/01/09 02,36,792
2012/01/09 03,47,1382
2012/01/09 04,48,1650
2012/01/09 05,44,1654
2012/01/09 06,47,1617
2012/01/09 07,40,1767
2012/01/09 08,35,1114
2012/01/09 09,29,331
2012/01/09 10,21,258
2012/01/09 11,10,76
2012/01/09 12,12,95
2012/01/09 13,4,52
2012/01/09 14,6,71
2012/01/09 15,4,157
