2011/10/05 23,1,1
2011/10/06 00,1,0
2011/10/07 09,1,2
2011/10/07 22,1,1
2011/10/07 23,1,2
2011/10/08 23,1,1
2011/10/09 00,1,1
2011/10/23 20,1,2
2011/10/27 20,1,0
2011/10/29 22,1,2
2011/10/30 18,1,1
2011/10/30 19,1,0
2011/11/01 00,1,1
2011/11/12 04,1,2
2011/11/13 04,1,1
2011/11/13 06,1,1
2011/11/13 07,1,1
2011/11/13 12,1,0
2011/11/15 04,1,1
2011/11/17 01,1,1
2011/11/22 19,1,1
2011/11/25 17,1,1
2011/11/26 12,1,1
2011/12/13 01,1,0
2011/12/13 02,1,2
2011/12/13 03,1,0
2012/01/01 11,1,2
2012/01/01 12,1,4
2012/01/01 13,1,3
2012/01/01 23,1,1
2012/01/02 00,1,3
2012/01/06 04,1,2
