2011/09/30 22,38,2290
2011/09/30 23,41,2258
2011/10/01 00,34,2388
2011/10/01 01,37,1529
2011/10/01 02,43,1727
2011/10/01 03,41,1564
2011/10/01 04,35,1898
2011/10/01 05,33,1778
2011/10/01 06,29,1416
2011/10/01 07,30,1673
2011/10/01 08,27,1988
2011/10/01 09,23,2443
2011/10/01 10,26,2796
2011/10/01 11,29,1930
2011/10/01 12,33,1830
2011/10/01 13,22,1938
2011/10/01 14,26,2175
2011/10/01 15,31,2487
2011/10/01 16,30,3340
2011/10/01 17,29,2786
2011/10/01 18,36,1993
2011/10/01 19,41,2224
2011/10/01 20,51,2183
2011/10/01 21,49,4085
2011/10/01 22,51,4684
2011/10/01 23,44,2651
2011/10/02 00,44,1814
2011/10/02 01,38,2360
2011/10/02 02,34,2536
2011/10/02 03,29,2247
2011/10/02 04,32,2249
2011/10/02 05,35,2395
2011/10/02 06,28,2201
2011/10/02 07,23,1964
2011/10/02 08,20,2224
2011/10/02 09,23,2724
2011/10/02 10,27,2046
2011/10/02 11,24,2099
2011/10/02 12,30,2304
2011/10/02 13,30,1930
2011/10/02 14,36,2344
2011/10/02 15,37,2752
2011/10/02 16,43,3576
2011/10/02 17,43,4506
2011/10/02 18,44,6362
2011/10/02 19,44,5479
2011/10/02 20,43,6151
2011/10/02 21,43,12514
2011/10/02 22,32,13725
2011/10/02 23,32,3332
2011/10/03 00,36,3188
2011/10/03 01,37,3428
2011/10/03 02,35,2332
2011/10/03 03,33,2400
2011/10/03 04,38,2557
2011/10/03 05,31,2373
2011/10/03 06,23,2654
2011/10/03 07,20,2093
2011/10/03 08,19,1932
2011/10/03 09,20,2131
2011/10/03 10,16,2727
2011/10/03 11,18,1927
2011/10/03 12,23,1884
2011/10/03 13,23,1578
2011/10/03 14,28,1791
2011/10/03 15,30,2040
2011/10/03 16,35,2681
2011/10/03 17,47,3241
2011/10/03 18,40,2340
2011/10/03 19,44,2764
2011/10/03 20,49,3005
2011/10/03 21,40,3296
2011/10/03 22,38,3596
2011/10/03 23,34,3640
2011/10/04 00,36,3016
2011/10/04 01,29,2739
2011/10/04 02,29,2745
2011/10/04 03,36,2643
2011/10/04 04,35,2358
2011/10/04 05,34,1723
2011/10/04 06,21,1785
2011/10/04 07,17,2002
2011/10/04 08,21,1262
2011/10/04 09,20,1469
2011/10/04 10,22,1579
2011/10/04 11,29,1874
2011/10/04 12,24,1984
2011/10/04 13,27,1775
2011/10/04 14,29,2088
2011/10/04 15,35,2859
2011/10/04 16,40,2922
2011/10/04 17,36,3052
2011/10/04 18,40,3341
2011/10/04 19,47,4448
2011/10/04 20,42,3307
2011/10/04 21,40,3176
2011/10/04 22,38,2754
2011/10/04 23,27,2688
2011/10/05 00,26,2379
2011/10/05 01,30,2073
2011/10/05 02,32,2041
2011/10/05 03,32,1979
2011/10/05 04,29,2042
2011/10/05 05,32,2296
2011/10/05 06,23,1480
2011/10/05 07,19,1720
2011/10/05 08,21,1362
2011/10/05 09,17,1232
2011/10/05 10,17,1487
2011/10/05 11,19,996
2011/10/05 12,23,1397
2011/10/05 13,21,1150
2011/10/05 14,31,1428
2011/10/05 15,31,1454
2011/10/05 16,35,1526
2011/10/05 17,41,2251
2011/10/05 18,45,2349
2011/10/05 19,47,2726
2011/10/05 20,53,3039
2011/10/05 21,35,2071
2011/10/05 22,32,2205
2011/10/05 23,30,2032
2011/10/06 00,24,2047
2011/10/06 01,25,1790
2011/10/06 02,31,1815
2011/10/06 03,30,2307
2011/10/06 04,25,1010
2011/10/06 05,29,1262
2011/10/06 06,25,1395
2011/10/06 07,22,1789
2011/10/06 08,16,1948
2011/10/06 09,22,1686
2011/10/06 10,21,1652
2011/10/06 11,27,2559
2011/10/06 12,28,1835
2011/10/06 13,29,2366
2011/10/06 14,33,2770
2011/10/06 15,34,2952
2011/10/06 16,31,3009
2011/10/06 17,33,3211
2011/10/06 18,34,4154
2011/10/06 19,37,3075
2011/10/06 20,45,2433
2011/10/06 21,42,2556
2011/10/06 22,34,2430
2011/10/06 23,36,2125
2011/10/07 00,31,1958
2011/10/07 01,28,2245
2011/10/07 02,26,2361
2011/10/07 03,27,2209
2011/10/07 04,21,1392
2011/10/07 05,15,1537
2011/10/07 06,14,1861
2011/10/07 07,17,1440
2011/10/07 08,18,1010
2011/10/07 09,34,962
2011/10/07 10,36,1512
2011/10/07 11,34,2036
2011/10/07 12,33,1552
2011/10/07 13,31,1894
2011/10/07 14,29,2478
2011/10/07 15,30,2693
2011/10/07 16,42,3007
2011/10/07 17,46,4441
2011/10/07 18,44,2517
2011/10/07 19,51,2139
2011/10/07 20,42,2180
2011/10/07 21,46,2430
2011/10/07 22,46,2184
2011/10/07 23,42,2227
2011/10/08 00,36,1935
2011/10/08 01,30,1617
2011/10/08 02,27,488
2011/10/08 03,24,670
2011/10/08 04,21,805
2011/10/08 05,24,1365
2011/10/08 06,22,1738
2011/10/08 07,22,1915
2011/10/08 08,24,1223
2011/10/08 09,28,1399
2011/10/08 10,32,1551
2011/10/08 11,34,2003
2011/10/08 12,30,2260
2011/10/08 13,31,2656
2011/10/08 14,39,2490
2011/10/08 15,37,3558
2011/10/08 16,36,2376
2011/10/08 17,45,1951
2011/10/08 18,50,2792
2011/10/08 19,44,3083
2011/10/08 20,47,2153
2011/10/08 21,34,2035
2011/10/08 22,32,2196
2011/10/08 23,37,1981
2011/10/09 00,34,2008
2011/10/09 01,36,2247
2011/10/09 02,31,1707
2011/10/09 03,26,1227
2011/10/09 04,30,1673
2011/10/09 05,28,2361
2011/10/09 06,24,2060
2011/10/09 07,31,2677
2011/10/09 08,27,2992
2011/10/09 09,19,3780
2011/10/09 10,19,3017
2011/10/09 11,29,2841
2011/10/09 12,32,2874
2011/10/09 13,39,3121
2011/10/09 14,39,3082
2011/10/09 15,44,3228
2011/10/09 16,40,3799
2011/10/09 17,49,2270
2011/10/09 18,37,2101
2011/10/09 19,38,2340
2011/10/09 20,31,2450
2011/10/09 21,36,2267
2011/10/09 22,32,1982
2011/10/09 23,30,1985
2011/10/10 00,29,2188
2011/10/10 01,30,1731
2011/10/10 02,21,1488
2011/10/10 03,18,2041
2011/10/10 04,18,1784
2011/10/10 05,15,1875
2011/10/10 06,15,1796
2011/10/10 07,19,2618
2011/10/10 08,22,1915
2011/10/10 09,28,1948
2011/10/10 10,31,2203
2011/10/10 11,38,1590
2011/10/10 12,44,2266
2011/10/10 13,45,2849
2011/10/10 14,46,2976
2011/10/10 15,54,3461
2011/10/10 16,49,3431
2011/10/10 17,40,2909
2011/10/10 21,38,2479
2011/10/10 22,44,3363
2011/10/10 23,41,2515
2011/10/11 00,33,2195
2011/10/11 01,28,2188
2011/10/11 02,31,2102
2011/10/11 03,39,2219
2011/10/11 04,45,2373
2011/10/11 05,40,2249
2011/10/11 06,30,2090
2011/10/11 07,27,2301
2011/10/11 08,19,2194
2011/10/11 09,14,1517
2011/10/11 10,11,1458
2011/10/11 11,18,1122
2011/10/11 12,23,1253
2011/10/11 13,28,1442
2011/10/11 14,29,1882
2011/10/11 15,25,1432
2011/10/11 16,28,2417
2011/10/11 17,35,2788
2011/10/11 18,40,2617
2011/10/11 19,33,2802
2011/10/11 20,36,3660
2011/10/11 21,36,3451
2011/10/11 22,36,3571
2011/10/11 23,31,3462
2011/10/12 00,42,3106
2011/10/12 01,42,3129
2011/10/12 02,38,2934
2011/10/12 03,30,2563
2011/10/12 04,31,2596
2011/10/12 05,26,2625
2011/10/12 06,23,2526
2011/10/12 07,20,2696
2011/10/12 08,21,1979
2011/10/12 09,19,2413
2011/10/12 10,20,1951
2011/10/12 11,18,2091
2011/10/12 12,14,1863
2011/10/12 13,18,1811
2011/10/12 14,26,2208
2011/10/12 15,30,2589
2011/10/12 16,32,2919
2011/10/12 17,32,3035
2011/10/12 18,29,3488
2011/10/12 19,31,2637
2011/10/12 20,32,2887
2011/10/12 21,35,3179
2011/10/12 22,32,3891
2011/10/12 23,30,3624
2011/10/13 00,32,3296
2011/10/13 01,28,2478
2011/10/13 02,36,2333
2011/10/13 03,36,2344
2011/10/13 04,33,2364
2011/10/13 05,29,2385
2011/10/13 06,25,2410
2011/10/13 07,16,2388
2011/10/13 08,15,1853
2011/10/13 09,15,1714
2011/10/13 10,16,2014
2011/10/13 11,17,2701
2011/10/13 12,18,1809
2011/10/13 13,22,2012
2011/10/13 14,29,1873
2011/10/13 15,26,2230
2011/10/13 16,26,2593
2011/10/13 17,33,2698
2011/10/13 18,33,2645
2011/10/13 19,42,5545
2011/10/13 20,40,6679
2011/10/13 21,40,3532
2011/10/13 22,35,3552
2011/10/13 23,40,2846
2011/10/14 00,34,2969
2011/10/14 01,31,2713
2011/10/14 02,24,2331
2011/10/14 03,27,2375
2011/10/14 04,26,2036
2011/10/14 05,28,2360
2011/10/14 06,25,2501
2011/10/14 07,24,2430
2011/10/14 08,22,2660
2011/10/14 09,23,2200
2011/10/14 10,21,1486
2011/10/14 11,21,1438
2011/10/14 12,22,1573
2011/10/14 13,22,1872
2011/10/14 14,29,1967
2011/10/14 15,32,1807
2011/10/14 16,35,2285
2011/10/14 17,32,2463
2011/10/14 18,34,2509
2011/10/14 19,39,2596
2011/10/14 20,42,3075
2011/10/14 21,45,3317
2011/10/14 22,44,3891
2011/10/14 23,37,4302
2011/10/15 00,33,4197
2011/10/15 01,37,1641
2011/10/15 02,34,1941
2011/10/15 03,31,1835
2011/10/15 04,34,2159
2011/10/15 05,27,1493
2011/10/15 06,33,1603
2011/10/15 07,27,1845
2011/10/15 08,20,1642
2011/10/15 09,15,1683
2011/10/15 10,23,2046
2011/10/15 11,29,1743
2011/10/15 12,31,1707
2011/10/15 13,35,1797
2011/10/15 14,41,2014
2011/10/15 15,37,1904
2011/10/15 16,32,2228
2011/10/15 17,40,2419
2011/10/15 18,54,2464
2011/10/15 19,50,2604
2011/10/15 20,54,2650
2011/10/15 21,49,2564
2011/10/15 22,51,2694
2011/10/15 23,48,2905
2011/10/16 00,46,2815
2011/10/16 01,46,3025
2011/10/16 02,41,1581
2011/10/16 03,39,1780
2011/10/16 04,32,1563
2011/10/16 05,34,1681
2011/10/16 06,29,1910
2011/10/16 07,25,1737
2011/10/16 08,28,2041
2011/10/16 09,27,2287
2011/10/16 10,23,2603
2011/10/16 11,28,3006
2011/10/16 12,32,2399
2011/10/16 13,39,2106
2011/10/16 14,33,2239
2011/10/16 15,26,2239
2011/10/16 16,24,2953
2011/10/16 17,30,2864
2011/10/16 18,31,2719
2011/10/16 19,32,2160
2011/10/16 20,35,2478
2011/10/16 21,31,2697
2011/10/16 22,30,2545
2011/10/16 23,30,2562
2011/10/17 00,29,2698
2011/10/17 01,31,2419
2011/10/17 02,29,2493
2011/10/17 03,29,2332
2011/10/17 04,28,2375
2011/10/17 05,26,2139
2011/10/17 06,22,1760
2011/10/17 07,19,1906
2011/10/17 08,11,1870
2011/10/17 09,11,2069
2011/10/17 10,15,2172
2011/10/17 11,17,2109
2011/10/17 12,20,2303
2011/10/17 13,18,1364
2011/10/17 14,23,1850
2011/10/17 15,30,1970
2011/10/17 16,34,3087
2011/10/17 17,34,7878
2011/10/17 18,46,9583
2011/10/17 19,49,9463
2011/10/17 20,48,7056
2011/10/17 21,40,6827
2011/10/17 22,36,6660
2011/10/17 23,31,3020
2011/10/18 00,29,2690
2011/10/18 01,26,2402
2011/10/18 02,31,2455
2011/10/18 03,35,2317
2011/10/18 04,27,2163
2011/10/18 05,26,1805
2011/10/18 06,20,1846
2011/10/18 07,23,2065
2011/10/18 08,15,2054
2011/10/18 09,17,2309
2011/10/18 10,22,1818
2011/10/18 11,26,1953
2011/10/18 12,23,773
2011/10/18 13,29,1103
2011/10/18 14,23,1665
2011/10/18 15,34,2060
2011/10/18 16,37,2846
2011/10/18 17,43,3424
2011/10/18 18,43,2700
2011/10/18 19,49,3307
2011/10/18 20,52,4421
2011/10/18 21,47,3752
2011/10/18 22,42,3515
2011/10/18 23,37,3206
2011/10/19 00,32,2984
2011/10/19 01,27,2740
2011/10/19 02,30,2670
2011/10/19 03,33,2785
2011/10/19 04,32,2944
2011/10/19 05,27,1963
2011/10/19 06,25,2017
2011/10/19 07,24,2247
2011/10/19 08,20,2216
2011/10/19 09,14,2331
2011/10/19 10,13,2385
2011/10/19 11,21,2504
2011/10/19 12,17,2087
2011/10/19 13,25,1944
2011/10/19 14,28,2314
2011/10/19 15,35,2362
2011/10/19 16,39,2438
2011/10/19 17,39,2672
2011/10/19 18,51,2949
2011/10/19 19,47,3142
2011/10/19 20,47,1978
2011/10/19 21,46,3329
2011/10/19 22,28,3196
2011/10/19 23,37,2471
2011/10/20 00,39,2897
2011/10/20 01,32,2590
2011/10/20 02,41,2333
2011/10/20 03,36,2323
2011/10/20 04,33,2502
2011/10/20 05,29,2256
2011/10/20 06,26,2738
2011/10/20 07,21,2118
2011/10/20 08,18,2256
2011/10/20 09,15,2241
2011/10/20 10,23,2189
2011/10/20 11,18,2370
2011/10/20 12,17,2585
2011/10/20 13,24,2535
2011/10/20 14,23,2722
2011/10/20 15,29,2906
2011/10/20 16,26,2836
2011/10/20 17,36,3138
2011/10/20 18,42,3912
2011/10/20 19,47,3515
2011/10/20 20,54,2970
2011/10/20 21,49,3087
2011/10/20 22,42,3133
2011/10/20 23,36,2763
2011/10/21 00,36,2617
2011/10/21 01,42,4650
2011/10/21 02,42,3962
2011/10/21 03,32,4155
2011/10/21 04,30,1279
2011/10/21 05,32,1755
2011/10/21 06,24,1937
2011/10/21 07,20,1999
2011/10/21 08,11,2121
2011/10/21 09,12,2005
2011/10/21 10,12,1665
2011/10/21 11,12,2030
2011/10/21 12,21,2095
2011/10/21 13,24,2212
2011/10/21 14,25,2643
2011/10/21 15,23,2668
2011/10/21 16,26,3334
2011/10/21 17,34,8451
2011/10/21 18,31,8818
2011/10/21 19,31,7758
2011/10/21 20,36,6271
2011/10/21 21,36,6051
2011/10/21 22,38,6125
2011/10/21 23,34,5370
2011/10/22 00,31,4923
2011/10/22 01,41,5914
2011/10/22 02,30,4765
2011/10/22 03,27,1419
2011/10/22 04,33,1590
2011/10/22 05,25,1505
2011/10/22 06,23,1558
2011/10/22 07,24,1656
2011/10/22 08,19,1769
2011/10/22 09,15,2039
2011/10/22 10,15,2384
2011/10/22 11,23,3090
2011/10/22 12,25,1555
2011/10/22 13,27,1950
2011/10/22 14,30,2321
2011/10/22 15,32,2813
2011/10/22 16,30,3282
2011/10/22 17,37,4300
2011/10/22 18,35,4517
2011/10/22 19,38,3560
2011/10/22 20,33,3482
2011/10/22 21,41,2237
2011/10/22 22,42,2166
2011/10/22 23,46,2409
2011/10/23 00,37,2600
2011/10/23 01,36,5414
2011/10/23 02,36,6322
2011/10/23 03,40,2183
2011/10/23 04,40,1845
2011/10/23 05,36,1839
2011/10/23 06,35,1793
2011/10/23 07,41,1998
2011/10/23 08,33,2237
2011/10/23 09,23,2352
2011/10/23 10,24,3000
2011/10/23 11,26,2501
2011/10/23 12,38,2463
2011/10/23 13,37,2399
2011/10/23 14,47,2772
2011/10/23 15,38,3095
2011/10/23 16,33,2947
2011/10/23 17,40,4178
2011/10/23 18,48,4504
2011/10/23 19,50,3842
2011/10/23 20,48,4104
2011/10/23 21,49,4656
2011/10/23 22,44,4633
2011/10/23 23,36,3840
2011/10/24 00,30,3670
2011/10/24 01,31,4154
2011/10/24 02,29,4283
2011/10/24 03,29,4268
2011/10/24 04,23,4737
2011/10/24 05,24,1850
2011/10/24 06,25,1849
2011/10/24 07,16,1816
2011/10/24 08,15,1729
2011/10/24 09,15,1937
2011/10/24 10,14,2026
2011/10/24 11,20,2105
2011/10/24 12,19,2416
2011/10/24 13,26,2314
2011/10/24 14,26,2943
2011/10/24 15,30,3158
2011/10/24 16,26,3106
2011/10/24 17,29,5388
2011/10/24 18,31,5561
2011/10/24 19,42,6604
2011/10/24 20,46,8266
2011/10/24 21,27,4022
2011/10/24 22,25,3919
2011/10/24 23,26,4005
2011/10/25 00,25,3576
2011/10/25 01,27,4364
2011/10/25 02,26,2598
2011/10/25 03,30,2660
2011/10/25 04,27,2580
2011/10/25 05,31,2662
2011/10/25 06,24,2135
2011/10/25 07,15,2371
2011/10/25 08,16,2421
2011/10/25 09,10,2242
2011/10/25 10,14,1856
2011/10/25 11,18,2481
2011/10/25 12,22,1728
2011/10/25 13,26,1911
2011/10/25 14,28,2432
2011/10/25 15,29,2954
2011/10/25 16,32,3351
2011/10/25 17,30,3827
2011/10/25 18,33,3201
2011/10/25 19,43,3945
2011/10/25 20,42,3756
2011/10/25 21,43,4223
2011/10/25 22,40,4382
2011/10/25 23,44,3647
2011/10/26 00,28,2875
2011/10/26 01,27,2690
2011/10/26 02,25,2701
2011/10/26 03,29,2731
2011/10/26 04,25,2293
2011/10/26 05,25,2267
2011/10/26 06,24,2135
2011/10/26 07,20,1598
2011/10/26 08,21,1764
2011/10/26 09,19,2064
2011/10/26 10,22,2250
2011/10/26 11,20,1613
2011/10/26 12,21,1835
2011/10/26 13,28,2085
2011/10/26 14,30,2753
2011/10/26 15,34,2709
2011/10/26 16,36,3105
2011/10/26 17,39,3642
2011/10/26 18,39,4359
2011/10/26 19,43,4012
2011/10/26 20,40,4303
2011/10/26 21,39,3915
2011/10/26 22,38,3483
2011/10/26 23,31,3927
2011/10/27 00,31,3555
2011/10/27 01,24,2489
2011/10/27 02,20,1865
2011/10/27 03,21,2248
2011/10/27 04,24,2164
2011/10/27 05,20,1944
2011/10/27 06,18,1979
2011/10/27 07,18,2067
2011/10/27 08,21,2281
2011/10/27 09,19,2076
2011/10/27 10,19,2022
2011/10/27 11,19,2236
2011/10/27 12,21,1708
2011/10/27 13,23,1555
2011/10/27 14,24,1778
2011/10/27 15,28,2536
2011/10/27 16,26,2797
2011/10/27 17,26,2795
2011/10/27 18,34,3696
2011/10/27 19,31,3722
2011/10/27 20,36,4529
2011/10/27 21,38,4160
2011/10/27 22,36,4359
2011/10/27 23,35,3949
2011/10/28 00,36,3382
2011/10/28 01,32,2727
2011/10/28 02,35,2640
2011/10/28 03,30,2576
2011/10/28 04,26,2256
2011/10/28 05,21,1939
2011/10/28 06,24,2624
2011/10/28 07,20,2887
2011/10/28 08,19,3025
2011/10/28 09,18,2998
2011/10/28 10,15,2523
2011/10/28 11,17,2469
2011/10/28 12,24,1535
2011/10/28 13,23,1618
2011/10/28 14,25,2356
2011/10/28 15,23,2362
2011/10/28 16,24,2362
2011/10/28 17,28,3962
2011/10/28 18,25,4058
2011/10/28 19,32,4921
2011/10/28 20,37,2810
2011/10/28 21,41,1917
2011/10/28 22,48,2441
2011/10/28 23,45,2459
2011/10/29 00,42,3092
2011/10/29 01,34,2242
2011/10/29 02,27,1703
2011/10/29 03,30,1764
2011/10/29 04,24,1687
2011/10/29 05,32,1783
2011/10/29 06,20,1756
2011/10/29 07,18,1928
2011/10/29 08,16,2352
2011/10/29 09,15,1984
2011/10/29 10,10,2195
2011/10/29 11,13,1948
2011/10/29 12,15,2985
2011/10/29 13,17,2022
2011/10/29 14,21,2397
2011/10/29 15,23,2445
2011/10/29 16,35,2942
2011/10/29 17,36,2963
2011/10/29 18,40,3159
2011/10/29 19,45,2510
2011/10/29 20,44,2599
2011/10/29 21,40,2836
2011/10/29 22,47,3258
2011/10/29 23,46,3376
2011/10/30 00,38,3153
2011/10/30 01,34,2615
2011/10/30 02,31,2077
2011/10/30 03,31,2333
2011/10/30 04,28,2050
2011/10/30 05,26,2098
2011/10/30 06,25,1739
2011/10/30 07,21,1848
2011/10/30 08,22,1784
2011/10/30 09,17,2506
2011/10/30 10,16,1847
2011/10/30 11,15,1983
2011/10/30 12,21,2047
2011/10/30 13,27,2891
2011/10/30 14,27,1884
2011/10/30 15,29,2563
2011/10/30 16,28,3361
2011/10/30 17,33,3195
2011/10/30 18,37,3300
2011/10/30 19,36,2889
2011/10/30 20,38,3066
2011/10/30 21,40,2507
2011/10/30 22,39,3165
2011/10/30 23,35,5638
2011/10/31 00,32,3855
2011/10/31 01,29,4116
2011/10/31 02,35,1673
2011/10/31 03,31,1187
2011/10/31 04,26,1136
2011/10/31 05,22,1535
2011/10/31 06,17,1515
2011/10/31 07,16,1700
2011/10/31 08,12,1807
2011/10/31 09,10,1968
2011/10/31 10,7,2289
2011/10/31 11,9,2051
2011/10/31 12,15,2410
2011/10/31 13,16,1933
2011/10/31 14,20,3047
2011/10/31 15,23,3048
2011/10/31 16,26,3374
2011/10/31 17,30,3461
2011/10/31 18,32,3297
2011/10/31 19,29,3484
2011/10/31 20,33,3307
2011/10/31 21,32,3010
2011/10/31 22,35,3879
2011/10/31 23,33,3844
2011/11/01 00,27,3774
2011/11/01 01,27,2283
2011/11/01 02,28,2321
2011/11/01 03,22,2302
2011/11/01 04,22,2279
2011/11/01 05,19,2089
2011/11/01 06,15,2205
2011/11/01 07,16,2019
2011/11/01 08,12,2602
2011/11/01 09,9,1674
2011/11/01 10,8,1365
2011/11/01 11,10,1686
2011/11/01 12,13,762
2011/11/01 13,17,1283
2011/11/01 14,16,2033
2011/11/01 15,21,2251
2011/11/01 16,29,2720
2011/11/03 15,20,2682
2011/11/03 16,30,3183
2011/11/03 17,36,2946
2011/11/03 18,38,3419
2011/11/03 19,47,3993
2011/11/03 20,34,3550
2011/11/03 21,40,3957
2011/11/03 22,36,3947
2011/11/03 23,41,3816
2011/11/04 00,41,3251
2011/11/04 01,31,2313
2011/11/04 02,30,2208
2011/11/04 03,38,1815
2011/11/04 04,37,1546
2011/11/04 05,37,1410
2011/11/04 06,29,1878
2011/11/04 07,24,1623
2011/11/04 08,22,1361
2011/11/04 09,21,1580
2011/11/04 10,19,1705
2011/11/04 11,18,1524
2011/11/04 12,14,1781
2011/11/04 13,17,1801
2011/11/04 14,17,2032
2011/11/04 15,22,2557
2011/11/04 16,24,2813
2011/11/04 17,31,2972
2011/11/04 18,47,2858
2011/11/04 19,41,2852
2011/11/04 20,41,2165
2011/11/04 21,46,2037
2011/11/04 22,47,3647
2011/11/04 23,49,4660
2011/11/05 00,45,4344
2011/11/05 01,41,1785
2011/11/05 02,41,2051
2011/11/05 03,40,1729
2011/11/05 04,42,1807
2011/11/05 05,31,2123
2011/11/05 06,31,1340
2011/11/05 07,28,1474
2011/11/05 08,24,1685
2011/11/05 09,20,1832
2011/11/05 10,24,1945
2011/11/05 11,18,2071
2011/11/05 12,21,2103
2011/11/05 13,19,2436
2011/11/05 14,22,2724
2011/11/05 15,28,2144
2011/11/05 16,32,2986
2011/11/05 17,30,2258
2011/11/05 18,36,2268
2011/11/05 19,37,2349
2011/11/05 20,36,2301
2011/11/05 21,43,2931
2011/11/05 22,45,3371
2011/11/05 23,46,3427
2011/11/06 00,37,2406
2011/11/06 01,34,2788
2011/11/06 02,39,2353
2011/11/06 03,33,2167
2011/11/06 04,36,1987
2011/11/06 05,41,1797
2011/11/06 06,36,1282
2011/11/06 07,34,1134
2011/11/06 08,32,1793
2011/11/06 09,25,1916
2011/11/06 10,27,1711
2011/11/06 11,20,1831
2011/11/06 12,23,2226
2011/11/06 13,30,2224
2011/11/06 14,30,2958
2011/11/06 15,36,3843
2011/11/06 16,35,2124
2011/11/06 17,40,2839
2011/11/06 18,41,4008
2011/11/06 19,37,3129
2011/11/06 20,32,3058
2011/11/06 21,38,2875
2011/11/06 22,36,3490
2011/11/06 23,34,3320
2011/11/07 00,43,3173
2011/11/07 01,35,2580
2011/11/07 02,39,2498
2011/11/07 03,33,2975
2011/11/07 04,30,1783
2011/11/07 05,27,2377
2011/11/07 06,22,1478
2011/11/07 07,23,1626
2011/11/07 08,23,1842
2011/11/07 09,21,1913
2011/11/07 10,18,2141
2011/11/07 11,17,2025
2011/11/07 12,16,2083
2011/11/07 13,20,2234
2011/11/07 14,20,2454
2011/11/07 15,26,2421
2011/11/07 16,30,2580
2011/11/07 17,31,2743
2011/11/07 18,33,2959
2011/11/07 19,36,3602
2011/11/07 20,34,3258
2011/11/07 21,37,3423
2011/11/07 22,37,3624
2011/11/07 23,37,3815
2011/11/08 00,37,3381
2011/11/08 01,28,4090
2011/11/08 02,26,2779
2011/11/08 03,27,2400
2011/11/08 04,28,1691
2011/11/08 05,26,1884
2011/11/08 06,30,1846
2011/11/08 07,30,1971
2011/11/08 08,24,1798
2011/11/08 09,22,1997
2011/11/08 10,22,1907
2011/11/08 11,18,1755
2011/11/08 12,13,1686
2011/11/08 13,16,1736
2011/11/08 14,21,2105
2011/11/08 15,26,1488
2011/11/08 16,31,2036
2011/11/08 17,31,2650
2011/11/08 18,36,3147
2011/11/08 19,37,3375
2011/11/08 20,28,3523
2011/11/08 21,45,2903
2011/11/08 22,48,4585
2011/11/08 23,49,5182
2011/11/09 00,51,5108
2011/11/09 01,41,4656
2011/11/09 02,37,3637
2011/11/09 03,33,3561
2011/11/09 04,21,1496
2011/11/09 05,26,1901
2011/11/09 06,32,1813
2011/11/09 07,37,2070
2011/11/09 08,37,2145
2011/11/09 09,29,2149
2011/11/09 10,26,1949
2011/11/09 11,22,2062
2011/11/09 12,26,3078
2011/11/09 13,20,1831
2011/11/09 14,23,2021
2011/11/09 15,22,908
2011/11/09 16,31,1452
2011/11/09 17,34,2376
2011/11/09 18,35,2806
2011/11/09 19,29,2778
2011/11/09 20,33,2626
2011/11/09 21,36,3279
2011/11/09 22,39,3921
2011/11/09 23,47,3994
2011/11/10 00,45,3427
2011/11/10 01,39,3188
2011/11/10 02,40,3316
2011/11/10 03,32,2850
2011/11/10 04,36,2308
2011/11/10 05,27,2076
2011/11/10 06,29,1511
2011/11/10 07,37,1740
2011/11/10 08,35,2122
2011/11/10 09,24,1543
2011/11/10 10,28,1521
2011/11/10 11,29,1682
2011/11/10 12,23,1728
2011/11/10 13,20,1469
2011/11/10 14,22,1668
2011/11/10 15,24,987
2011/11/10 16,26,1117
2011/11/10 17,26,1293
2011/11/10 18,26,1399
2011/11/10 19,39,2156
2011/11/10 20,49,2355
2011/11/10 21,43,2641
2011/11/10 22,52,2735
2011/11/10 23,57,2979
2011/11/11 00,55,3688
2011/11/11 01,50,3208
2011/11/11 02,42,3060
2011/11/11 03,40,3040
2011/11/11 04,40,2130
2011/11/11 05,34,2108
2011/11/11 06,33,2069
2011/11/11 07,37,1967
2011/11/11 08,33,1517
2011/11/11 09,29,1558
2011/11/11 10,30,1595
2011/11/11 11,23,1853
2011/11/11 12,21,2091
2011/11/11 13,18,1839
2011/11/11 14,19,1997
2011/11/11 15,23,2211
2011/11/11 16,27,2049
2011/11/11 17,32,1523
2011/11/11 18,57,2575
2011/11/11 19,36,2440
2011/11/11 20,48,2436
2011/11/11 21,43,2220
2011/11/11 22,40,2526
2011/11/11 23,41,2385
2011/11/12 00,43,2326
2011/11/12 01,38,2955
2011/11/12 02,29,2171
2011/11/12 03,29,2219
2011/11/12 04,26,1792
2011/11/12 05,28,1458
2011/11/12 06,29,1042
2011/11/12 07,30,1143
2011/11/12 08,32,1395
2011/11/12 09,31,2096
2011/11/12 10,28,2553
2011/11/12 11,20,1919
2011/11/12 12,29,1885
2011/11/12 13,35,2073
2011/11/12 14,34,2414
2011/11/12 15,34,1685
2011/11/12 16,29,1973
2011/11/12 17,27,2603
2011/11/12 18,32,2864
2011/11/12 19,38,2445
2011/11/12 20,48,2529
2011/11/12 21,43,3101
2011/11/12 22,45,3118
2011/11/12 23,43,3748
2011/11/13 00,46,4573
2011/11/13 01,33,1965
2011/11/13 02,23,1855
2011/11/13 03,20,1753
2011/11/13 04,30,2176
2011/11/13 05,28,1798
2011/11/13 06,29,1773
2011/11/13 07,21,1763
2011/11/13 08,22,1700
2011/11/13 12,21,1863
2011/11/13 13,27,2251
2011/11/13 14,26,2505
2011/11/13 15,35,2959
2011/11/13 16,39,3065
2011/11/13 17,39,2668
2011/11/13 18,44,2552
2011/11/13 19,54,3126
2011/11/13 20,64,6989
2011/11/13 21,57,6409
2011/11/13 22,35,6646
2011/11/13 23,38,8423
2011/11/14 00,32,2830
2011/11/14 01,32,3259
2011/11/14 02,30,6590
2011/11/14 03,26,6295
2011/11/14 04,25,4579
2011/11/14 05,27,3531
2011/11/14 06,27,3746
2011/11/14 07,24,1509
2011/11/14 08,18,1123
2011/11/14 09,14,1128
2011/11/14 10,11,1236
2011/11/14 11,12,771
2011/11/14 12,15,805
2011/11/14 13,18,2302
2011/11/14 14,19,2198
2011/11/14 15,22,1644
2011/11/14 16,23,2307
2011/11/14 17,28,2761
2011/11/14 18,31,2846
2011/11/14 19,28,2827
2011/11/14 20,27,2903
2011/11/14 21,31,3327
2011/11/14 22,34,4188
2011/11/14 23,34,4942
2011/11/15 00,30,3994
2011/11/15 01,31,2939
2011/11/15 02,32,2520
2011/11/15 03,29,2020
2011/11/15 04,27,2166
2011/11/15 05,26,2397
2011/11/15 06,24,1819
2011/11/15 07,29,1911
2011/11/15 08,27,1902
2011/11/15 09,22,1820
2011/11/15 10,16,1919
2011/11/15 11,18,1827
2011/11/15 12,21,1640
2011/11/15 13,16,1914
2011/11/15 14,19,2128
2011/11/15 15,27,2375
2011/11/15 16,24,2539
2011/11/15 17,22,3500
2011/11/15 18,34,3809
2011/11/15 19,40,3047
2011/11/15 20,35,2791
2011/11/15 21,33,5097
2011/11/15 22,28,5289
2011/11/15 23,24,5470
2011/11/16 00,18,3892
2011/11/16 01,19,2752
2011/11/16 02,18,2080
2011/11/16 03,19,1932
2011/11/16 04,28,1912
2011/11/16 05,20,2290
2011/11/16 06,23,1250
2011/11/16 07,24,1769
2011/11/16 08,17,1732
2011/11/16 09,18,1874
2011/11/16 10,15,1358
2011/11/16 11,13,2082
2011/11/16 12,15,1770
2011/11/16 13,17,2064
2011/11/16 14,15,1941
2011/11/16 15,19,2316
2011/11/16 16,23,3301
2011/11/16 17,22,3143
2011/11/16 18,29,2844
2011/11/16 19,34,3197
2011/11/16 20,37,4089
2011/11/16 21,33,4687
2011/11/16 22,37,5825
2011/11/16 23,31,3786
2011/11/17 00,27,4329
2011/11/17 01,19,1267
2011/11/17 02,22,1722
2011/11/17 03,25,1577
2011/11/17 04,26,1377
2011/11/17 05,20,1477
2011/11/17 06,20,1428
2011/11/17 07,22,1188
2011/11/17 08,19,1093
2011/11/17 09,14,1132
2011/11/17 10,13,1347
2011/11/17 11,17,1559
2011/11/17 12,17,1820
2011/11/17 13,17,2039
2011/11/17 14,18,2218
2011/11/17 15,20,2602
2011/11/17 16,29,2755
2011/11/17 17,31,3497
2011/11/17 18,24,3442
2011/11/17 19,34,2772
2011/11/17 20,36,3145
2011/11/17 21,40,6045
2011/11/17 22,37,5812
2011/11/17 23,30,6096
2011/11/18 00,25,2828
2011/11/18 01,25,2350
2011/11/18 02,25,2497
2011/11/18 03,23,2014
2011/11/18 04,24,1278
2011/11/18 05,25,1249
2011/11/18 06,25,1506
2011/11/18 07,22,1794
2011/11/18 08,23,2009
2011/11/18 09,19,2278
2011/11/18 10,19,1562
2011/11/18 11,25,1994
2011/11/18 12,24,1699
2011/11/18 13,27,2320
2011/11/18 14,28,2573
2011/11/18 15,30,2771
2011/11/18 16,32,3094
2011/11/18 17,39,3297
2011/11/18 18,35,3226
2011/11/18 19,35,3537
2011/11/18 20,37,2574
2011/11/18 21,48,3007
2011/11/18 22,41,2619
2011/11/18 23,32,2633
2011/11/19 00,33,2610
2011/11/19 01,37,2622
2011/11/19 02,38,2526
2011/11/19 03,25,1267
2011/11/19 04,32,1174
2011/11/19 05,34,1232
2011/11/19 06,28,1252
2011/11/19 07,24,1479
2011/11/19 08,25,1583
2011/11/19 09,22,1667
2011/11/19 10,21,2040
2011/11/19 11,24,2079
2011/11/19 12,29,2253
2011/11/19 13,27,2042
2011/11/19 14,31,2764
2011/11/19 15,32,2493
2011/11/19 16,26,1930
2011/11/19 17,30,2804
2011/11/19 18,28,2578
2011/11/19 19,27,3807
2011/11/19 20,37,5034
2011/11/19 21,46,4536
2011/11/19 22,44,4863
2011/11/19 23,42,5914
2011/11/20 00,40,2358
2011/11/20 01,37,2811
2011/11/20 02,30,2023
2011/11/20 03,30,2059
2011/11/20 04,27,1981
2011/11/20 05,22,1494
2011/11/20 06,21,1697
2011/11/20 07,23,1602
2011/11/20 08,24,1781
2011/11/20 09,24,1850
2011/11/20 10,23,2084
2011/11/20 11,22,2508
2011/11/20 12,29,2455
2011/11/20 13,25,2932
2011/11/20 14,27,3080
2011/11/20 15,25,4171
2011/11/20 16,25,2234
2011/11/20 17,21,2298
2011/11/20 18,27,3561
2011/11/20 19,34,2607
2011/11/20 20,42,2863
2011/11/20 21,51,4692
2011/11/20 22,40,5169
2011/11/20 23,35,6252
2011/11/21 00,30,5287
2011/11/21 01,31,2105
2011/11/21 02,27,2014
2011/11/21 03,31,2323
2011/11/21 04,28,2297
2011/11/21 05,21,2504
2011/11/21 06,25,2245
2011/11/21 07,20,2370
2011/11/21 08,19,2138
2011/11/21 09,16,1950
2011/11/21 10,18,2102
2011/11/21 11,19,2325
2011/11/21 12,18,2527
2011/11/21 13,19,3275
2011/11/21 14,18,1947
2011/11/21 15,22,2075
2011/11/21 16,26,2405
2011/11/21 17,34,3563
2011/11/21 18,33,3628
2011/11/21 19,34,3219
2011/11/21 20,40,3922
2011/11/21 21,33,2870
2011/11/21 22,24,2456
2011/11/21 23,32,2831
2011/11/22 00,28,2987
2011/11/22 01,28,2772
2011/11/22 02,30,3002
2011/11/22 03,29,1558
2011/11/22 04,30,1553
2011/11/22 05,25,1083
2011/11/22 06,25,1189
2011/11/22 07,25,1542
2011/11/22 08,17,1434
2011/11/22 09,22,1865
2011/11/22 10,23,1246
2011/11/22 11,30,1605
2011/11/22 12,24,2321
2011/11/22 13,27,2698
2011/11/22 14,33,2924
2011/11/22 15,29,3107
2011/11/22 16,37,3567
2011/11/22 17,40,3762
2011/11/22 18,40,4180
2011/11/22 19,46,3005
2011/11/22 20,49,3541
2011/11/22 21,44,3453
2011/11/22 22,41,3255
2011/11/22 23,39,2790
2011/11/23 00,32,1586
2011/11/23 01,33,1635
2011/11/23 02,34,1385
2011/11/23 03,35,1811
2011/11/23 04,32,1219
2011/11/23 05,33,1323
2011/11/23 06,34,1371
2011/11/23 07,29,1373
2011/11/23 08,26,1415
2011/11/23 09,19,1353
2011/11/23 10,23,1340
2011/11/23 11,20,1669
2011/11/23 12,24,875
2011/11/23 13,26,1171
2011/11/23 14,29,1533
2011/11/23 15,31,2701
2011/11/23 16,34,2536
2011/11/23 17,34,2936
2011/11/23 18,39,2942
2011/11/23 19,37,3131
2011/11/23 20,48,3070
2011/11/23 21,54,3590
2011/11/23 22,52,3503
2011/11/23 23,38,3215
2011/11/24 00,35,2760
2011/11/24 01,27,2640
2011/11/24 02,30,1485
2011/11/24 03,29,983
2011/11/24 04,30,1298
2011/11/24 05,29,1759
2011/11/24 06,32,1612
2011/11/24 07,26,1669
2011/11/24 08,20,2376
2011/11/24 09,21,1224
2011/11/24 10,27,1371
2011/11/24 11,25,1697
2011/11/24 12,35,1804
2011/11/24 13,43,4543
2011/11/24 14,40,9336
2011/11/24 15,44,10832
2011/11/24 16,48,7508
2011/11/24 17,45,8946
2011/11/24 18,43,9504
2011/11/24 19,53,7608
2011/11/24 20,51,8209
2011/11/24 21,47,10382
2011/11/24 22,33,9412
2011/11/24 23,28,13716
2011/11/25 00,27,3233
2011/11/25 01,26,2987
2011/11/25 02,28,2649
2011/11/25 03,26,2187
2011/11/25 04,29,1316
2011/11/25 05,29,1612
2011/11/25 06,34,1966
2011/11/25 07,30,2150
2011/11/25 08,26,3340
2011/11/25 09,23,6242
2011/11/25 10,21,6987
2011/11/25 11,21,5253
2011/11/25 12,19,8280
2011/11/25 13,21,9210
2011/11/25 14,25,8697
2011/11/25 15,29,8502
2011/11/25 16,33,12157
2011/11/25 17,31,10373
2011/11/25 18,34,11071
2011/11/25 19,38,11244
2011/11/25 20,39,10238
2011/11/25 21,30,12536
2011/11/25 22,31,12110
2011/11/25 23,27,15673
2011/11/26 00,27,15420
2011/11/26 01,38,10852
2011/11/26 02,39,1134
2011/11/26 03,33,1467
2011/11/26 04,25,1571
2011/11/26 05,20,869
2011/11/26 06,21,1117
2011/11/26 07,22,1613
2011/11/26 08,27,5930
2011/11/26 09,26,9166
2011/11/26 10,14,11372
2011/11/26 11,15,12635
2011/11/26 12,16,12367
2011/11/26 13,23,7325
2011/11/26 14,14,3416
2011/11/26 15,16,3168
2011/11/26 16,23,3596
2011/11/26 17,33,4007
2011/11/26 18,32,1316
2011/11/26 19,45,1595
2011/11/26 20,45,1717
2011/11/26 21,42,1884
2011/11/26 22,39,2053
2011/11/26 23,35,1748
2011/11/27 00,36,2228
2011/11/27 01,37,2606
2011/11/27 02,39,2394
2011/11/27 03,39,2020
2011/11/27 04,33,1447
2011/11/27 05,28,1452
2011/11/27 06,23,588
2011/11/27 07,23,664
2011/11/27 08,23,781
2011/11/27 09,25,1212
2011/11/27 10,24,1771
2011/11/27 11,27,1969
2011/11/27 12,24,2309
2011/11/27 13,28,2343
2011/11/27 14,26,2589
2011/11/27 15,37,3245
2011/11/27 16,39,1141
2011/11/27 17,43,1293
2011/11/27 18,44,2141
2011/11/27 19,44,2489
2011/11/27 20,43,2758
2011/11/27 21,42,2788
2011/11/27 22,36,2485
2011/11/27 23,37,2381
2011/11/28 00,30,1958
2011/11/28 01,32,2218
2011/11/28 02,34,2087
2011/11/28 03,36,2161
2011/11/28 04,37,2387
2011/11/28 05,35,2165
2011/11/28 06,31,1883
2011/11/28 07,32,2066
2011/11/28 08,25,1665
2011/11/28 09,25,2016
2011/11/28 10,21,1719
2011/11/28 11,25,2087
2011/11/28 12,26,1692
2011/11/28 13,26,1311
2011/11/28 14,24,1402
2011/11/28 15,24,1537
2011/11/28 16,27,2333
2011/11/28 17,34,2864
2011/11/28 18,36,3287
2011/11/28 19,32,2746
2011/11/28 20,40,2960
2011/11/28 21,48,2872
2011/11/28 22,36,2946
2011/11/28 23,32,2534
2011/11/29 00,39,2814
2011/11/29 01,35,2524
2011/11/29 02,32,2516
2011/11/29 03,31,2500
2011/11/29 04,30,2096
2011/11/29 05,32,2708
2011/11/29 06,31,2701
2011/11/29 07,30,2258
2011/11/29 08,31,1809
2011/11/29 09,25,2107
2011/11/29 10,18,2243
2011/11/29 11,21,2486
2011/11/29 12,26,2291
2011/11/29 13,27,1748
2011/11/29 14,32,1410
2011/11/29 15,25,1698
2011/11/29 16,27,1825
2011/11/29 17,41,3010
2011/11/29 18,43,3222
2011/11/29 19,45,3595
2011/11/29 20,57,3954
2011/11/29 21,52,3950
2011/11/29 22,54,4004
2011/11/29 23,48,3617
2011/11/30 00,44,2974
2011/11/30 01,42,2716
2011/11/30 02,36,2801
2011/11/30 03,31,2760
2011/11/30 04,33,3384
2011/11/30 05,28,2361
2011/11/30 06,21,2613
2011/11/30 07,27,2655
2011/11/30 08,27,2463
2011/11/30 09,23,2671
2011/11/30 10,22,2760
2011/11/30 11,21,3257
2011/11/30 12,24,2475
2011/11/30 13,23,804
2011/11/30 14,27,1473
2011/11/30 15,35,1947
2011/11/30 16,41,2456
2011/11/30 17,46,2918
2011/11/30 18,42,3283
2011/11/30 19,47,3303
2011/11/30 20,48,2859
2011/11/30 21,52,3365
2011/11/30 22,46,3330
2011/11/30 23,53,3813
2011/12/01 00,50,3162
2011/12/01 01,43,2637
2011/12/01 02,47,2230
2011/12/01 03,48,2618
2011/12/01 04,43,3764
2011/12/01 05,46,2866
2011/12/01 06,36,2620
2011/12/01 07,31,2182
2011/12/01 08,31,2320
2011/12/01 09,27,3295
2011/12/01 10,27,2732
2011/12/01 11,27,2616
2011/12/01 12,28,2915
2011/12/01 13,31,1832
2011/12/01 14,31,2261
2011/12/01 15,33,2483
2011/12/01 16,30,2862
2011/12/01 17,36,2942
2011/12/01 18,41,3172
2011/12/01 19,36,3148
2011/12/01 20,40,3091
2011/12/01 21,38,3301
2011/12/01 22,48,3502
2011/12/01 23,49,3233
2011/12/02 00,47,3061
2011/12/02 01,44,3401
2011/12/02 02,42,2871
2011/12/02 03,39,2417
2011/12/02 04,36,2522
2011/12/02 05,35,2870
2011/12/02 06,35,2536
2011/12/02 07,28,2692
2011/12/02 08,23,2542
2011/12/02 09,23,2654
2011/12/02 10,22,2403
2011/12/02 11,25,2009
2011/12/02 12,24,2304
2011/12/02 13,34,2390
2011/12/02 14,37,1617
2011/12/02 15,36,1849
2011/12/02 16,35,2227
2011/12/02 17,32,2507
2011/12/02 18,30,2674
2011/12/02 19,32,1852
2011/12/02 20,37,17408
2011/12/02 21,44,24755
2011/12/02 22,47,26501
2011/12/02 23,51,2545
2011/12/03 00,48,2933
2011/12/03 01,44,2622
2011/12/03 02,43,2729
2011/12/03 03,33,2099
2011/12/03 04,31,1998
2011/12/03 05,32,1985
2011/12/03 06,31,1674
2011/12/03 07,26,1799
2011/12/03 08,21,1670
2011/12/03 09,21,1908
2011/12/03 10,24,2069
2011/12/03 11,31,2407
2011/12/03 12,31,2076
2011/12/03 13,37,1955
2011/12/03 14,38,1963
2011/12/03 15,34,2419
2011/12/03 16,41,2385
2011/12/03 17,43,2724
2011/12/03 18,36,14869
2011/12/03 19,31,17555
2011/12/03 20,45,23102
2011/12/03 21,49,27601
2011/12/03 22,47,2328
2011/12/03 23,50,2604
2011/12/04 00,41,2636
2011/12/04 01,43,2537
2011/12/04 02,43,2365
2011/12/04 03,40,2678
2011/12/04 04,39,2194
2011/12/04 05,30,1883
2011/12/04 06,24,1916
2011/12/04 07,27,1811
2011/12/04 08,26,1981
2011/12/04 09,24,1988
2011/12/04 10,25,2655
2011/12/04 11,22,2125
2011/12/04 12,19,2592
2011/12/04 13,19,2684
2011/12/04 14,21,2773
2011/12/04 15,30,2999
2011/12/04 16,35,3151
2011/12/04 17,44,3697
2011/12/04 18,47,8387
2011/12/04 19,39,14651
2011/12/04 20,45,21101
2011/12/04 21,40,26284
2011/12/04 22,41,25414
2011/12/04 23,34,28317
2011/12/05 00,43,28828
2011/12/05 01,39,33457
2011/12/05 02,33,2218
2011/12/05 03,34,2034
2011/12/05 04,35,2307
2011/12/05 05,26,1934
2011/12/05 06,19,1426
2011/12/05 07,25,1729
2011/12/05 08,28,1801
2011/12/05 09,22,1636
2011/12/05 10,20,1904
2011/12/05 11,19,1477
2011/12/05 12,18,1885
2011/12/05 13,16,2217
2011/12/05 14,20,1840
2011/12/05 15,21,2066
2011/12/05 16,27,2350
2011/12/05 17,28,2852
2011/12/05 18,34,3050
2011/12/05 19,43,3290
2011/12/05 20,41,3346
2011/12/05 21,45,3457
2011/12/05 22,42,3410
2011/12/05 23,44,3692
2011/12/06 00,46,3432
2011/12/06 01,42,3137
2011/12/06 02,43,3016
2011/12/06 03,37,2507
2011/12/06 04,30,2785
2011/12/06 05,30,1738
2011/12/06 06,30,2753
2011/12/06 07,28,2672
2011/12/06 08,26,2776
2011/12/06 09,25,3133
2011/12/06 10,24,1900
2011/12/06 11,25,1652
2011/12/06 12,27,1866
2011/12/06 13,22,2086
2011/12/06 14,29,2339
2011/12/06 15,37,3154
2011/12/06 16,29,2712
2011/12/06 17,27,2634
2011/12/06 18,37,2951
2011/12/06 19,45,3446
2011/12/06 20,49,3263
2011/12/06 21,56,3719
2011/12/06 22,52,3685
2011/12/06 23,48,3602
2011/12/07 00,36,3564
2011/12/07 01,42,3190
2011/12/07 02,34,3124
2011/12/07 03,32,3077
2011/12/07 04,31,3360
2011/12/07 05,26,3510
2011/12/07 06,25,2968
2011/12/07 07,23,2613
2011/12/07 08,20,2170
2011/12/07 09,17,2024
2011/12/07 10,16,2374
2011/12/07 11,19,2213
2011/12/07 12,15,3258
2011/12/07 13,21,1966
2011/12/07 14,22,2109
2011/12/07 15,25,2336
2011/12/07 16,25,2661
2011/12/07 17,30,3765
2011/12/07 18,32,2467
2011/12/07 19,42,3157
2011/12/07 20,45,3504
2011/12/07 21,38,3567
2011/12/07 22,42,3301
2011/12/07 23,42,3676
2011/12/08 00,40,3864
2011/12/08 01,34,3933
2011/12/08 02,38,3688
2011/12/08 03,42,3116
2011/12/08 04,35,3373
2011/12/08 05,22,3786
2011/12/08 06,20,2940
2011/12/08 07,19,2543
2011/12/08 08,23,2812
2011/12/08 09,17,2047
2011/12/08 10,17,2282
2011/12/08 11,14,1899
2011/12/08 12,24,2047
2011/12/08 13,28,2068
2011/12/08 14,37,2472
2011/12/08 15,33,2419
2011/12/08 16,33,2798
2011/12/08 17,31,2629
2011/12/08 18,31,3209
2011/12/08 19,39,3347
2011/12/08 20,41,3814
2011/12/08 21,39,2832
2011/12/08 22,42,3054
2011/12/08 23,41,3085
2011/12/09 00,50,3097
2011/12/09 01,45,2882
2011/12/09 02,34,2748
2011/12/09 03,29,2446
2011/12/09 04,30,3129
2011/12/09 05,29,2795
2011/12/09 06,31,2438
2011/12/09 07,31,2562
2011/12/09 08,23,2553
2011/12/09 09,20,2280
2011/12/09 10,25,2345
2011/12/09 11,22,2367
2011/12/09 12,23,3477
2011/12/09 13,24,1581
2011/12/09 14,25,1928
2011/12/09 15,22,2214
2011/12/09 16,30,2912
2011/12/09 17,36,2719
2011/12/09 18,39,2961
2011/12/09 19,44,3520
2011/12/09 20,41,3059
2011/12/09 21,44,3100
2011/12/09 22,42,2922
2011/12/09 23,45,3069
2011/12/10 00,42,3232
2011/12/10 01,42,3125
2011/12/10 02,32,2857
2011/12/10 03,30,2880
2011/12/10 04,35,2644
2011/12/10 05,36,3036
2011/12/10 06,40,3148
2011/12/10 07,33,3386
2011/12/10 08,32,3419
2011/12/10 09,30,2591
2011/12/10 10,31,2410
2011/12/10 11,28,2376
2011/12/10 12,30,2676
2011/12/10 13,33,3269
2011/12/10 14,36,1528
2011/12/10 15,38,1969
2011/12/10 16,31,2512
2011/12/10 17,34,2159
2011/12/10 18,40,3470
2011/12/10 19,37,3388
2011/12/10 20,50,2654
2011/12/10 21,53,2495
2011/12/10 22,44,2463
2011/12/10 23,42,2267
2011/12/11 00,45,2674
2011/12/11 01,45,3374
2011/12/11 02,43,3357
2011/12/11 03,32,2837
2011/12/11 04,32,2560
2011/12/11 05,29,2539
2011/12/11 06,29,2495
2011/12/11 07,24,2348
2011/12/11 08,22,2176
2011/12/11 09,23,2373
2011/12/11 10,24,2466
2011/12/11 11,29,2813
2011/12/11 12,28,3246
2011/12/11 13,27,4121
2011/12/11 14,29,2290
2011/12/11 15,31,3009
2011/12/11 16,34,2603
2011/12/11 17,36,1970
2011/12/11 18,40,2447
2011/12/11 19,45,2519
2011/12/11 20,54,5000
2011/12/11 21,42,5885
2011/12/11 22,38,7116
2011/12/11 23,35,9710
2011/12/12 00,36,9935
2011/12/12 01,38,9369
2011/12/12 02,38,3341
2011/12/12 03,32,2562
2011/12/12 04,34,2583
2011/12/12 05,29,2835
2011/12/12 06,27,2762
2011/12/12 07,22,2610
2011/12/12 08,19,2730
2011/12/12 09,20,2820
2011/12/12 10,22,2680
2011/12/12 11,20,2836
2011/12/12 12,20,3593
2011/12/12 13,23,1296
2011/12/12 14,24,1847
2011/12/12 15,21,2356
2011/12/12 16,30,2992
2011/12/12 17,33,3576
2011/12/12 18,33,3598
2011/12/12 19,46,3754
2011/12/12 20,43,4915
2011/12/12 21,46,4631
2011/12/12 22,49,4960
2011/12/12 23,42,3767
2011/12/13 00,35,3342
2011/12/13 01,35,3417
2011/12/13 02,30,3334
2011/12/13 03,32,3736
2011/12/13 04,28,3659
2011/12/13 05,31,3721
2011/12/13 06,23,2941
2011/12/13 07,19,2638
2011/12/13 08,21,2666
2011/12/13 09,18,2820
2011/12/13 10,15,3131
2011/12/13 11,16,2718
2011/12/13 12,20,2306
2011/12/13 13,26,3519
2011/12/13 14,30,1891
2011/12/13 15,28,1915
2011/12/13 16,26,2648
2011/12/13 17,31,2966
2011/12/13 18,30,3542
2011/12/13 19,30,6124
2011/12/13 20,40,5932
2011/12/13 21,34,3454
2011/12/13 22,37,4120
2011/12/13 23,34,3880
2011/12/14 00,32,3893
2011/12/14 01,34,3196
2011/12/14 02,33,3321
2011/12/14 03,33,3080
2011/12/14 04,28,2715
2011/12/14 05,23,2227
2011/12/14 06,27,2542
2011/12/14 07,25,2013
2011/12/14 08,27,2534
2011/12/14 09,22,2576
2011/12/14 10,20,2879
2011/12/14 11,19,3240
2011/12/14 12,21,2784
2011/12/14 13,21,2834
2011/12/14 14,25,1863
2011/12/14 15,29,2155
2011/12/14 16,26,2289
2011/12/14 17,35,2889
2011/12/14 18,40,3552
2011/12/14 19,31,3246
2011/12/14 20,35,3277
2011/12/14 21,30,4195
2011/12/14 22,39,3287
2011/12/14 23,35,3722
2011/12/15 00,31,3536
2011/12/15 01,30,4011
2011/12/15 02,29,3766
2011/12/15 03,30,4213
2011/12/15 04,36,2194
2011/12/15 05,28,2948
2011/12/15 06,28,2194
2011/12/15 07,24,2277
2011/12/15 08,25,2137
2011/12/15 09,25,2658
2011/12/15 10,19,2342
2011/12/15 11,20,2551
2011/12/15 12,19,3224
2011/12/15 13,17,1964
2011/12/15 14,23,2077
2011/12/15 15,21,2090
2011/12/15 16,22,2716
2011/12/15 17,27,2933
2011/12/15 18,22,3017
2011/12/15 19,30,4221
2011/12/15 20,29,6627
2011/12/15 21,26,2834
2011/12/15 22,27,3241
2011/12/15 23,33,3437
2011/12/16 00,36,3709
2011/12/16 01,36,3764
2011/12/16 02,32,3123
2011/12/16 03,31,3034
2011/12/16 04,32,2929
2011/12/16 05,25,3308
2011/12/16 06,27,2472
2011/12/16 07,22,2144
2011/12/16 08,16,2012
2011/12/16 09,17,2219
2011/12/16 10,13,1812
2011/12/16 11,17,1602
2011/12/16 12,21,2351
2011/12/16 13,18,2431
2011/12/16 14,17,2707
2011/12/16 15,21,2891
2011/12/16 16,25,2451
2011/12/16 17,26,2853
2011/12/16 18,28,3184
2011/12/16 19,24,3218
2011/12/16 20,33,3082
2011/12/16 21,37,3556
2011/12/16 22,34,3599
2011/12/16 23,40,4416
2011/12/17 00,43,4328
2011/12/17 01,43,3691
2011/12/17 02,37,2723
2011/12/17 03,31,2963
2011/12/17 04,39,3124
2011/12/17 05,27,2278
2011/12/17 06,28,1819
2011/12/17 07,28,1640
2011/12/17 08,23,1957
2011/12/17 09,25,1897
2011/12/17 10,25,2223
2011/12/17 11,22,2471
2011/12/17 12,21,2704
2011/12/17 13,19,2913
2011/12/17 14,24,3323
2011/12/17 15,27,4372
2011/12/17 16,34,3060
2011/12/17 17,28,2232
2011/12/17 18,26,2254
2011/12/17 19,22,2205
2011/12/17 20,29,2714
2011/12/17 21,37,3757
2011/12/17 22,37,3147
2011/12/17 23,39,3750
2011/12/18 00,43,3629
2011/12/18 01,39,3123
2011/12/18 02,33,2900
2011/12/18 03,25,3265
2011/12/18 04,28,2321
2011/12/18 05,28,1622
2011/12/18 06,23,1620
2011/12/18 07,30,1773
2011/12/18 08,31,1880
2011/12/18 09,32,2021
2011/12/18 10,21,2813
2011/12/18 11,22,2749
2011/12/18 12,26,3123
2011/12/18 13,21,2960
2011/12/18 14,28,3073
2011/12/18 15,30,3866
2011/12/18 16,32,2537
2011/12/18 17,33,2852
2011/12/18 18,35,3227
2011/12/18 19,36,4418
2011/12/18 20,44,4297
2011/12/18 21,38,3852
2011/12/18 22,35,3261
2011/12/18 23,34,3540
2011/12/19 00,36,3560
2011/12/19 01,31,3221
2011/12/19 02,31,3252
2011/12/19 03,27,2068
2011/12/19 04,30,2268
2011/12/19 05,27,2137
2011/12/19 06,28,2364
2011/12/19 07,26,1939
2011/12/19 08,25,2065
2011/12/19 09,25,2017
2011/12/19 10,19,1368
2011/12/19 11,22,1599
2011/12/19 12,24,1797
2011/12/19 13,22,2171
2011/12/19 14,26,2518
2011/12/19 15,28,2794
2011/12/19 16,25,3234
2011/12/19 17,25,3234
2011/12/19 18,25,4333
2011/12/19 19,31,3093
2011/12/19 20,34,3693
2011/12/19 21,29,3887
2011/12/19 22,34,3961
2011/12/19 23,40,4382
2011/12/20 00,31,5174
2011/12/20 01,27,3525
2011/12/20 02,33,3228
2011/12/20 03,33,2900
2011/12/20 04,30,2402
2011/12/20 05,30,1646
2011/12/20 06,34,1523
2011/12/20 07,31,2287
2011/12/20 08,32,2338
2011/12/20 09,23,1735
2011/12/20 10,20,1380
2011/12/20 11,15,1505
2011/12/20 12,16,964
2011/12/20 13,16,750
2011/12/20 14,29,1270
2011/12/20 15,32,1754
2011/12/20 16,31,1994
2011/12/20 17,30,2245
2011/12/20 18,30,3030
2011/12/20 19,36,3382
2011/12/20 20,47,3473
2011/12/20 21,41,3635
2011/12/20 22,49,4807
2011/12/20 23,47,3943
2011/12/21 00,47,3219
2011/12/21 01,43,3200
2011/12/21 02,43,3232
2011/12/21 03,33,2659
2011/12/21 04,30,2748
2011/12/21 05,25,2048
2011/12/21 06,26,1866
2011/12/21 07,25,2101
2011/12/21 08,25,2227
2011/12/21 09,24,1956
2011/12/21 10,17,1971
2011/12/21 11,20,2207
2011/12/21 12,19,726
2011/12/21 13,25,1427
2011/12/21 14,30,2153
2011/12/21 15,27,2007
2011/12/21 16,29,2810
2011/12/21 17,29,3010
2011/12/21 18,32,3480
2011/12/21 19,34,4506
2011/12/21 20,37,3417
2011/12/21 21,33,3229
2011/12/21 22,35,3466
2011/12/21 23,35,3144
2011/12/22 00,32,2910
2011/12/22 01,28,3056
2011/12/22 02,30,2676
2011/12/22 03,35,2588
2011/12/22 04,28,2709
2011/12/22 05,26,1720
2011/12/22 06,26,1978
2011/12/22 07,26,1793
2011/12/22 08,28,2065
2011/12/22 09,22,2238
2011/12/22 10,22,1582
2011/12/22 11,26,1707
2011/12/22 12,25,2236
2011/12/22 13,29,1292
2011/12/22 14,23,1522
2011/12/22 15,22,1729
2011/12/22 16,22,2379
2011/12/22 17,23,2566
2011/12/22 18,20,2743
2011/12/22 19,21,3389
2011/12/22 20,39,3381
2011/12/22 21,45,3158
2011/12/22 22,46,3405
2011/12/22 23,45,3279
2011/12/23 00,47,3513
2011/12/23 01,37,3570
2011/12/23 02,40,3307
2011/12/23 03,34,2869
2011/12/23 04,31,2872
2011/12/23 05,31,1565
2011/12/23 06,32,1689
2011/12/23 07,37,1605
2011/12/23 08,28,1717
2011/12/23 09,36,1854
2011/12/23 10,25,1973
2011/12/23 11,20,1403
2011/12/23 12,25,1734
2011/12/23 13,19,2121
2011/12/23 14,22,2426
2011/12/23 15,27,2814
2011/12/23 16,26,1572
2011/12/23 17,27,1621
2011/12/23 18,27,1944
2011/12/23 19,24,2250
2011/12/23 20,28,2462
2011/12/23 21,41,2886
2011/12/23 22,42,3153
2011/12/23 23,44,3393
2011/12/24 00,43,3460
2011/12/24 01,44,3560
2011/12/24 02,40,2950
2011/12/24 03,34,3131
2011/12/24 04,30,3329
2011/12/24 05,30,1158
2011/12/24 06,33,1370
2011/12/24 07,29,1448
2011/12/24 08,27,1606
2011/12/24 09,25,1583
2011/12/24 10,21,1562
2011/12/24 11,11,2094
2011/12/24 12,14,1958
2011/12/24 13,12,2124
2011/12/24 14,14,2010
2011/12/24 15,11,1490
2011/12/24 16,12,1584
2011/12/24 17,13,584
2011/12/24 18,11,662
2011/12/24 19,16,1346
2011/12/24 20,21,1685
2011/12/24 21,26,2088
2011/12/24 22,33,2357
2011/12/24 23,29,2556
2011/12/25 00,31,2846
2011/12/25 01,37,2673
2011/12/25 02,32,3055
2011/12/25 03,24,3108
2011/12/25 04,31,3513
2011/12/25 05,24,1332
2011/12/25 06,20,1097
2011/12/25 07,24,1321
2011/12/25 08,26,1463
2011/12/25 09,23,1684
2011/12/25 10,24,1847
2011/12/25 11,26,2310
2011/12/25 12,21,1930
2011/12/25 13,20,2164
2011/12/25 14,19,2576
2011/12/25 15,21,1386
2011/12/25 16,26,1839
2011/12/25 17,32,2116
2011/12/25 18,27,2382
2011/12/25 19,32,2979
2011/12/25 20,26,2771
2011/12/25 21,30,3415
2011/12/25 22,30,2892
2011/12/25 23,35,2878
2011/12/26 00,36,2960
2011/12/26 01,35,3167
2011/12/26 02,34,3419
2011/12/26 03,33,2779
2011/12/26 04,32,3104
2011/12/26 05,31,2203
2011/12/26 06,35,2735
2011/12/26 07,32,1095
2011/12/26 08,27,1176
2011/12/26 09,29,1583
2011/12/26 10,29,1240
2011/12/26 11,25,1517
2011/12/26 12,17,1458
2011/12/26 13,12,914
2011/12/26 14,18,1195
2011/12/26 15,20,1311
2011/12/26 16,26,1425
2011/12/26 17,26,1855
2011/12/26 18,35,2191
2011/12/26 19,38,2607
2011/12/26 20,40,2928
2011/12/26 21,40,2520
2011/12/26 22,42,3086
2011/12/26 23,37,2725
2011/12/27 00,40,3143
2011/12/27 01,35,3012
2011/12/27 02,32,2855
2011/12/27 03,34,2534
2011/12/27 04,33,2670
2011/12/27 05,32,2230
2011/12/27 06,27,938
2011/12/27 07,28,2078
2011/12/27 08,31,1715
2011/12/27 09,31,1977
2011/12/27 10,29,1882
2011/12/27 11,31,2259
2011/12/27 12,28,2049
2011/12/27 13,24,2698
2011/12/27 14,24,2343
2011/12/27 15,29,1967
2011/12/27 16,27,1941
2011/12/27 17,35,2761
2011/12/27 18,28,2503
2011/12/27 19,35,3157
2011/12/27 20,34,3469
2011/12/27 21,37,3207
2011/12/27 22,37,3157
2011/12/27 23,39,3051
2011/12/28 00,48,3231
2011/12/28 01,41,3393
2011/12/28 02,44,3054
2011/12/28 03,39,2875
2011/12/28 04,41,2809
2011/12/28 05,35,2850
2011/12/28 06,39,3192
2011/12/28 07,36,1518
2011/12/28 08,29,1589
2011/12/28 09,24,1486
2011/12/28 10,26,1567
2011/12/28 11,22,1846
2011/12/28 12,19,1253
2011/12/28 13,24,2046
2011/12/28 14,19,1756
2011/12/28 15,21,2057
2011/12/28 16,29,2534
2011/12/28 17,28,2783
2011/12/28 18,30,3108
2011/12/28 19,26,3116
2011/12/28 20,30,3082
2011/12/28 21,35,3139
2011/12/28 22,40,4242
2011/12/28 23,45,2894
2011/12/29 00,42,3337
2011/12/29 01,37,3479
2011/12/29 02,36,3246
2011/12/29 03,38,2972
2011/12/29 04,28,2574
2011/12/29 05,28,2508
2011/12/29 06,27,2492
2011/12/29 07,21,2141
2011/12/29 08,30,2518
2011/12/29 09,20,2198
2011/12/29 10,19,2168
2011/12/29 11,25,2108
2011/12/29 12,26,2225
2011/12/29 13,22,2403
2011/12/29 14,25,2524
2011/12/29 15,23,1964
2011/12/29 16,22,1783
2011/12/29 17,21,1923
2011/12/29 18,27,2837
2011/12/29 19,32,6253
2011/12/29 20,27,6208
2011/12/29 21,25,7536
2011/12/29 22,35,8016
2011/12/29 23,32,7124
2011/12/30 00,36,7960
2011/12/30 01,34,3932
2011/12/30 02,35,3863
2011/12/30 03,27,4037
2011/12/30 04,29,4183
2011/12/30 05,33,2110
2011/12/30 06,32,2519
2011/12/30 07,27,1863
2011/12/30 08,25,2011
2011/12/30 09,26,1427
2011/12/30 10,27,1311
2011/12/30 11,25,1431
2011/12/30 12,29,1620
2011/12/30 13,27,2247
2011/12/30 14,32,1829
2011/12/30 15,19,2052
2011/12/30 16,20,2326
2011/12/30 17,30,1961
2011/12/30 18,31,2134
2011/12/30 19,40,3843
2011/12/30 20,36,4387
2011/12/30 21,37,4343
2011/12/30 22,42,2927
2011/12/30 23,35,3620
2011/12/31 00,35,3768
2011/12/31 01,42,4484
2011/12/31 02,42,4290
2011/12/31 03,36,3867
2011/12/31 04,37,4666
2011/12/31 05,36,2765
2011/12/31 06,36,2722
2011/12/31 07,31,3132
2011/12/31 08,25,2138
2011/12/31 09,22,2322
2011/12/31 10,21,2477
2011/12/31 11,23,2561
2011/12/31 12,17,2607
2011/12/31 13,23,3158
2011/12/31 14,18,923
2011/12/31 15,19,1036
2011/12/31 16,20,1344
2011/12/31 17,16,1067
2011/12/31 18,21,2083
2011/12/31 19,23,2385
2011/12/31 20,18,2052
2011/12/31 21,29,2049
2011/12/31 22,23,2193
2011/12/31 23,22,2655
2012/01/01 00,34,2754
2012/01/01 01,31,3308
2012/01/01 02,24,2992
2012/01/01 03,27,3237
2012/01/01 04,24,3045
2012/01/01 05,26,2742
2012/01/01 06,30,2421
2012/01/01 07,28,2196
2012/01/01 08,26,1998
2012/01/01 09,23,2125
2012/01/01 10,24,2027
2012/01/01 11,25,2776
2012/01/01 12,23,1415
2012/01/01 13,18,1574
2012/01/01 14,19,1895
2012/01/01 15,24,2721
2012/01/01 16,35,2426
2012/01/01 17,37,2891
2012/01/01 18,36,3316
2012/01/01 19,34,3542
2012/01/01 20,39,4190
2012/01/01 21,35,3692
2012/01/01 22,44,5115
2012/01/01 23,43,3344
2012/01/02 00,35,3600
2012/01/02 01,38,3360
2012/01/02 02,35,3414
2012/01/02 03,33,5032
2012/01/02 04,28,3836
2012/01/02 05,25,3646
2012/01/02 06,22,3601
2012/01/02 07,29,3588
2012/01/02 08,35,3297
2012/01/02 09,28,2847
2012/01/02 10,24,2799
2012/01/02 11,22,3286
2012/01/02 12,25,3610
2012/01/02 13,26,3331
2012/01/02 14,23,3866
2012/01/02 15,18,4046
2012/01/02 16,22,3788
2012/01/02 17,25,3994
2012/01/02 18,33,4691
2012/01/02 19,37,5019
2012/01/02 20,43,6858
2012/01/02 21,40,4171
2012/01/02 22,45,4643
2012/01/02 23,45,3733
2012/01/03 00,42,3818
2012/01/03 01,36,5537
2012/01/03 02,35,3634
2012/01/03 03,38,2832
2012/01/03 04,31,2785
2012/01/03 05,40,3237
2012/01/03 06,38,3272
2012/01/03 07,37,3199
2012/01/03 08,30,3317
2012/01/03 09,27,2713
2012/01/03 10,23,2742
2012/01/03 11,21,2904
2012/01/03 12,15,3218
2012/01/03 13,14,3232
2012/01/03 14,17,3476
2012/01/03 15,20,3664
2012/01/03 16,23,3876
2012/01/03 17,32,4148
2012/01/03 18,32,4237
2012/01/03 19,34,4556
2012/01/03 20,42,4058
2012/01/03 21,40,4203
2012/01/03 22,46,4352
2012/01/03 23,47,3507
2012/01/04 00,43,2984
2012/01/04 01,36,3074
2012/01/04 02,36,2486
2012/01/04 03,33,3075
2012/01/04 04,39,2125
2012/01/04 05,36,2487
2012/01/04 06,30,2450
2012/01/04 07,26,2177
2012/01/04 08,24,2711
2012/01/04 09,23,3207
2012/01/04 10,17,2750
2012/01/04 11,20,2859
2012/01/04 12,18,3164
2012/01/04 13,21,3630
2012/01/04 14,23,3697
2012/01/04 15,28,3756
2012/01/04 16,29,3943
2012/01/04 17,32,4218
2012/01/04 18,36,4611
2012/01/04 19,39,4716
2012/01/04 20,41,4714
2012/01/04 21,40,4961
2012/01/04 22,51,4402
2012/01/04 23,51,4558
2012/01/05 00,46,4783
2012/01/05 01,50,4431
2012/01/05 02,48,4535
2012/01/05 03,49,4032
2012/01/05 04,41,3780
2012/01/05 05,37,3840
2012/01/05 06,40,3113
2012/01/05 07,39,1911
2012/01/05 08,35,1439
2012/01/05 09,30,1960
2012/01/05 10,28,1246
2012/01/05 11,24,1923
2012/01/05 12,24,2435
2012/01/05 13,30,2078
2012/01/05 14,26,2413
2012/01/05 15,28,2221
2012/01/05 16,34,3144
2012/01/05 17,37,2050
2012/01/05 18,38,2357
2012/01/05 19,39,2481
2012/01/05 20,43,3613
2012/01/05 21,44,2746
2012/01/05 22,41,4120
2012/01/05 23,40,4636
2012/01/06 00,42,3801
2012/01/06 01,43,4345
2012/01/06 02,41,4157
2012/01/06 03,32,3739
2012/01/06 04,36,3540
2012/01/06 05,36,3349
2012/01/06 06,32,3061
2012/01/06 07,25,3067
2012/01/06 08,24,3022
2012/01/06 09,24,2914
2012/01/06 10,21,3205
2012/01/06 11,22,3127
2012/01/06 12,22,3383
2012/01/06 13,23,4579
2012/01/06 14,23,2306
2012/01/06 15,26,2059
2012/01/06 16,33,2678
2012/01/06 17,38,2632
2012/01/06 18,36,3165
2012/01/06 19,42,2116
2012/01/06 20,45,2062
2012/01/06 21,48,2308
2012/01/06 22,48,2390
2012/01/06 23,51,4096
2012/01/07 00,53,5728
2012/01/07 01,49,6063
2012/01/07 02,49,5705
2012/01/07 03,49,4330
2012/01/07 04,47,4086
2012/01/07 05,40,3607
2012/01/07 06,37,3993
2012/01/07 07,31,3299
2012/01/07 08,29,3131
2012/01/07 09,30,2798
2012/01/07 10,31,2913
2012/01/07 11,30,3009
2012/01/07 12,23,3578
2012/01/07 13,25,3581
2012/01/07 14,24,5585
2012/01/07 15,23,1883
2012/01/07 16,32,2159
2012/01/07 17,42,1599
2012/01/07 18,45,1993
2012/01/07 19,47,1809
2012/01/07 20,40,2480
2012/01/07 21,45,2726
2012/01/07 22,62,2637
2012/01/07 23,61,2909
2012/01/08 00,63,4137
2012/01/08 01,56,4566
2012/01/08 02,54,4656
2012/01/08 03,46,3977
2012/01/08 04,36,3619
2012/01/08 05,31,3756
2012/01/08 06,32,2988
2012/01/08 07,28,3184
2012/01/08 08,31,2856
2012/01/08 09,31,2978
2012/01/08 10,32,3104
2012/01/08 11,24,3211
2012/01/08 12,28,4078
2012/01/08 13,24,3960
2012/01/08 14,35,4122
2012/01/08 15,40,3914
2012/01/08 16,41,4038
2012/01/08 17,44,4043
2012/01/08 18,40,4014
2012/01/08 19,40,4308
2012/01/08 20,49,4822
2012/01/08 21,48,5355
2012/01/08 22,46,2860
2012/01/08 23,41,3172
2012/01/09 00,37,3781
2012/01/09 01,38,3477
2012/01/09 02,41,3170
2012/01/09 03,36,3263
2012/01/09 04,34,2608
2012/01/09 05,27,2675
2012/01/09 06,29,3279
2012/01/09 07,26,3316
2012/01/09 08,25,3043
2012/01/09 09,18,2576
2012/01/09 10,19,2682
2012/01/09 11,19,2423
2012/01/09 12,17,2709
2012/01/09 13,23,3087
2012/01/09 14,31,3517
2012/01/09 15,18,3160
