2011/10/16 16,1,2
2011/10/16 17,1,8
2011/10/16 18,1,10
2011/10/16 19,1,8
2011/10/16 20,1,8
2011/10/18 19,1,8
2011/10/18 20,1,8
2011/10/20 14,1,3
2011/10/20 15,1,3
2011/10/20 17,1,5
2011/10/20 18,1,4
2011/10/20 22,1,1
2011/10/20 23,1,0
2011/10/21 00,1,0
2011/10/24 14,1,0
2011/10/24 15,1,1
2011/10/25 18,1,1
2011/10/25 19,1,2
2011/10/25 20,1,3
2011/10/25 21,1,3
2011/10/26 13,1,2
2011/10/26 14,1,1
2011/10/26 17,1,3
2011/10/26 18,1,2
2011/10/28 21,1,1
2011/10/28 22,1,4
2011/10/28 23,1,0
2011/10/29 15,1,1
2011/10/31 18,1,0
2011/10/31 19,1,1
2011/10/31 20,1,0
