2011/09/30 22,1,3
2011/09/30 23,1,2
2011/10/01 00,1,2
2011/10/01 01,1,1
2011/10/01 21,1,1
2011/10/01 22,1,1
2011/10/01 23,1,1
2011/10/02 00,1,0
2011/10/02 14,1,2
2011/10/02 15,1,2
2011/10/02 16,1,1
2011/10/02 17,1,1
2011/10/02 18,1,1
2011/10/02 20,1,613
2011/10/02 21,1,767
2011/10/02 22,1,857
2011/10/02 23,1,934
2011/10/03 00,1,962
2011/10/03 01,1,815
2011/10/03 02,1,764
2011/10/03 03,1,746
2011/10/04 05,1,14
2011/10/04 06,1,53
2011/10/04 07,1,62
2011/10/05 09,1,1
2011/10/06 02,1,1
2011/10/06 03,1,0
2011/10/06 20,1,1
2011/10/09 10,1,1
2011/10/10 10,1,1
2011/10/11 23,1,1
2011/10/12 00,1,2
2011/10/13 04,1,2
2011/10/13 05,1,1
2011/10/16 20,1,259
2011/10/16 21,1,330
2011/10/16 22,1,323
2011/10/16 23,1,306
2011/10/17 00,1,272
2011/10/17 01,1,278
2011/10/17 02,1,171
2011/10/17 03,1,171
2011/10/17 04,1,172
2011/10/19 01,1,92
2011/10/19 02,1,727
2011/10/19 03,1,810
2011/10/19 06,1,12
2011/10/19 07,1,10
2011/10/19 08,1,6
2011/10/19 09,1,4
2011/10/19 10,1,7
2011/10/21 16,1,2
2011/10/21 17,1,6
2011/10/21 18,1,6
2011/10/21 19,1,4
2011/10/22 04,1,3
2011/10/22 05,1,2
2011/10/22 14,1,1
2011/10/22 20,1,2
2011/10/22 21,1,2
2011/10/22 22,2,3
2011/10/22 23,1,2
2011/10/23 00,1,2
2011/10/23 01,1,1
2011/10/23 02,1,1
2011/10/23 12,1,2
2011/10/23 13,1,4
2011/10/23 14,1,2
2011/10/23 15,1,4
2011/10/26 18,1,1
2011/10/26 19,1,0
2011/10/26 22,1,1
2011/10/26 23,1,3
2011/10/27 00,1,3
2011/10/27 18,1,0
2011/10/27 19,1,2
2011/10/27 20,1,2
2011/10/27 21,1,2
2011/10/29 01,1,0
2011/10/29 02,1,0
2011/10/29 10,1,0
2011/10/29 11,1,0
2011/10/29 15,2,242
2011/10/29 16,2,287
2011/10/29 17,2,277
2011/10/29 18,1,1
2011/10/29 19,1,1
2011/10/29 20,1,1
2011/10/29 21,2,3
2011/10/29 22,2,5
2011/10/29 23,1,4
2011/10/30 00,1,3
2011/10/30 01,1,3
2011/10/30 02,1,4
2011/10/30 03,1,4
2011/10/30 15,1,113
2011/10/30 16,2,189
2011/10/30 22,1,1
2011/10/30 23,1,1
2011/10/31 21,1,2
2011/10/31 22,1,2
2011/11/01 02,1,0
2011/11/01 03,1,2
2011/11/01 04,1,1
2011/11/04 18,1,1
2011/11/04 19,1,2
2011/11/04 20,1,3
2011/11/04 21,1,1
2011/11/06 01,1,0
2011/11/07 02,1,0
2011/11/08 00,1,0
2011/11/08 01,1,0
2011/11/08 07,1,3
2011/11/08 08,1,3
2011/11/08 09,1,4
2011/11/08 20,1,2
2011/11/08 21,1,0
2011/11/11 18,1,0
2011/11/11 19,1,0
2011/11/12 04,1,3
2011/11/12 05,1,4
2011/11/12 06,1,3
2011/11/12 07,1,1
2011/11/12 15,1,1
2011/11/12 16,1,1
2011/11/12 17,1,1
2011/11/15 04,1,1094
2011/11/15 05,1,1455
2011/11/15 06,1,1154
2011/11/15 15,1,0
2011/11/15 16,1,1
2011/11/15 17,1,0
2011/11/15 18,1,0
2011/11/15 23,1,2
2011/11/16 00,1,2
2011/11/20 00,1,6
2011/11/20 10,1,6
2011/11/20 11,2,13
2011/11/20 12,2,21
2011/11/20 13,2,22
2011/11/20 14,2,24
2011/11/20 15,2,19
2011/11/20 16,1,2
2011/11/20 17,1,2
2011/11/20 18,1,3
2011/11/20 19,1,7
2011/11/20 20,1,7
2011/11/20 21,2,312
2011/11/20 22,2,609
2011/11/20 23,2,748
2011/11/21 00,2,896
2011/11/21 01,1,895
2011/11/21 02,1,885
2011/11/21 03,1,578
2011/11/21 15,1,2
2011/11/21 16,1,7
2011/11/21 17,1,17
2011/11/21 18,1,18
2011/11/21 19,1,15
2011/11/21 20,1,9
2011/11/21 21,2,32
2011/11/21 22,2,39
2011/11/21 23,2,35
2011/11/22 00,2,38
2011/11/22 01,2,37
2011/11/22 02,2,55
2011/11/22 03,3,66
2011/11/22 04,3,59
2011/11/22 05,4,93
2011/11/22 06,3,54
2011/11/22 07,2,51
2011/11/22 08,1,26
2011/11/22 09,1,39
2011/11/22 10,1,37
2011/11/22 11,1,46
2011/11/22 19,2,15
2011/11/22 20,2,11
2011/11/22 21,3,259
2011/11/22 22,4,401
2011/11/22 23,4,432
2011/11/23 00,4,515
2011/11/23 01,4,491
2011/11/23 02,5,529
2011/11/23 03,7,1470
2011/11/23 04,5,1628
2011/11/23 05,5,1153
2011/11/23 06,4,848
2011/11/23 07,5,750
2011/11/23 08,4,321
2011/11/23 09,2,141
2011/11/23 10,3,201
2011/11/23 11,3,186
2011/11/23 12,3,149
2011/11/23 13,3,155
2011/11/23 14,2,16
2011/11/23 15,2,16
2011/11/23 16,1,6
2011/11/23 17,1,9
2011/11/23 18,1,9
2011/11/23 19,2,11
2011/11/23 20,4,29
2011/11/23 21,4,120
2011/11/23 22,4,166
2011/11/23 23,2,217
2011/11/24 00,2,127
2011/11/24 01,3,144
2011/11/24 02,4,158
2011/11/24 03,3,142
2011/11/24 04,2,110
2011/11/24 05,2,157
2011/11/24 06,2,178
2011/11/24 07,3,228
2011/11/24 08,2,163
2011/11/24 09,2,162
2011/11/24 10,2,141
2011/11/24 11,2,133
2011/11/24 12,1,119
2011/11/24 14,1,4
2011/11/24 15,2,7
2011/11/24 16,2,8
2011/11/24 17,1,3
2011/11/24 18,3,8
2011/11/24 19,3,9
2011/11/24 20,1,8
2011/11/24 21,1,8
2011/11/24 22,1,6
2011/11/24 23,1,6
2011/11/25 00,1,4
2011/11/25 01,2,57
2011/11/25 02,1,76
2011/11/25 03,2,55
2011/11/25 04,1,7
2011/11/25 05,2,20
2011/11/25 06,2,23
2011/11/25 07,3,27
2011/11/25 08,2,17
2011/11/25 09,1,10
2011/11/25 18,1,5
2011/11/25 19,1,8
2011/11/25 20,2,53
2011/11/25 21,2,182
2011/11/25 22,2,203
2011/11/25 23,2,202
2011/11/26 00,1,193
2011/11/26 01,2,156
2011/11/26 02,2,161
2011/11/26 03,2,163
2011/11/26 04,2,145
2011/11/26 05,1,153
2011/11/26 06,2,156
2011/11/26 07,2,8
2011/11/26 08,2,8
2011/11/26 09,1,5
2011/11/26 13,1,1
2011/11/26 20,1,1
2011/11/26 23,1,3
2011/11/27 00,2,8
2011/11/27 01,3,13
2011/11/27 02,4,799
2011/11/27 03,4,1026
2011/11/27 04,3,1110
2011/11/27 05,2,1039
2011/11/27 06,3,710
2011/11/27 07,2,12
2011/11/27 08,2,13
2011/11/27 09,1,8
2011/11/27 10,1,5
2011/11/27 11,1,7
2011/11/27 12,1,8
2011/11/27 19,1,1
2011/11/27 20,1,0
2011/11/27 21,3,11
2011/11/27 22,4,200
2011/11/27 23,3,534
2011/11/28 00,3,623
2011/11/28 01,4,633
2011/11/28 02,4,653
2011/11/28 03,4,213
2011/11/28 04,4,215
2011/11/28 05,4,184
2011/11/28 06,2,24
2011/11/28 07,2,52
2011/11/28 08,2,50
2011/11/28 09,2,40
2011/11/28 10,2,30
2011/11/28 11,1,10
2011/11/28 12,1,7
2011/11/28 15,1,1
2011/11/28 16,1,2
2011/11/28 20,1,1
2011/11/28 21,2,7
2011/11/28 22,1,7
2011/11/28 23,1,8
2011/11/29 00,3,137
2011/11/29 01,4,182
2011/11/29 02,3,140
2011/11/29 03,5,111
2011/11/29 04,5,110
2011/11/29 05,5,121
2011/11/29 06,3,27
2011/11/29 07,2,14
2011/11/29 08,2,25
2011/11/29 10,1,4
2011/11/29 11,1,5
2011/11/29 12,1,5
2011/11/29 13,1,6
2011/11/29 14,1,6
2011/11/29 15,1,2
2011/11/29 16,1,2
2011/11/29 17,1,3
2011/11/29 18,1,14
2011/11/29 19,1,3
2011/11/29 20,1,3
2011/11/29 21,3,24
2011/11/29 22,3,99
2011/11/29 23,3,172
2011/11/30 00,3,153
2011/11/30 01,2,159
2011/11/30 02,3,205
2011/11/30 03,5,234
2011/11/30 04,5,230
2011/11/30 05,7,253
2011/11/30 06,6,255
2011/11/30 07,4,184
2011/11/30 08,4,196
2011/11/30 09,2,65
2011/11/30 10,1,1
2011/11/30 11,1,3
2011/11/30 12,1,3
2011/11/30 16,2,6
2011/11/30 17,2,7
2011/11/30 18,1,3
2011/11/30 19,1,4
2011/11/30 23,1,67
2011/12/01 00,2,107
2011/12/01 01,3,106
2011/12/01 02,3,105
2011/12/01 03,2,90
2011/12/01 04,1,86
2011/12/01 05,1,82
2011/12/01 06,1,8
2011/12/01 07,2,11
2011/12/01 13,1,4
2011/12/01 14,2,9
2011/12/01 15,1,9
2011/12/01 16,1,10
2011/12/01 17,1,5
2011/12/01 18,1,5
2011/12/01 19,1,86
2011/12/01 20,2,131
2011/12/01 21,1,145
2011/12/01 22,1,156
2011/12/01 23,1,180
2011/12/02 00,2,237
2011/12/02 01,2,257
2011/12/02 02,1,112
2011/12/02 03,1,118
2011/12/02 04,2,143
2011/12/02 05,2,119
2011/12/02 06,1,92
2011/12/02 07,1,59
2011/12/02 08,1,83
2011/12/02 09,1,91
2011/12/02 10,2,780
2011/12/02 11,3,717
2011/12/02 12,1,10
2011/12/02 13,2,11
2011/12/02 14,2,4
2011/12/02 15,1,1
2011/12/02 16,2,3
2011/12/02 17,2,3
2011/12/02 18,2,1
2011/12/02 20,1,5
2011/12/02 21,1,8
2011/12/02 22,1,7
2011/12/02 23,2,4
2011/12/03 01,2,51
2011/12/03 02,2,53
2011/12/03 03,1,5
2011/12/03 04,4,45
2011/12/03 05,4,80
2011/12/03 06,4,92
2011/12/03 07,3,85
2011/12/03 08,4,106
2011/12/03 09,4,156
2011/12/03 10,3,156
2011/12/03 11,2,156
2011/12/03 12,1,62
2011/12/03 13,1,3
2011/12/03 14,2,21
2011/12/03 15,3,37
2011/12/03 16,1,14
2011/12/03 17,1,5
2011/12/03 18,1,4
2011/12/03 19,1,2
2011/12/04 01,1,1
2011/12/04 02,2,11
2011/12/04 03,1,8
2011/12/04 04,1,14
2011/12/04 05,1,12
2011/12/04 11,1,2
2011/12/04 12,1,4
2011/12/04 14,1,4
2011/12/04 15,1,6
2011/12/04 22,1,2
2011/12/05 00,1,2
2011/12/05 01,1,4
2011/12/05 02,3,16
2011/12/05 03,3,15
2011/12/05 21,2,6
2011/12/05 22,1,4
2011/12/05 23,2,166
2011/12/06 00,2,120
2011/12/06 01,1,110
2011/12/06 04,1,2
2011/12/06 05,1,1
2011/12/06 06,1,6
2011/12/06 07,1,6
2011/12/06 09,1,52
2011/12/06 10,1,60
2011/12/06 11,1,54
2011/12/06 18,1,2
2011/12/06 19,1,5
2011/12/06 20,1,0
2011/12/06 21,1,1
2011/12/06 22,2,0
2011/12/07 00,1,3
2011/12/07 01,1,1
2011/12/07 02,1,2
2011/12/07 03,1,54
2011/12/07 04,3,85
2011/12/07 05,3,130
2011/12/07 06,2,33
2011/12/07 07,1,25
2011/12/07 08,1,27
2011/12/07 09,1,24
2011/12/07 10,1,30
2011/12/07 11,1,21
2011/12/07 12,1,29
2011/12/07 13,1,40
2011/12/07 14,1,51
2011/12/07 15,1,29
2011/12/07 16,2,32
2011/12/07 17,1,42
2011/12/07 18,1,40
2011/12/08 01,1,4
2011/12/08 02,4,59
2011/12/08 03,7,73
2011/12/08 04,7,189
2011/12/08 05,8,229
2011/12/08 06,8,209
2011/12/08 07,2,14
2011/12/08 08,1,13
2011/12/08 09,1,10
2011/12/08 10,1,10
2011/12/08 15,1,10
2011/12/08 16,1,14
2011/12/08 17,1,9
2011/12/08 18,2,11
2011/12/08 19,1,3
2011/12/08 20,1,4
2011/12/08 21,1,3
2011/12/08 22,1,5
2011/12/08 23,1,4
2011/12/09 00,1,9
2011/12/09 01,3,6
2011/12/09 02,1,7
2011/12/09 03,2,7
2011/12/09 04,2,9
2011/12/09 05,3,10
2011/12/09 06,3,14
2011/12/09 07,3,16
2011/12/09 08,2,10
2011/12/09 09,3,18
2011/12/09 10,2,15
2011/12/09 11,2,15
2011/12/09 12,1,1
2011/12/09 13,1,1
2011/12/09 19,1,2
2011/12/09 20,1,1
2011/12/09 21,1,0
2011/12/09 22,4,4
2011/12/09 23,1,2
2011/12/10 00,2,1
2011/12/10 02,2,1
2011/12/10 04,1,2
2011/12/10 05,1,4
2011/12/10 06,1,8
2011/12/10 07,1,11
2011/12/10 08,2,4
2011/12/10 09,1,1
2011/12/10 10,1,1
2011/12/10 16,1,3
2011/12/10 19,1,3
2011/12/10 20,2,25
2011/12/10 21,4,169
2011/12/10 22,4,248
2011/12/10 23,5,264
2011/12/11 00,3,468
2011/12/11 01,4,539
2011/12/11 02,2,342
2011/12/11 03,3,392
2011/12/11 04,3,392
2011/12/11 05,3,417
2011/12/11 06,3,418
2011/12/11 07,3,384
2011/12/11 08,4,387
2011/12/11 09,4,395
2011/12/11 10,4,255
2011/12/11 11,2,91
2011/12/11 15,1,2
2011/12/11 16,1,3
2011/12/11 18,1,11
2011/12/11 19,1,35
2011/12/11 20,2,62
2011/12/11 21,2,98
2011/12/11 22,2,427
2011/12/11 23,2,684
2011/12/12 00,3,3120
2011/12/12 01,2,2454
2011/12/12 02,3,1684
2011/12/12 03,3,743
2011/12/12 04,3,553
2011/12/12 05,3,462
2011/12/12 06,2,61
2011/12/12 08,1,38
2011/12/12 09,1,70
2011/12/12 10,1,70
2011/12/12 11,1,59
2011/12/12 15,1,29
2011/12/12 16,1,34
2011/12/12 17,1,59
2011/12/12 18,1,53
2011/12/12 20,1,2
2011/12/12 21,1,2
2011/12/12 23,1,2
2011/12/13 00,2,16
2011/12/13 01,2,92
2011/12/13 02,4,187
2011/12/13 03,3,184
2011/12/13 04,2,84
2011/12/13 05,3,54
2011/12/13 06,2,78
2011/12/13 07,1,118
2011/12/13 08,1,85
2011/12/13 09,1,156
2011/12/13 10,1,150
2011/12/13 11,1,92
2011/12/13 13,1,1
2011/12/13 14,2,31
2011/12/13 15,1,35
2011/12/13 16,1,42
2011/12/13 18,1,16
2011/12/13 19,1,17
2011/12/13 20,1,16
2011/12/13 23,1,6
2011/12/14 00,1,8
2011/12/14 01,1,2
2011/12/14 03,1,3
2011/12/14 04,3,396
2011/12/14 05,3,265
2011/12/14 06,3,78
2011/12/14 07,1,62
2011/12/14 08,1,55
2011/12/14 09,1,15
2011/12/14 10,1,18
2011/12/14 18,1,1
2011/12/14 19,2,6
2011/12/14 20,2,6
2011/12/14 21,1,1
2011/12/14 22,1,1
2011/12/14 23,1,1
2011/12/15 00,1,1
2011/12/15 01,1,15
2011/12/15 02,3,17
2011/12/15 03,2,10
2011/12/15 05,1,33
2011/12/15 06,2,55
2011/12/15 07,3,53
2011/12/15 08,3,8
2011/12/15 09,1,2
2011/12/15 10,1,1
2011/12/15 11,2,3
2011/12/15 12,1,2
2011/12/15 16,1,1
2011/12/15 17,2,5
2011/12/15 18,2,12
2011/12/15 19,1,2
2011/12/15 20,1,2
2011/12/15 21,1,2
2011/12/15 22,1,3
2011/12/15 23,2,12
2011/12/16 00,2,11
2011/12/16 01,2,9
2011/12/16 02,3,459
2011/12/16 03,3,198
2011/12/16 04,2,272
2011/12/16 05,3,312
2011/12/16 06,3,89
2011/12/16 07,2,73
2011/12/16 08,2,39
2011/12/16 17,1,2
2011/12/16 18,1,4
2011/12/16 19,2,39
2011/12/16 20,3,59
2011/12/16 21,2,67
2011/12/16 22,2,88
2011/12/16 23,1,88
2011/12/17 00,1,96
2011/12/17 02,1,0
2011/12/17 04,1,6
2011/12/17 05,2,115
2011/12/17 06,5,359
2011/12/17 07,5,174
2011/12/17 08,4,228
2011/12/17 09,2,119
2011/12/17 10,1,110
2011/12/17 11,1,99
2011/12/17 12,1,79
2011/12/17 13,2,78
2011/12/17 14,2,88
2011/12/17 15,2,75
2011/12/17 18,1,295
2011/12/17 19,1,46
2011/12/17 20,1,11
2011/12/17 21,1,18
2011/12/17 22,1,19
2011/12/18 01,1,2205
2011/12/18 02,1,3785
2011/12/18 03,1,3317
2011/12/18 04,2,3166
2011/12/18 05,1,34
2011/12/18 06,1,36
2011/12/18 07,2,56
2011/12/18 08,3,203
2011/12/18 09,4,171
2011/12/18 10,2,28
2011/12/18 11,1,6
2011/12/18 12,2,9
2011/12/18 13,2,7
2011/12/18 14,1,4
2011/12/18 15,1,2
2011/12/18 17,1,1
2011/12/18 18,2,2
2011/12/18 19,1,3
2011/12/18 20,1,3
2011/12/18 21,1,13
2011/12/18 22,1,7
2011/12/19 03,1,7
2011/12/19 04,1,10
2011/12/19 05,1,7
2011/12/19 06,1,4
2011/12/19 07,1,96
2011/12/19 08,1,187
2011/12/19 12,1,2
2011/12/19 15,1,27
2011/12/19 16,2,42
2011/12/19 17,2,44
2011/12/19 23,1,46
2011/12/20 00,1,63
2011/12/20 02,1,65
2011/12/20 03,1,89
2011/12/20 04,1,83
2011/12/20 05,1,77
2011/12/20 06,1,73
2011/12/20 07,1,0
2011/12/20 16,1,24
2011/12/20 17,1,119
2011/12/20 18,1,78
2011/12/20 19,2,83
2011/12/20 20,1,103
2011/12/20 21,1,75
2011/12/20 22,1,204
2011/12/20 23,2,101
2011/12/21 00,3,158
2011/12/21 01,4,183
2011/12/21 02,3,16
2011/12/21 03,5,22
2011/12/21 04,4,26
2011/12/21 05,1,9
2011/12/21 06,2,87
2011/12/21 07,3,144
2011/12/21 08,2,158
2011/12/21 09,1,144
2011/12/21 14,1,100
2011/12/21 15,1,84
2011/12/21 23,1,2
2011/12/22 00,1,2
2011/12/22 01,3,18
2011/12/22 02,3,13
2011/12/22 03,6,130
2011/12/22 04,7,210
2011/12/22 05,3,102
2011/12/22 06,2,16
2011/12/22 07,2,12
2011/12/22 08,2,13
2011/12/22 09,1,15
2011/12/22 10,1,14
2011/12/22 14,1,237
2011/12/22 15,1,143
2011/12/22 16,1,88
2011/12/22 17,1,98
2011/12/22 18,2,89
2011/12/22 23,1,1
2011/12/23 00,1,0
2011/12/23 02,1,25
2011/12/23 03,1,54
2011/12/23 04,1,56
2011/12/23 05,2,50
2011/12/23 06,3,44
2011/12/23 07,2,48
2011/12/23 08,1,37
2011/12/23 09,2,20
2011/12/23 10,2,21
2011/12/23 16,1,292
2011/12/23 17,1,98
2011/12/23 18,1,60
2011/12/23 19,1,61
2011/12/23 20,1,94
2011/12/23 21,1,285
2011/12/23 22,1,84
2011/12/23 23,1,0
2011/12/24 00,1,0
2011/12/24 01,1,5
2011/12/24 02,2,7
2011/12/24 03,2,53
2011/12/24 04,2,140
2011/12/24 05,2,168
2011/12/24 06,2,211
2011/12/24 07,1,23
2011/12/24 08,1,25
2011/12/24 09,1,18
2011/12/24 10,1,15
2011/12/24 11,1,6
2011/12/24 18,1,6
2011/12/24 19,1,6
2011/12/24 20,1,6
2011/12/24 21,1,1
2011/12/25 02,1,0
2011/12/25 03,2,74
2011/12/25 04,2,71
2011/12/25 05,2,80
2011/12/25 06,1,128
2011/12/25 07,2,144
2011/12/25 08,2,129
2011/12/25 09,1,1
2011/12/25 10,1,1
2011/12/25 18,1,1
2011/12/25 19,1,3
2011/12/25 20,1,4
2011/12/25 21,1,2
2011/12/25 22,1,5
2011/12/25 23,1,5
2011/12/26 00,1,5
2011/12/26 01,2,6
2011/12/26 02,2,8
2011/12/26 03,1,4
2011/12/26 04,1,4
2011/12/26 05,1,5
2011/12/26 06,3,128
2011/12/26 07,4,118
2011/12/26 08,2,112
2011/12/26 09,1,9
2011/12/26 10,1,10
2011/12/26 11,1,7
2011/12/27 00,1,8
2011/12/27 01,2,14
2011/12/27 02,3,109
2011/12/27 03,2,87
2011/12/27 04,2,70
2011/12/27 20,2,4
2011/12/27 21,2,3
2011/12/27 22,1,2
2011/12/27 23,3,51
2011/12/28 00,4,147
2011/12/28 01,3,114
2011/12/28 02,3,116
2011/12/28 03,3,147
2011/12/28 04,5,234
2011/12/28 05,2,40
2011/12/28 06,4,67
2011/12/28 07,5,79
2011/12/28 08,3,84
2011/12/28 09,2,75
2011/12/28 10,4,80
2011/12/28 11,3,73
2011/12/28 12,1,14
2011/12/28 13,1,30
2011/12/28 14,1,51
2011/12/28 15,1,56
2011/12/28 16,1,144
2011/12/28 17,2,46
2011/12/28 18,2,43
2011/12/28 19,1,2
2011/12/28 20,1,2
2011/12/28 21,1,3
2011/12/28 22,1,2
2011/12/28 23,1,3
2011/12/29 00,4,13
2011/12/29 01,4,52
2011/12/29 02,6,118
2011/12/29 03,6,142
2011/12/29 04,6,243
2011/12/29 05,6,99
2011/12/29 06,6,85
2011/12/29 07,6,62
2011/12/29 08,5,29
2011/12/29 09,3,17
2011/12/29 10,2,2
2011/12/29 11,1,1
2011/12/29 13,1,3
2011/12/29 14,1,2
2011/12/29 15,2,5
2011/12/29 16,1,1
2011/12/29 17,1,1
2011/12/29 18,1,2
2011/12/29 19,1,2
2011/12/29 20,1,1
2011/12/29 21,2,67
2011/12/29 22,2,68
2011/12/29 23,2,98
2011/12/30 00,2,10
2011/12/30 01,4,23
2011/12/30 02,6,41
2011/12/30 03,6,92
2011/12/30 04,4,70
2011/12/30 05,2,72
2011/12/30 06,3,57
2011/12/30 07,4,58
2011/12/30 08,3,42
2011/12/30 09,2,8
2011/12/30 10,1,13
2011/12/30 11,1,15
2011/12/30 12,1,9
2011/12/30 17,1,0
2011/12/30 18,1,0
2011/12/31 01,1,3
2011/12/31 03,1,4
2011/12/31 04,1,4
2011/12/31 05,1,12
2011/12/31 06,1,10
2011/12/31 07,1,12
2011/12/31 08,1,9
2011/12/31 11,1,10
2011/12/31 12,1,7
2011/12/31 18,1,1
2011/12/31 19,2,4
2011/12/31 20,2,3
2011/12/31 21,2,8
2011/12/31 22,3,6
2011/12/31 23,3,12
2012/01/01 00,2,12
2012/01/01 01,1,4
2012/01/01 02,3,8
2012/01/01 03,2,18
2012/01/01 04,3,19
2012/01/01 05,2,18
2012/01/01 06,2,11
2012/01/01 07,2,13
2012/01/01 08,1,1
2012/01/01 17,1,3
2012/01/01 18,1,5
2012/01/01 19,1,2
2012/01/01 20,1,1
2012/01/01 22,3,24
2012/01/01 23,4,59
2012/01/02 00,4,70
2012/01/02 01,2,66
2012/01/02 02,3,65
2012/01/02 03,2,45
2012/01/02 04,2,37
2012/01/02 05,2,26
2012/01/02 06,2,22
2012/01/02 07,2,23
2012/01/02 13,1,2
2012/01/02 14,1,4
2012/01/02 15,1,4
2012/01/02 21,1,1
2012/01/02 22,1,2
2012/01/03 01,1,1
2012/01/03 02,1,3
2012/01/03 03,4,199
2012/01/03 04,2,42
2012/01/03 05,2,55
2012/01/03 06,1,2
2012/01/03 07,1,4
2012/01/03 08,1,7
2012/01/03 09,1,6
2012/01/03 17,1,7
2012/01/03 18,1,12
2012/01/03 19,1,13
2012/01/03 20,1,15
2012/01/03 21,2,94
2012/01/03 22,2,92
2012/01/03 23,1,21
2012/01/04 00,1,15
2012/01/04 02,1,14
2012/01/04 03,3,25
2012/01/04 04,4,30
2012/01/04 05,4,29
2012/01/04 06,4,284
2012/01/04 07,4,89
2012/01/04 08,4,95
2012/01/04 09,4,70
2012/01/04 10,5,121
2012/01/04 11,4,82
2012/01/04 12,1,3
2012/01/04 13,1,4
2012/01/04 14,1,11
2012/01/04 15,1,1
2012/01/04 19,1,1
2012/01/04 20,3,2
2012/01/04 21,2,4
2012/01/04 22,3,16
2012/01/04 23,3,95
2012/01/05 00,2,53
2012/01/05 01,2,79
2012/01/05 02,3,73
2012/01/05 03,2,16
2012/01/05 04,3,31
2012/01/05 05,5,85
2012/01/05 06,4,94
2012/01/05 07,3,88
2012/01/05 08,4,85
2012/01/05 09,2,11
2012/01/05 10,2,6
2012/01/05 11,2,4
2012/01/05 12,1,1
2012/01/05 13,1,1
2012/01/06 00,1,17
2012/01/06 01,2,6
2012/01/06 02,3,30
2012/01/06 03,4,68
2012/01/06 04,3,77
2012/01/06 05,5,123
2012/01/06 06,3,165
2012/01/06 07,4,162
2012/01/06 08,2,83
2012/01/06 18,1,1
2012/01/07 00,1,36
2012/01/07 01,3,392
2012/01/07 02,5,582
2012/01/07 03,4,1089
2012/01/07 04,7,1779
2012/01/07 05,6,186
2012/01/07 06,6,187
2012/01/07 07,7,243
2012/01/07 08,5,107
2012/01/07 09,4,322
2012/01/07 10,3,252
2012/01/07 11,3,244
2012/01/07 12,2,233
2012/01/07 13,1,12
2012/01/07 14,1,8
2012/01/07 22,1,1
2012/01/07 23,1,81
2012/01/08 00,2,12
2012/01/08 01,1,8
2012/01/08 02,1,5
2012/01/08 03,1,356
2012/01/08 04,1,29
2012/01/08 05,2,43
2012/01/08 06,3,499
2012/01/08 07,3,463
2012/01/08 08,1,10
2012/01/08 09,1,5
2012/01/08 12,1,22
2012/01/08 13,1,30
2012/01/08 14,2,218
2012/01/08 15,1,314
2012/01/08 16,1,418
2012/01/08 17,1,575
2012/01/08 18,2,721
2012/01/08 19,2,809
2012/01/08 20,3,785
2012/01/08 21,2,60
2012/01/08 22,3,109
2012/01/08 23,3,530
2012/01/09 00,4,744
2012/01/09 01,2,914
2012/01/09 02,2,918
2012/01/09 03,1,1138
2012/01/09 04,2,1351
2012/01/09 05,2,1773
2012/01/09 06,1,10
2012/01/09 07,1,19
2012/01/09 08,1,30
2012/01/09 09,1,26
