2011/09/30 22,67,1719
2011/09/30 23,77,1253
2011/10/01 00,74,1198
2011/10/01 01,79,1560
2011/10/01 02,82,809
2011/10/01 03,91,969
2011/10/01 04,92,1073
2011/10/01 05,95,1235
2011/10/01 06,91,2172
2011/10/01 07,78,2486
2011/10/01 08,72,2930
2011/10/01 09,72,2512
2011/10/01 10,62,2559
2011/10/01 11,55,2806
2011/10/01 12,56,2669
2011/10/01 13,71,2840
2011/10/01 14,68,2094
2011/10/01 15,63,2041
2011/10/01 16,61,1993
2011/10/01 17,63,1476
2011/10/01 18,64,1688
2011/10/01 19,67,1352
2011/10/01 20,79,1257
2011/10/01 21,78,1276
2011/10/01 22,91,1563
2011/10/01 23,84,1095
2011/10/02 00,82,1129
2011/10/02 01,95,1191
2011/10/02 02,94,1596
2011/10/02 03,88,1380
2011/10/02 04,100,1493
2011/10/02 05,95,1777
2011/10/02 06,94,2325
2011/10/02 07,80,3376
2011/10/02 08,67,2985
2011/10/02 09,65,2009
2011/10/02 10,49,1697
2011/10/02 11,52,2299
2011/10/02 12,45,2192
2011/10/02 13,52,5329
2011/10/02 14,61,3858
2011/10/02 15,73,4519
2011/10/02 16,73,1864
2011/10/02 17,68,1873
2011/10/02 18,66,10596
2011/10/02 19,65,16685
2011/10/02 20,74,12342
2011/10/02 21,71,1739
2011/10/02 22,81,2552
2011/10/02 23,80,3590
2011/10/03 00,74,2031
2011/10/03 01,68,1811
2011/10/03 02,66,1601
2011/10/03 03,86,1267
2011/10/03 04,92,1469
2011/10/03 05,79,1187
2011/10/03 06,75,1336
2011/10/03 07,63,1283
2011/10/03 08,60,1331
2011/10/03 09,47,1326
2011/10/03 10,48,1488
2011/10/03 11,44,1240
2011/10/03 12,44,1277
2011/10/03 13,51,1496
2011/10/03 14,59,1545
2011/10/03 15,57,1705
2011/10/03 16,52,1811
2011/10/03 17,55,1701
2011/10/03 18,62,1681
2011/10/03 19,69,1264
2011/10/03 20,69,2893
2011/10/03 21,69,3541
2011/10/03 22,63,2811
2011/10/03 23,62,1384
2011/10/04 00,71,1543
2011/10/04 01,80,1983
2011/10/04 02,87,2201
2011/10/04 03,83,1746
2011/10/04 04,77,1484
2011/10/04 05,81,1629
2011/10/04 06,65,1464
2011/10/04 07,56,1387
2011/10/04 08,50,1266
2011/10/04 09,42,941
2011/10/04 10,40,1052
2011/10/04 11,40,826
2011/10/04 12,47,897
2011/10/04 13,50,872
2011/10/04 14,59,1042
2011/10/04 15,55,902
2011/10/04 16,62,1202
2011/10/04 17,59,1345
2011/10/04 18,65,1375
2011/10/04 19,73,1394
2011/10/04 20,85,1855
2011/10/04 21,89,1847
2011/10/04 22,79,1454
2011/10/04 23,79,1339
2011/10/05 00,73,1052
2011/10/05 01,74,1193
2011/10/05 02,77,988
2011/10/05 03,81,936
2011/10/05 04,71,830
2011/10/05 05,70,1018
2011/10/05 06,51,904
2011/10/05 07,39,931
2011/10/05 08,23,854
2011/10/05 09,27,807
2011/10/05 10,28,1077
2011/10/05 11,38,1310
2011/10/05 12,43,1466
2011/10/05 13,48,1546
2011/10/05 14,61,1917
2011/10/05 15,70,1616
2011/10/05 16,67,1560
2011/10/05 17,74,1598
2011/10/05 18,69,1399
2011/10/05 19,72,1545
2011/10/05 20,70,1836
2011/10/05 21,63,1991
2011/10/05 22,54,1410
2011/10/05 23,52,1495
2011/10/06 00,62,1536
2011/10/06 01,78,945
2011/10/06 02,87,1246
2011/10/06 03,83,1185
2011/10/06 04,85,1278
2011/10/06 05,74,1429
2011/10/06 06,58,1278
2011/10/06 07,53,1239
2011/10/06 08,50,1138
2011/10/06 09,44,959
2011/10/06 10,35,988
2011/10/06 11,40,1112
2011/10/06 12,54,1329
2011/10/06 13,62,946
2011/10/06 14,63,829
2011/10/06 15,65,831
2011/10/06 16,57,933
2011/10/06 17,71,1176
2011/10/06 18,72,1393
2011/10/06 19,74,1250
2011/10/06 20,74,1175
2011/10/06 21,76,1708
2011/10/06 22,72,919
2011/10/06 23,94,1205
2011/10/07 00,94,1536
2011/10/07 01,83,1815
2011/10/07 02,83,1584
2011/10/07 03,75,1598
2011/10/07 04,62,1556
2011/10/07 05,54,1682
2011/10/07 06,52,1559
2011/10/07 07,54,1678
2011/10/07 08,54,1002
2011/10/07 09,43,911
2011/10/07 10,44,876
2011/10/07 11,54,678
2011/10/07 12,66,853
2011/10/07 13,72,1172
2011/10/07 14,84,1283
2011/10/07 15,84,1324
2011/10/07 16,79,1242
2011/10/07 17,79,1088
2011/10/07 18,82,1059
2011/10/07 19,83,1050
2011/10/07 20,83,1162
2011/10/07 21,82,1182
2011/10/07 22,78,1452
2011/10/07 23,71,916
2011/10/08 00,87,1264
2011/10/08 01,83,1257
2011/10/08 02,84,1480
2011/10/08 03,83,1939
2011/10/08 04,64,2232
2011/10/08 05,73,2155
2011/10/08 06,64,2035
2011/10/08 07,63,1789
2011/10/08 08,48,1675
2011/10/08 09,56,1541
2011/10/08 10,55,1558
2011/10/08 11,58,1448
2011/10/08 12,63,1560
2011/10/08 13,67,1519
2011/10/08 14,76,1561
2011/10/08 15,80,25635
2011/10/08 16,85,33224
2011/10/08 17,76,35348
2011/10/08 18,82,36758
2011/10/08 19,81,35565
2011/10/08 20,80,35678
2011/10/08 21,81,3698
2011/10/08 22,87,3897
2011/10/08 23,94,1737
2011/10/09 00,87,2471
2011/10/09 01,74,1742
2011/10/09 02,79,1865
2011/10/09 03,72,2049
2011/10/09 04,64,1790
2011/10/09 05,66,2034
2011/10/09 06,70,2266
2011/10/09 07,60,1745
2011/10/09 08,56,1698
2011/10/09 09,51,1590
2011/10/09 10,58,1199
2011/10/09 11,64,1499
2011/10/09 12,72,3860
2011/10/09 13,81,11796
2011/10/09 14,73,38202
2011/10/09 15,73,46823
2011/10/09 16,64,48663
2011/10/09 17,64,54799
2011/10/09 18,68,60081
2011/10/09 19,72,53093
2011/10/09 20,62,54334
2011/10/09 21,62,49893
2011/10/09 22,75,44054
2011/10/09 23,81,1658
2011/10/10 00,90,2303
2011/10/10 01,95,2272
2011/10/10 02,93,1961
2011/10/10 03,84,1977
2011/10/10 04,59,1751
2011/10/10 05,45,1422
2011/10/10 06,41,1204
2011/10/10 07,44,1518
2011/10/10 08,45,1702
2011/10/10 09,54,1733
2011/10/10 10,55,1950
2011/10/10 11,60,2698
2011/10/10 12,63,2767
2011/10/10 13,76,2579
2011/10/10 14,76,2088
2011/10/10 15,77,2010
2011/10/10 16,87,1750
2011/10/10 17,66,1456
2011/10/10 21,72,1381
2011/10/10 22,96,2616
2011/10/10 23,78,1822
2011/10/11 00,84,1645
2011/10/11 01,95,2661
2011/10/11 02,86,2961
2011/10/11 03,96,3303
2011/10/11 04,95,2865
2011/10/11 05,99,2550
2011/10/11 06,79,2631
2011/10/11 07,67,1120
2011/10/11 08,53,1051
2011/10/11 09,43,1042
2011/10/11 10,39,1165
2011/10/11 11,44,1370
2011/10/11 12,53,1699
2011/10/11 13,56,1946
2011/10/11 14,65,2125
2011/10/11 15,56,2752
2011/10/11 16,63,3078
2011/10/11 17,69,3095
2011/10/11 18,73,1882
2011/10/11 19,73,1850
2011/10/11 20,86,1964
2011/10/11 21,81,2005
2011/10/11 22,83,1476
2011/10/11 23,84,1658
2011/10/12 00,83,1889
2011/10/12 01,89,1742
2011/10/12 02,90,1638
2011/10/12 03,104,1523
2011/10/12 04,116,1780
2011/10/12 05,101,1381
2011/10/12 06,87,1614
2011/10/12 07,76,1713
2011/10/12 08,78,1396
2011/10/12 09,61,1699
2011/10/12 10,55,1408
2011/10/12 11,49,1303
2011/10/12 12,52,1427
2011/10/12 13,60,1654
2011/10/12 14,67,1892
2011/10/12 15,64,2382
2011/10/12 16,77,2856
2011/10/12 17,84,2581
2011/10/12 18,79,2187
2011/10/12 19,94,1926
2011/10/12 20,99,2199
2011/10/12 21,88,1900
2011/10/12 22,76,1866
2011/10/12 23,82,1725
2011/10/13 00,100,1834
2011/10/13 01,113,1263
2011/10/13 02,102,1434
2011/10/13 03,104,1753
2011/10/13 04,106,1676
2011/10/13 05,96,2339
2011/10/13 06,95,3154
2011/10/13 07,80,1912
2011/10/13 08,52,1242
2011/10/13 09,43,1208
2011/10/13 10,41,1649
2011/10/13 11,48,1920
2011/10/13 12,47,1822
2011/10/13 13,61,2041
2011/10/13 14,71,2383
2011/10/13 15,73,8600
2011/10/13 16,73,27604
2011/10/13 17,88,34788
2011/10/13 18,82,50270
2011/10/13 19,84,60949
2011/10/13 20,80,76744
2011/10/13 21,79,82027
2011/10/13 22,65,84002
2011/10/13 23,75,32101
2011/10/14 00,85,28515
2011/10/14 01,86,22243
2011/10/14 02,84,14920
2011/10/14 03,101,14329
2011/10/14 04,101,14321
2011/10/14 05,95,11544
2011/10/14 06,90,9694
2011/10/14 07,70,10260
2011/10/14 08,60,10809
2011/10/14 09,54,11067
2011/10/14 10,49,11819
2011/10/14 11,54,11567
2011/10/14 12,62,13542
2011/10/14 13,71,16111
2011/10/14 14,66,23656
2011/10/14 15,74,43556
2011/10/14 16,71,58778
2011/10/14 17,71,61974
2011/10/14 18,74,70831
2011/10/14 19,80,72017
2011/10/14 20,92,64755
2011/10/14 21,92,75659
2011/10/14 22,91,34320
2011/10/14 23,91,27738
2011/10/15 00,79,18110
2011/10/15 01,79,15443
2011/10/15 02,87,11275
2011/10/15 03,94,9659
2011/10/15 04,84,9102
2011/10/15 05,80,6668
2011/10/15 06,80,6071
2011/10/15 07,74,6137
2011/10/15 08,75,6527
2011/10/15 09,64,6705
2011/10/15 10,60,7555
2011/10/15 11,56,7749
2011/10/15 12,63,9501
2011/10/15 13,72,13752
2011/10/15 14,64,38510
2011/10/15 15,68,47534
2011/10/15 16,66,57699
2011/10/15 17,83,62568
2011/10/15 18,101,50650
2011/10/15 19,95,1224
2011/10/15 20,90,1100
2011/10/15 21,98,13297
2011/10/15 22,100,15211
2011/10/15 23,98,15146
2011/10/16 00,88,15430
2011/10/16 01,89,13113
2011/10/16 02,92,8833
2011/10/16 03,106,7881
2011/10/16 04,104,7788
2011/10/16 05,95,7877
2011/10/16 06,96,7544
2011/10/16 07,86,8502
2011/10/16 08,68,10728
2011/10/16 09,60,10940
2011/10/16 10,63,13338
2011/10/16 11,64,13787
2011/10/16 12,68,15250
2011/10/16 13,68,16319
2011/10/16 14,67,15700
2011/10/16 15,69,34447
2011/10/16 16,65,74091
2011/10/16 17,65,88532
2011/10/16 18,66,98285
2011/10/16 19,82,113132
2011/10/16 20,86,128138
2011/10/16 21,86,119207
2011/10/16 22,78,2032
2011/10/16 23,78,1794
2011/10/17 00,73,1980
2011/10/17 01,74,1539
2011/10/17 02,92,1608
2011/10/17 03,90,1550
2011/10/17 04,98,1894
2011/10/17 05,84,1272
2011/10/17 06,77,1331
2011/10/17 07,62,1276
2011/10/17 08,43,1192
2011/10/17 09,48,866
2011/10/17 10,44,540
2011/10/17 11,57,1180
2011/10/17 12,64,1521
2011/10/17 13,69,1614
2011/10/17 14,74,2332
2011/10/17 15,73,3166
2011/10/17 16,70,2537
2011/10/17 17,63,1842
2011/10/17 18,74,1789
2011/10/17 19,80,2092
2011/10/17 20,89,2194
2011/10/17 21,93,2046
2011/10/17 22,85,2535
2011/10/17 23,80,1742
2011/10/18 00,91,1618
2011/10/18 01,97,1441
2011/10/18 02,108,1637
2011/10/18 03,112,1912
2011/10/18 04,89,1406
2011/10/18 05,87,1271
2011/10/18 06,74,1645
2011/10/18 07,65,916
2011/10/18 08,55,868
2011/10/18 09,56,956
2011/10/18 10,51,1126
2011/10/18 11,45,1459
2011/10/18 12,55,1603
2011/10/18 13,64,1650
2011/10/18 14,66,2465
2011/10/18 15,76,1837
2011/10/18 16,81,1964
2011/10/18 17,73,2026
2011/10/18 18,78,2182
2011/10/18 19,78,1981
2011/10/18 20,87,3916
2011/10/18 21,81,2911
2011/10/18 22,85,2468
2011/10/18 23,80,1239
2011/10/19 00,96,1256
2011/10/19 01,109,1820
2011/10/19 02,101,1834
2011/10/19 03,101,1776
2011/10/19 04,86,2069
2011/10/19 05,82,2496
2011/10/19 06,75,2365
2011/10/19 07,64,1478
2011/10/19 08,49,1407
2011/10/19 09,39,1203
2011/10/19 10,41,847
2011/10/19 11,43,844
2011/10/19 12,55,1050
2011/10/19 13,65,1228
2011/10/19 14,70,1294
2011/10/19 15,72,1802
2011/10/19 16,68,1620
2011/10/19 17,73,1624
2011/10/19 18,81,1888
2011/10/19 19,88,1949
2011/10/19 20,85,1894
2011/10/19 21,96,1665
2011/10/19 22,94,1657
2011/10/19 23,90,1653
2011/10/20 00,84,1592
2011/10/20 01,93,1729
2011/10/20 02,87,1467
2011/10/20 03,92,1696
2011/10/20 04,95,1800
2011/10/20 05,94,1906
2011/10/20 06,84,1365
2011/10/20 07,74,1401
2011/10/20 08,63,1230
2011/10/20 09,62,974
2011/10/20 10,63,1021
2011/10/20 11,58,1029
2011/10/20 12,69,1636
2011/10/20 13,66,1883
2011/10/20 14,74,2142
2011/10/20 15,84,2438
2011/10/20 16,85,1965
2011/10/20 17,85,1721
2011/10/20 18,87,1839
2011/10/20 19,102,1826
2011/10/20 20,102,2358
2011/10/20 21,102,2017
2011/10/20 22,88,1955
2011/10/20 23,81,1157
2011/10/21 00,102,1288
2011/10/21 01,117,1469
2011/10/21 02,112,1752
2011/10/21 03,104,1540
2011/10/21 04,92,1685
2011/10/21 05,84,1668
2011/10/21 06,74,1416
2011/10/21 07,78,1398
2011/10/21 08,66,1462
2011/10/21 09,57,1382
2011/10/21 10,52,1672
2011/10/21 11,59,1657
2011/10/21 12,65,1938
2011/10/21 13,58,3957
2011/10/21 14,65,4068
2011/10/21 15,71,4766
2011/10/21 16,72,2257
2011/10/21 17,79,2087
2011/10/21 18,73,1777
2011/10/21 19,89,2072
2011/10/21 20,90,4610
2011/10/21 21,93,4981
2011/10/21 22,91,5376
2011/10/21 23,94,2281
2011/10/22 00,89,2872
2011/10/22 01,101,3277
2011/10/22 02,93,3285
2011/10/22 03,99,3578
2011/10/22 04,89,4134
2011/10/22 05,93,4300
2011/10/22 06,88,3286
2011/10/22 07,97,3488
2011/10/22 08,84,3494
2011/10/22 09,76,3927
2011/10/22 10,82,5113
2011/10/22 11,69,5958
2011/10/22 12,62,4079
2011/10/22 13,69,4970
2011/10/22 14,72,4709
2011/10/22 15,74,5748
2011/10/22 16,83,6130
2011/10/22 17,97,7356
2011/10/22 18,99,11439
2011/10/22 19,88,10913
2011/10/22 20,95,2077
2011/10/22 21,96,2284
2011/10/22 22,93,2536
2011/10/22 23,78,2091
2011/10/23 00,84,2040
2011/10/23 01,81,1646
2011/10/23 02,86,1764
2011/10/23 03,83,1770
2011/10/23 04,75,1991
2011/10/23 05,82,1999
2011/10/23 06,91,2213
2011/10/23 07,85,2697
2011/10/23 08,78,3931
2011/10/23 09,69,4424
2011/10/23 10,67,5472
2011/10/23 11,59,2692
2011/10/23 12,67,4137
2011/10/23 13,76,6505
2011/10/23 14,66,6881
2011/10/23 15,61,6157
2011/10/23 16,71,1594
2011/10/23 17,88,2168
2011/10/23 18,90,2085
2011/10/23 19,90,1645
2011/10/23 20,100,2148
2011/10/23 21,103,1550
2011/10/23 22,85,1484
2011/10/23 23,75,1490
2011/10/24 00,82,1864
2011/10/24 01,87,1337
2011/10/24 02,85,2001
2011/10/24 03,92,1838
2011/10/24 04,97,2468
2011/10/24 05,84,2502
2011/10/24 06,70,2463
2011/10/24 07,57,3097
2011/10/24 08,45,2677
2011/10/24 09,51,2666
2011/10/24 10,43,2179
2011/10/24 11,42,2025
2011/10/24 12,49,2323
2011/10/24 13,48,1162
2011/10/24 14,58,1594
2011/10/24 15,65,1765
2011/10/24 16,68,1650
2011/10/24 17,74,1480
2011/10/24 18,73,1431
2011/10/24 19,79,1838
2011/10/24 20,85,1921
2011/10/24 21,84,1805
2011/10/24 22,75,1857
2011/10/24 23,69,1727
2011/10/25 00,84,1503
2011/10/25 01,84,1493
2011/10/25 02,85,1936
2011/10/25 03,92,1711
2011/10/25 04,95,1778
2011/10/25 05,84,1527
2011/10/25 06,74,1288
2011/10/25 07,61,1409
2011/10/25 08,51,964
2011/10/25 09,55,1351
2011/10/25 10,50,1522
2011/10/25 11,50,1537
2011/10/25 12,53,2000
2011/10/25 13,62,2027
2011/10/25 14,63,2163
2011/10/25 15,60,2236
2011/10/25 16,61,2232
2011/10/25 17,76,2118
2011/10/25 18,83,2184
2011/10/25 19,73,1207
2011/10/25 20,73,1489
2011/10/25 21,77,1494
2011/10/25 22,84,1594
2011/10/25 23,83,1093
2011/10/26 00,76,1277
2011/10/26 01,72,1194
2011/10/26 02,73,1248
2011/10/26 03,80,748
2011/10/26 04,73,733
2011/10/26 05,63,781
2011/10/26 06,63,801
2011/10/26 07,53,571
2011/10/26 08,48,750
2011/10/26 09,40,701
2011/10/26 10,35,740
2011/10/26 11,32,765
2011/10/26 12,45,881
2011/10/26 13,49,1077
2011/10/26 14,58,1452
2011/10/26 15,56,1865
2011/10/26 16,62,2023
2011/10/26 17,62,928
2011/10/26 18,73,1287
2011/10/26 19,79,1215
2011/10/26 20,84,1524
2011/10/26 21,77,1666
2011/10/26 22,77,1159
2011/10/26 23,85,1143
2011/10/27 00,97,1094
2011/10/27 01,81,928
2011/10/27 02,84,1161
2011/10/27 03,81,1783
2011/10/27 04,79,1294
2011/10/27 05,76,1297
2011/10/27 06,59,1275
2011/10/27 07,63,1557
2011/10/27 08,56,1175
2011/10/27 09,58,1003
2011/10/27 10,53,1252
2011/10/27 11,51,1725
2011/10/27 12,53,2300
2011/10/27 13,53,2845
2011/10/27 14,61,3206
2011/10/27 15,57,3228
2011/10/27 16,56,2356
2011/10/27 17,56,2164
2011/10/27 18,56,1419
2011/10/27 19,60,1398
2011/10/27 20,78,1837
2011/10/27 21,68,1399
2011/10/27 22,71,1510
2011/10/27 23,87,1655
2011/10/28 00,78,1272
2011/10/28 01,84,1155
2011/10/28 02,80,1556
2011/10/28 03,90,1228
2011/10/28 04,85,918
2011/10/28 05,81,1159
2011/10/28 06,69,1169
2011/10/28 07,65,1214
2011/10/28 08,54,977
2011/10/28 09,51,1188
2011/10/28 10,47,1243
2011/10/28 11,47,1478
2011/10/28 12,55,1773
2011/10/28 13,61,2202
2011/10/28 14,69,2247
2011/10/28 15,70,2577
2011/10/28 16,61,2483
2011/10/28 17,69,1945
2011/10/28 18,68,1630
2011/10/28 19,75,1637
2011/10/28 20,77,1324
2011/10/28 21,77,1610
2011/10/28 22,76,1771
2011/10/28 23,78,1485
2011/10/29 00,83,1473
2011/10/29 01,82,1244
2011/10/29 02,93,1403
2011/10/29 03,87,1145
2011/10/29 04,91,1185
2011/10/29 05,98,1360
2011/10/29 06,77,1318
2011/10/29 07,63,1051
2011/10/29 08,65,886
2011/10/29 09,59,1156
2011/10/29 10,50,1491
2011/10/29 11,61,1911
2011/10/29 12,61,2456
2011/10/29 13,53,2408
2011/10/29 14,64,2833
2011/10/29 15,70,2868
2011/10/29 16,68,2640
2011/10/29 17,69,2890
2011/10/29 18,72,9347
2011/10/29 19,76,11638
2011/10/29 20,82,12415
2011/10/29 21,81,1731
2011/10/29 22,83,1607
2011/10/29 23,63,1434
2011/10/30 00,60,1437
2011/10/30 01,67,1704
2011/10/30 02,63,1769
2011/10/30 03,76,1680
2011/10/30 04,79,1700
2011/10/30 05,71,2019
2011/10/30 06,71,1881
2011/10/30 07,76,1704
2011/10/30 08,72,1616
2011/10/30 09,62,1833
2011/10/30 10,57,1581
2011/10/30 11,48,1752
2011/10/30 12,41,1973
2011/10/30 13,48,1976
2011/10/30 14,46,1907
2011/10/30 15,53,1996
2011/10/30 16,56,1862
2011/10/30 17,68,1845
2011/10/30 18,72,2047
2011/10/30 19,81,2178
2011/10/30 20,88,2447
2011/10/30 21,82,1719
2011/10/30 22,77,1536
2011/10/30 23,91,1366
2011/10/31 00,86,1362
2011/10/31 01,78,1132
2011/10/31 02,93,1175
2011/10/31 03,89,1281
2011/10/31 04,81,1328
2011/10/31 05,77,1894
2011/10/31 06,70,1800
2011/10/31 07,66,1696
2011/10/31 08,48,1909
2011/10/31 09,45,1649
2011/10/31 10,49,2001
2011/10/31 11,47,2200
2011/10/31 12,49,2169
2011/10/31 13,53,2422
2011/10/31 14,56,2261
2011/10/31 15,56,1954
2011/10/31 16,69,1929
2011/10/31 17,71,2187
2011/10/31 18,62,2036
2011/10/31 19,67,1792
2011/10/31 20,66,1510
2011/10/31 21,70,1809
2011/10/31 22,73,1960
2011/10/31 23,76,1995
2011/11/01 00,89,1346
2011/11/01 01,86,1456
2011/11/01 02,86,1413
2011/11/01 03,84,1457
2011/11/01 04,75,1441
2011/11/01 05,65,1188
2011/11/01 06,58,1427
2011/11/01 07,48,1414
2011/11/01 08,39,1064
2011/11/01 09,33,1262
2011/11/01 10,39,1359
2011/11/01 11,42,1461
2011/11/01 12,50,1792
2011/11/01 13,57,1962
2011/11/01 14,64,2202
2011/11/01 15,65,2422
2011/11/01 16,61,1937
2011/11/03 15,47,2397
2011/11/03 16,66,2542
2011/11/03 17,65,2157
2011/11/03 18,72,2423
2011/11/03 19,75,1373
2011/11/03 20,78,1762
2011/11/03 21,81,1895
2011/11/03 22,83,2136
2011/11/03 23,86,2713
2011/11/04 00,99,2292
2011/11/04 01,103,2113
2011/11/04 02,96,1584
2011/11/04 03,100,1924
2011/11/04 04,104,1633
2011/11/04 05,100,1507
2011/11/04 06,94,1439
2011/11/04 07,82,1482
2011/11/04 08,62,1374
2011/11/04 09,59,1467
2011/11/04 10,48,733
2011/11/04 11,37,1009
2011/11/04 12,42,2520
2011/11/04 13,50,3054
2011/11/04 14,51,2991
2011/11/04 15,63,3077
2011/11/04 16,56,2118
2011/11/04 17,62,2075
2011/11/04 18,66,1763
2011/11/04 19,78,3618
2011/11/04 20,90,4671
2011/11/04 21,97,2693
2011/11/04 22,90,2655
2011/11/04 23,91,2506
2011/11/05 00,87,3599
2011/11/05 01,101,2700
2011/11/05 02,100,1917
2011/11/05 03,107,2319
2011/11/05 04,112,2668
2011/11/05 05,125,3627
2011/11/05 06,110,3374
2011/11/05 07,104,1958
2011/11/05 08,86,2053
2011/11/05 09,81,1724
2011/11/05 10,62,1491
2011/11/05 11,55,1732
2011/11/05 12,57,1767
2011/11/05 13,52,2005
2011/11/05 14,51,1735
2011/11/05 15,65,1942
2011/11/05 16,86,2437
2011/11/05 17,83,3265
2011/11/05 18,92,2506
2011/11/05 19,86,2032
2011/11/05 20,90,2158
2011/11/05 21,87,2125
2011/11/05 22,85,2644
2011/11/05 23,96,2319
2011/11/06 00,94,1296
2011/11/06 01,85,1554
2011/11/06 02,99,2220
2011/11/06 03,106,2677
2011/11/06 04,109,2684
2011/11/06 05,115,4548
2011/11/06 06,116,5160
2011/11/06 07,101,3929
2011/11/06 08,101,4155
2011/11/06 09,84,4277
2011/11/06 10,78,5074
2011/11/06 11,67,4753
2011/11/06 12,56,3889
2011/11/06 13,53,3627
2011/11/06 14,54,2553
2011/11/06 15,56,3235
2011/11/06 16,71,3626
2011/11/06 17,64,2312
2011/11/06 18,72,2802
2011/11/06 19,77,3357
2011/11/06 20,74,12857
2011/11/06 21,87,14151
2011/11/06 22,91,8963
2011/11/06 23,92,9037
2011/11/07 00,96,2982
2011/11/07 01,102,3252
2011/11/07 02,117,3113
2011/11/07 03,125,3160
2011/11/07 04,119,2767
2011/11/07 05,114,2583
2011/11/07 06,103,2330
2011/11/07 07,91,2431
2011/11/07 08,85,1357
2011/11/07 09,74,1401
2011/11/07 10,70,1632
2011/11/07 11,60,1649
2011/11/07 12,64,1977
2011/11/07 13,59,2398
2011/11/07 14,63,2544
2011/11/07 15,61,2663
2011/11/07 16,62,2589
2011/11/07 17,61,2355
2011/11/07 18,65,2360
2011/11/07 19,62,2187
2011/11/07 20,59,2040
2011/11/07 21,68,2201
2011/11/07 22,86,2460
2011/11/07 23,98,1887
2011/11/08 00,94,1679
2011/11/08 01,86,1774
2011/11/08 02,76,3279
2011/11/08 03,83,3427
2011/11/08 04,82,3187
2011/11/08 05,97,2780
2011/11/08 06,98,3247
2011/11/08 07,96,2875
2011/11/08 08,88,2914
2011/11/08 09,76,1702
2011/11/08 10,63,1506
2011/11/08 11,53,1240
2011/11/08 12,55,1091
2011/11/08 13,49,1550
2011/11/08 14,50,1493
2011/11/08 15,52,1733
2011/11/08 16,51,2199
2011/11/08 17,48,2311
2011/11/08 18,58,1405
2011/11/08 19,56,1388
2011/11/08 20,72,1610
2011/11/08 21,70,1734
2011/11/08 22,75,1026
2011/11/08 23,93,1249
2011/11/09 00,84,1238
2011/11/09 01,78,1502
2011/11/09 02,81,1663
2011/11/09 03,92,1205
2011/11/09 04,68,1023
2011/11/09 05,88,1188
2011/11/09 06,89,1358
2011/11/09 07,88,1418
2011/11/09 08,89,1548
2011/11/09 09,80,1708
2011/11/09 10,63,1604
2011/11/09 11,51,1410
2011/11/09 12,38,1194
2011/11/09 13,49,1580
2011/11/09 14,51,1762
2011/11/09 15,48,1824
2011/11/09 16,55,1855
2011/11/09 17,59,1776
2011/11/09 18,59,1862
2011/11/09 19,62,1575
2011/11/09 20,65,1419
2011/11/09 21,72,1567
2011/11/09 22,83,1687
2011/11/09 23,79,692
2011/11/10 00,79,1293
2011/11/10 01,82,1338
2011/11/10 02,93,1330
2011/11/10 03,82,1251
2011/11/10 04,90,1788
2011/11/10 05,84,2035
2011/11/10 06,93,2651
2011/11/10 07,88,1441
2011/11/10 08,74,1466
2011/11/10 09,61,1417
2011/11/10 10,54,1471
2011/11/10 11,40,1609
2011/11/10 12,39,1675
2011/11/10 13,45,1762
2011/11/10 14,49,1854
2011/11/10 15,58,1801
2011/11/10 16,51,2150
2011/11/10 17,56,1583
2011/11/10 18,57,1745
2011/11/10 19,70,2138
2011/11/10 20,72,1797
2011/11/10 21,72,1785
2011/11/10 22,76,1851
2011/11/10 23,76,1646
2011/11/11 00,77,1315
2011/11/11 01,72,1396
2011/11/11 02,70,1764
2011/11/11 03,81,1779
2011/11/11 04,93,1954
2011/11/11 05,85,1767
2011/11/11 06,83,1298
2011/11/11 07,87,1915
2011/11/11 08,83,1948
2011/11/11 09,74,1979
2011/11/11 10,80,1949
2011/11/11 11,71,1943
2011/11/11 12,62,2027
2011/11/11 13,44,1355
2011/11/11 14,48,2238
2011/11/11 15,54,2990
2011/11/11 16,53,2186
2011/11/11 17,62,2072
2011/11/11 18,92,3407
2011/11/11 19,61,1308
2011/11/11 20,73,1346
2011/11/11 21,78,1008
2011/11/11 22,81,1039
2011/11/11 23,69,1124
2011/11/12 00,68,1134
2011/11/12 01,83,1748
2011/11/12 02,80,1507
2011/11/12 03,86,1732
2011/11/12 04,92,2061
2011/11/12 05,92,3187
2011/11/12 06,86,1894
2011/11/12 07,81,1949
2011/11/12 08,64,1696
2011/11/12 09,64,1006
2011/11/12 10,56,1119
2011/11/12 11,51,1210
2011/11/12 12,55,1710
2011/11/12 13,48,2345
2011/11/12 14,56,2672
2011/11/12 15,63,2227
2011/11/12 16,57,2150
2011/11/12 17,70,1953
2011/11/12 18,74,1839
2011/11/12 19,82,4578
2011/11/12 20,85,2103
2011/11/12 21,83,1616
2011/11/12 22,78,1534
2011/11/12 23,75,1157
2011/11/13 00,82,1305
2011/11/13 01,69,1480
2011/11/13 02,69,1821
2011/11/13 03,66,1239
2011/11/13 04,73,1478
2011/11/13 05,73,1630
2011/11/13 06,72,1839
2011/11/13 07,70,1455
2011/11/13 08,64,1698
2011/11/13 12,46,1641
2011/11/13 13,64,2075
2011/11/13 14,65,2420
2011/11/13 15,60,2524
2011/11/13 16,52,1795
2011/11/13 17,67,1934
2011/11/13 18,70,2832
2011/11/13 19,74,7145
2011/11/13 20,63,8900
2011/11/13 21,56,9620
2011/11/13 22,54,9873
2011/11/13 23,54,1367
2011/11/14 00,59,1510
2011/11/14 01,57,1612
2011/11/14 02,59,2089
2011/11/14 03,62,1385
2011/11/14 04,68,1575
2011/11/14 05,68,1813
2011/11/14 06,80,1818
2011/11/14 07,75,1968
2011/11/14 08,59,1919
2011/11/14 09,49,1945
2011/11/14 10,46,1606
2011/11/14 11,36,1220
2011/11/14 12,34,1714
2011/11/14 13,41,2227
2011/11/14 14,54,2233
2011/11/14 15,60,2064
2011/11/14 16,56,1609
2011/11/14 17,53,1201
2011/11/14 18,47,1001
2011/11/14 19,49,375
2011/11/14 20,56,413
2011/11/14 21,56,485
2011/11/14 22,63,1173
2011/11/14 23,63,1334
2011/11/15 00,66,1452
2011/11/15 01,69,1413
2011/11/15 02,62,1452
2011/11/15 03,68,1610
2011/11/15 04,67,1497
2011/11/15 05,71,1710
2011/11/15 06,65,1603
2011/11/15 07,63,863
2011/11/15 08,54,845
2011/11/15 09,47,1073
2011/11/15 10,37,848
2011/11/15 11,43,1270
2011/11/15 12,57,1568
2011/11/15 13,54,1430
2011/11/15 14,55,1602
2011/11/15 15,57,1740
2011/11/15 16,51,1808
2011/11/15 17,56,1268
2011/11/15 18,54,1284
2011/11/15 19,59,1411
2011/11/15 20,63,1806
2011/11/15 21,74,1568
2011/11/15 22,68,1411
2011/11/15 23,71,1223
2011/11/16 00,70,1528
2011/11/16 01,79,1629
2011/11/16 02,90,1862
2011/11/16 03,86,1767
2011/11/16 04,80,1478
2011/11/16 05,67,1375
2011/11/16 06,61,1742
2011/11/16 07,65,1886
2011/11/16 08,56,1012
2011/11/16 09,57,1000
2011/11/16 10,50,858
2011/11/16 11,46,1274
2011/11/16 12,45,1858
2011/11/16 13,42,2010
2011/11/16 14,53,2390
2011/11/16 15,51,2189
2011/11/16 16,56,2510
2011/11/16 17,57,1916
2011/11/16 18,62,1286
2011/11/16 19,71,1308
2011/11/16 20,79,1426
2011/11/16 21,76,1513
2011/11/16 22,67,2089
2011/11/16 23,62,1730
2011/11/17 00,56,1465
2011/11/17 01,58,1908
2011/11/17 02,75,1878
2011/11/17 03,87,2009
2011/11/17 04,91,2069
2011/11/17 05,90,1963
2011/11/17 06,80,1963
2011/11/17 07,73,1853
2011/11/17 08,63,2152
2011/11/17 09,49,1172
2011/11/17 10,42,1380
2011/11/17 11,43,1606
2011/11/17 12,48,2025
2011/11/17 13,54,1888
2011/11/17 14,59,2065
2011/11/17 15,57,2329
2011/11/17 16,55,1985
2011/11/17 17,57,1539
2011/11/17 18,58,1691
2011/11/17 19,72,1897
2011/11/17 20,81,1812
2011/11/17 21,88,1874
2011/11/17 22,88,1996
2011/11/17 23,81,1962
2011/11/18 00,77,1829
2011/11/18 01,80,1848
2011/11/18 02,86,2055
2011/11/18 03,81,2156
2011/11/18 04,80,1926
2011/11/18 05,78,1415
2011/11/18 06,70,1487
2011/11/18 07,72,1628
2011/11/18 08,58,1156
2011/11/18 09,59,1429
2011/11/18 10,55,1414
2011/11/18 11,65,1389
2011/11/18 12,69,1537
2011/11/18 13,69,1669
2011/11/18 14,67,1956
2011/11/18 15,71,1978
2011/11/18 16,70,1492
2011/11/18 17,68,1194
2011/11/18 18,64,865
2011/11/18 19,74,1412
2011/11/18 20,76,1484
2011/11/18 21,79,1484
2011/11/18 22,79,1181
2011/11/18 23,78,1400
2011/11/19 00,85,1437
2011/11/19 01,77,1548
2011/11/19 02,80,1724
2011/11/19 03,81,822
2011/11/19 04,86,1079
2011/11/19 05,83,1694
2011/11/19 06,88,1639
2011/11/19 07,81,2093
2011/11/19 08,78,2076
2011/11/19 09,75,1667
2011/11/19 10,76,2008
2011/11/19 11,58,1692
2011/11/19 12,59,1948
2011/11/19 13,76,2048
2011/11/19 14,79,2152
2011/11/19 15,73,4669
2011/11/19 16,65,5942
2011/11/19 17,70,9263
2011/11/19 18,69,9626
2011/11/19 19,76,9162
2011/11/19 20,89,9905
2011/11/19 21,94,7712
2011/11/19 22,100,7894
2011/11/19 23,89,8110
2011/11/20 00,94,8188
2011/11/20 01,87,1718
2011/11/20 02,84,1312
2011/11/20 03,102,2150
2011/11/20 04,99,2337
2011/11/20 05,92,2846
2011/11/20 06,91,3401
2011/11/20 07,95,3626
2011/11/20 08,76,2643
2011/11/20 09,80,1943
2011/11/20 10,60,1598
2011/11/20 11,56,1534
2011/11/20 12,61,1786
2011/11/20 13,73,2312
2011/11/20 14,73,2807
2011/11/20 15,73,3345
2011/11/20 16,76,3308
2011/11/20 17,72,2901
2011/11/20 18,82,3117
2011/11/20 19,81,2755
2011/11/20 20,81,2566
2011/11/20 21,83,2522
2011/11/20 22,85,2575
2011/11/20 23,78,1834
2011/11/21 00,73,763
2011/11/21 01,68,1091
2011/11/21 02,72,1532
2011/11/21 03,77,1929
2011/11/21 04,84,2387
2011/11/21 05,79,2157
2011/11/21 06,78,2229
2011/11/21 07,76,1228
2011/11/21 08,67,1101
2011/11/21 09,63,1432
2011/11/21 10,59,1354
2011/11/21 11,49,1766
2011/11/21 12,53,2181
2011/11/21 13,59,2287
2011/11/21 14,58,2052
2011/11/21 15,60,2131
2011/11/21 16,74,2638
2011/11/21 17,81,2766
2011/11/21 18,90,1794
2011/11/21 19,90,1695
2011/11/21 20,90,2026
2011/11/21 21,105,1971
2011/11/21 22,106,2990
2011/11/21 23,101,1850
2011/11/22 00,81,1809
2011/11/22 01,76,2318
2011/11/22 02,85,2364
2011/11/22 03,94,3017
2011/11/22 04,89,2462
2011/11/22 05,102,2904
2011/11/22 06,95,2098
2011/11/22 07,82,2382
2011/11/22 08,64,1961
2011/11/22 09,49,1165
2011/11/22 10,28,738
2011/11/22 11,40,1150
2011/11/22 12,54,1406
2011/11/22 13,66,2157
2011/11/22 14,65,2340
2011/11/22 15,65,2301
2011/11/22 16,72,2349
2011/11/22 17,85,2229
2011/11/22 18,85,1649
2011/11/22 19,90,1745
2011/11/22 20,103,1739
2011/11/22 21,93,1829
2011/11/22 22,86,1994
2011/11/22 23,75,1796
2011/11/23 00,78,2166
2011/11/23 01,91,1725
2011/11/23 02,105,1268
2011/11/23 03,100,1697
2011/11/23 04,106,2055
2011/11/23 05,100,1932
2011/11/23 06,96,2017
2011/11/23 07,86,2156
2011/11/23 08,78,2167
2011/11/23 09,65,1350
2011/11/23 10,52,978
2011/11/23 11,52,1431
2011/11/23 12,57,1653
2011/11/23 13,61,2258
2011/11/23 14,60,2104
2011/11/23 15,83,2403
2011/11/23 16,86,2228
2011/11/23 17,78,2728
2011/11/23 18,87,2051
2011/11/23 19,96,2095
2011/11/23 20,108,2106
2011/11/23 21,89,2029
2011/11/23 22,104,2008
2011/11/23 23,93,2441
2011/11/24 00,88,1693
2011/11/24 01,90,1676
2011/11/24 02,100,1773
2011/11/24 03,103,1966
2011/11/24 04,105,2099
2011/11/24 05,99,2422
2011/11/24 06,90,2509
2011/11/24 07,81,2761
2011/11/24 08,73,1471
2011/11/24 09,65,1296
2011/11/24 10,55,1290
2011/11/24 11,41,1356
2011/11/24 12,47,1931
2011/11/24 13,55,2268
2011/11/24 14,60,2250
2011/11/24 15,65,2380
2011/11/24 16,70,1835
2011/11/24 17,76,1525
2011/11/24 18,70,2026
2011/11/24 19,82,1757
2011/11/24 20,88,2057
2011/11/24 21,100,2150
2011/11/24 22,93,2180
2011/11/24 23,98,1888
2011/11/25 00,88,1907
2011/11/25 01,75,1654
2011/11/25 02,81,1272
2011/11/25 03,90,1802
2011/11/25 04,90,1664
2011/11/25 05,87,1793
2011/11/25 06,82,2028
2011/11/25 07,69,1744
2011/11/25 08,67,1324
2011/11/25 09,58,1607
2011/11/25 10,53,1394
2011/11/25 11,50,1473
2011/11/25 12,54,1987
2011/11/25 13,56,2756
2011/11/25 14,60,2002
2011/11/25 15,68,2211
2011/11/25 16,78,2182
2011/11/25 17,73,1741
2011/11/25 18,70,1858
2011/11/25 19,79,1775
2011/11/25 20,87,2066
2011/11/25 21,85,1897
2011/11/25 22,89,1984
2011/11/25 23,81,1560
2011/11/26 00,92,1835
2011/11/26 01,101,1503
2011/11/26 02,97,1663
2011/11/26 03,100,1953
2011/11/26 04,94,2148
2011/11/26 05,99,2807
2011/11/26 06,94,3393
2011/11/26 07,85,4171
2011/11/26 08,90,3474
2011/11/26 09,76,2889
2011/11/26 10,62,2849
2011/11/26 11,49,1916
2011/11/26 12,47,1705
2011/11/26 13,47,1422
2011/11/26 14,52,1825
2011/11/26 15,55,2162
2011/11/26 16,59,2116
2011/11/26 17,71,2429
2011/11/26 18,73,2295
2011/11/26 19,81,1818
2011/11/26 20,83,1828
2011/11/26 21,90,2038
2011/11/26 22,102,2162
2011/11/26 23,99,965
2011/11/27 00,93,1355
2011/11/27 01,89,2173
2011/11/27 02,94,2404
2011/11/27 03,97,2253
2011/11/27 04,97,1395
2011/11/27 05,99,1855
2011/11/27 06,103,2115
2011/11/27 07,108,2165
2011/11/27 08,98,2719
2011/11/27 09,91,2629
2011/11/27 10,84,2881
2011/11/27 11,72,2973
2011/11/27 12,68,2720
2011/11/27 13,69,3057
2011/11/27 14,69,4938
2011/11/27 15,60,6313
2011/11/27 16,63,7345
2011/11/27 17,87,7765
2011/11/27 18,91,5876
2011/11/27 19,90,5164
2011/11/27 20,98,3240
2011/11/27 21,111,3327
2011/11/27 22,104,1976
2011/11/27 23,97,1744
2011/11/28 00,99,1660
2011/11/28 01,115,2169
2011/11/28 02,120,3719
2011/11/28 03,117,3503
2011/11/28 04,113,2421
2011/11/28 05,102,2635
2011/11/28 06,84,2069
2011/11/28 07,78,2126
2011/11/28 08,68,1135
2011/11/28 09,63,1466
2011/11/28 10,56,1910
2011/11/28 11,56,2371
2011/11/28 12,51,2253
2011/11/28 13,47,2618
2011/11/28 14,47,2382
2011/11/28 15,50,2904
2011/11/28 16,55,2519
2011/11/28 17,52,2412
2011/11/28 18,51,2120
2011/11/28 19,66,1838
2011/11/28 20,83,1762
2011/11/28 21,89,1990
2011/11/28 22,103,2131
2011/11/28 23,101,2366
2011/11/29 00,90,3483
2011/11/29 01,83,2806
2011/11/29 02,98,3014
2011/11/29 03,103,3039
2011/11/29 04,102,3226
2011/11/29 05,100,1463
2011/11/29 06,98,1999
2011/11/29 07,81,1779
2011/11/29 08,63,1568
2011/11/29 09,52,1447
2011/11/29 10,30,1345
2011/11/29 11,40,1228
2011/11/29 12,45,1629
2011/11/29 13,51,1952
2011/11/29 14,56,2206
2011/11/29 15,46,2145
2011/11/29 16,68,2679
2011/11/29 17,60,2346
2011/11/29 18,62,2566
2011/11/29 19,71,3738
2011/11/29 20,75,2290
2011/11/29 21,76,1464
2011/11/29 22,80,1676
2011/11/29 23,87,1883
2011/11/30 00,97,2411
2011/11/30 01,97,2945
2011/11/30 02,98,3120
2011/11/30 03,120,3348
2011/11/30 04,114,1882
2011/11/30 05,113,2097
2011/11/30 06,114,2130
2011/11/30 07,94,4391
2011/11/30 08,72,3648
2011/11/30 09,55,3839
2011/11/30 10,41,4627
2011/11/30 11,45,1200
2011/11/30 12,57,2899
2011/11/30 13,64,3193
2011/11/30 14,66,2766
2011/11/30 15,66,3210
2011/11/30 16,67,3254
2011/11/30 17,74,2679
2011/11/30 18,82,2648
2011/11/30 19,79,2947
2011/11/30 20,88,1895
2011/11/30 21,105,2179
2011/11/30 22,89,2079
2011/11/30 23,85,1909
2011/12/01 00,82,2269
2011/12/01 01,111,1513
2011/12/01 02,118,2060
2011/12/01 03,116,2280
2011/12/01 04,123,3495
2011/12/01 05,122,3988
2011/12/01 06,106,4924
2011/12/01 07,89,4156
2011/12/01 08,79,1945
2011/12/01 09,65,1389
2011/12/01 10,63,1565
2011/12/01 11,62,1581
2011/12/01 12,53,1807
2011/12/01 13,56,2213
2011/12/01 14,64,2599
2011/12/01 15,64,3229
2011/12/01 16,66,2807
2011/12/01 17,63,3930
2011/12/01 18,73,4311
2011/12/01 19,83,2571
2011/12/01 20,70,3049
2011/12/01 21,86,3786
2011/12/01 22,86,2976
2011/12/01 23,93,3216
2011/12/02 00,110,1530
2011/12/02 01,114,1892
2011/12/02 02,116,1889
2011/12/02 03,126,1552
2011/12/02 04,135,2521
2011/12/02 05,118,1829
2011/12/02 06,103,1786
2011/12/02 07,108,1370
2011/12/02 08,89,1247
2011/12/02 09,84,1608
2011/12/02 10,69,1625
2011/12/02 11,75,1681
2011/12/02 12,68,1847
2011/12/02 13,65,2168
2011/12/02 14,68,3215
2011/12/02 15,71,4209
2011/12/02 16,80,3937
2011/12/02 17,76,4042
2011/12/02 18,82,4348
2011/12/02 19,92,1860
2011/12/02 20,104,2499
2011/12/02 21,104,2669
2011/12/02 22,115,1503
2011/12/02 23,112,1975
2011/12/03 00,122,1679
2011/12/03 01,122,1775
2011/12/03 02,121,1949
2011/12/03 03,118,2688
2011/12/03 04,112,1833
2011/12/03 05,123,2385
2011/12/03 06,107,2990
2011/12/03 07,112,2913
2011/12/03 08,103,2997
2011/12/03 09,88,3055
2011/12/03 10,86,2568
2011/12/03 11,89,4951
2011/12/03 12,80,5239
2011/12/03 13,71,6546
2011/12/03 14,80,7996
2011/12/03 15,79,10255
2011/12/03 16,74,9521
2011/12/03 17,86,9463
2011/12/03 18,80,6824
2011/12/03 19,89,11994
2011/12/03 20,102,15500
2011/12/03 21,99,18938
2011/12/03 22,103,21647
2011/12/03 23,101,21682
2011/12/04 00,87,20097
2011/12/04 01,93,18179
2011/12/04 02,97,13679
2011/12/04 03,95,13401
2011/12/04 04,100,12912
2011/12/04 05,118,12571
2011/12/04 06,121,10418
2011/12/04 07,124,10916
2011/12/04 08,117,11672
2011/12/04 09,105,3375
2011/12/04 10,87,6504
2011/12/04 11,76,8721
2011/12/04 12,73,8629
2011/12/04 13,76,8237
2011/12/04 14,72,5329
2011/12/04 15,79,6424
2011/12/04 16,88,6550
2011/12/04 17,89,11564
2011/12/04 18,94,10062
2011/12/04 19,79,8579
2011/12/04 20,102,8408
2011/12/04 21,115,9843
2011/12/04 22,105,5071
2011/12/04 23,101,3724
2011/12/05 00,104,3806
2011/12/05 01,102,3758
2011/12/05 02,102,3448
2011/12/05 03,113,4143
2011/12/05 04,107,3644
2011/12/05 05,111,3314
2011/12/05 06,101,1990
2011/12/05 07,99,1806
2011/12/05 08,91,1475
2011/12/05 09,82,985
2011/12/05 10,65,1067
2011/12/05 11,56,1365
2011/12/05 12,55,1636
2011/12/05 13,62,2269
2011/12/05 14,63,2469
2011/12/05 15,65,2514
2011/12/05 16,76,2934
2011/12/05 17,70,2601
2011/12/05 18,63,2277
2011/12/05 19,78,2590
2011/12/05 20,81,2365
2011/12/05 21,82,1823
2011/12/05 22,103,2197
2011/12/05 23,86,2379
2011/12/06 00,85,2839
2011/12/06 01,95,2838
2011/12/06 02,102,3170
2011/12/06 03,106,1886
2011/12/06 04,110,1974
2011/12/06 05,104,1756
2011/12/06 06,102,1719
2011/12/06 07,98,1010
2011/12/06 08,93,1356
2011/12/06 09,80,1666
2011/12/06 10,74,1685
2011/12/06 11,60,1671
2011/12/06 12,52,2080
2011/12/06 13,56,3043
2011/12/06 14,60,3259
2011/12/06 15,64,3956
2011/12/06 16,69,3174
2011/12/06 17,71,2825
2011/12/06 18,86,3587
2011/12/06 19,83,2131
2011/12/06 20,92,2605
2011/12/06 21,93,3007
2011/12/06 22,96,3030
2011/12/06 23,104,2341
2011/12/07 00,99,2033
2011/12/07 01,102,2082
2011/12/07 02,107,2077
2011/12/07 03,116,2900
2011/12/07 04,126,1892
2011/12/07 05,119,2262
2011/12/07 06,117,1632
2011/12/07 07,107,1901
2011/12/07 08,94,1918
2011/12/07 09,81,1900
2011/12/07 10,68,1677
2011/12/07 11,57,1310
2011/12/07 12,57,1857
2011/12/07 13,54,2425
2011/12/07 14,59,2341
2011/12/07 15,59,2692
2011/12/07 16,73,3730
2011/12/07 17,82,3123
2011/12/07 18,83,2352
2011/12/07 19,86,2040
2011/12/07 20,92,2020
2011/12/07 21,107,2230
2011/12/07 22,110,2513
2011/12/07 23,105,3387
2011/12/08 00,88,2236
2011/12/08 01,82,2283
2011/12/08 02,102,1545
2011/12/08 03,117,2116
2011/12/08 04,116,2586
2011/12/08 05,115,3162
2011/12/08 06,114,1998
2011/12/08 07,101,2168
2011/12/08 08,83,2629
2011/12/08 09,76,2234
2011/12/08 10,69,1717
2011/12/08 11,58,1640
2011/12/08 12,64,1953
2011/12/08 13,64,2215
2011/12/08 14,62,2145
2011/12/08 15,59,2300
2011/12/08 16,78,2772
2011/12/08 17,72,2610
2011/12/08 18,78,2324
2011/12/08 19,91,2312
2011/12/08 20,102,3002
2011/12/08 21,109,2139
2011/12/08 22,118,2325
2011/12/08 23,103,2679
2011/12/09 00,85,2543
2011/12/09 01,97,2719
2011/12/09 02,98,2257
2011/12/09 03,106,2467
2011/12/09 04,109,2558
2011/12/09 05,103,2438
2011/12/09 06,115,2748
2011/12/09 07,112,3112
2011/12/09 08,109,3553
2011/12/09 09,101,2743
2011/12/09 10,80,1613
2011/12/09 11,75,2174
2011/12/09 12,83,2620
2011/12/09 13,76,2541
2011/12/09 14,79,2273
2011/12/09 15,77,2389
2011/12/09 16,78,2232
2011/12/09 17,85,2557
2011/12/09 18,76,2643
2011/12/09 19,88,2314
2011/12/09 20,95,2286
2011/12/09 21,113,2087
2011/12/09 22,124,1847
2011/12/09 23,130,1824
2011/12/10 00,127,1099
2011/12/10 01,120,1174
2011/12/10 02,126,1514
2011/12/10 03,111,1494
2011/12/10 04,122,1693
2011/12/10 05,120,1520
2011/12/10 06,125,966
2011/12/10 07,120,1030
2011/12/10 08,96,1200
2011/12/10 09,98,1690
2011/12/10 10,88,1865
2011/12/10 11,78,2160
2011/12/10 12,83,2311
2011/12/10 13,81,2455
2011/12/10 14,86,2902
2011/12/10 15,83,2352
2011/12/10 16,97,3062
2011/12/10 17,100,3511
2011/12/10 18,117,4177
2011/12/10 19,107,3609
2011/12/10 20,118,2743
2011/12/10 21,116,2230
2011/12/10 22,112,2539
2011/12/10 23,104,1856
2011/12/11 00,97,2173
2011/12/11 01,100,1367
2011/12/11 02,98,1692
2011/12/11 03,94,2269
2011/12/11 04,119,2136
2011/12/11 05,130,2633
2011/12/11 06,123,3278
2011/12/11 07,115,3946
2011/12/11 08,107,3185
2011/12/11 09,105,2638
2011/12/11 10,100,1936
2011/12/11 11,91,1671
2011/12/11 12,89,2022
2011/12/11 13,82,1771
2011/12/11 14,88,2076
2011/12/11 15,79,2297
2011/12/11 16,81,2614
2011/12/11 17,87,2990
2011/12/11 18,88,4004
2011/12/11 19,102,4018
2011/12/11 20,105,3997
2011/12/11 21,113,4978
2011/12/11 22,114,4268
2011/12/11 23,106,2553
2011/12/12 00,111,2267
2011/12/12 01,99,3318
2011/12/12 02,98,3389
2011/12/12 03,101,2858
2011/12/12 04,103,1751
2011/12/12 05,109,1979
2011/12/12 06,108,2089
2011/12/12 07,81,1552
2011/12/12 08,77,1644
2011/12/12 09,71,1622
2011/12/12 10,67,1397
2011/12/12 11,51,1086
2011/12/12 12,51,1218
2011/12/12 13,62,1718
2011/12/12 14,66,2210
2011/12/12 15,76,2706
2011/12/12 16,79,2946
2011/12/12 17,85,2484
2011/12/12 18,91,2576
2011/12/12 19,90,3208
2011/12/12 20,95,2187
2011/12/12 21,104,1795
2011/12/12 22,115,2066
2011/12/12 23,113,1941
2011/12/13 00,112,3549
2011/12/13 01,103,2478
2011/12/13 02,115,2568
2011/12/13 03,121,2742
2011/12/13 04,119,1468
2011/12/13 05,121,1565
2011/12/13 06,112,1856
2011/12/13 07,93,1870
2011/12/13 08,89,2060
2011/12/13 09,73,2138
2011/12/13 10,47,1765
2011/12/13 11,43,1247
2011/12/13 12,59,1943
2011/12/13 13,78,2302
2011/12/13 14,84,2332
2011/12/13 15,89,2517
2011/12/13 16,85,2618
2011/12/13 17,86,2121
2011/12/13 18,85,2050
2011/12/13 19,87,1879
2011/12/13 20,99,2122
2011/12/13 21,97,2369
2011/12/13 22,119,2966
2011/12/13 23,107,2450
2011/12/14 00,113,3897
2011/12/14 01,102,3069
2011/12/14 02,106,2805
2011/12/14 03,111,3141
2011/12/14 04,118,3623
2011/12/14 05,118,2466
2011/12/14 06,114,2190
2011/12/14 07,104,2946
2011/12/14 08,98,2975
2011/12/14 09,79,4161
2011/12/14 10,69,2205
2011/12/14 11,61,1620
2011/12/14 12,66,1869
2011/12/14 13,71,2112
2011/12/14 14,64,1859
2011/12/14 15,70,2182
2011/12/14 16,83,2148
2011/12/14 17,79,2027
2011/12/14 18,85,1489
2011/12/14 19,98,2115
2011/12/14 20,111,1673
2011/12/14 21,122,1841
2011/12/14 22,119,2284
2011/12/14 23,122,2028
2011/12/15 00,114,1221
2011/12/15 01,126,1687
2011/12/15 02,119,1884
2011/12/15 03,121,2234
2011/12/15 04,93,2065
2011/12/15 05,120,1381
2011/12/15 06,138,1682
2011/12/15 07,139,2263
2011/12/15 08,125,2548
2011/12/15 09,107,2546
2011/12/15 10,85,2480
2011/12/15 11,69,1591
2011/12/15 12,72,1955
2011/12/15 13,70,1945
2011/12/15 14,79,2351
2011/12/15 15,79,2816
2011/12/15 16,68,3339
2011/12/15 17,78,3564
2011/12/15 18,100,2940
2011/12/15 19,104,2484
2011/12/15 20,104,4204
2011/12/15 21,119,4753
2011/12/15 22,124,3867
2011/12/15 23,111,3597
2011/12/16 00,111,1795
2011/12/16 01,111,2028
2011/12/16 02,131,2556
2011/12/16 03,131,2828
2011/12/16 04,126,2525
2011/12/16 05,133,2380
2011/12/16 06,136,2967
2011/12/16 07,125,3442
2011/12/16 08,103,2670
2011/12/16 09,97,1933
2011/12/16 10,80,1515
2011/12/16 11,66,2002
2011/12/16 12,68,1350
2011/12/16 13,69,1844
2011/12/16 14,72,1940
2011/12/16 15,86,2073
2011/12/16 16,87,2415
2011/12/16 17,94,2618
2011/12/16 18,91,1830
2011/12/16 19,97,1432
2011/12/16 20,96,1699
2011/12/16 21,106,1839
2011/12/16 22,120,1926
2011/12/16 23,123,3004
2011/12/17 00,111,2483
2011/12/17 01,106,1978
2011/12/17 02,131,2079
2011/12/17 03,108,2283
2011/12/17 04,102,1796
2011/12/17 05,119,2869
2011/12/17 06,121,2720
2011/12/17 07,119,2273
2011/12/17 08,115,2589
2011/12/17 09,115,2282
2011/12/17 10,97,2458
2011/12/17 11,80,1839
2011/12/17 12,75,1971
2011/12/17 13,72,2188
2011/12/17 14,66,2280
2011/12/17 15,77,2678
2011/12/17 16,81,2271
2011/12/17 17,98,3266
2011/12/17 18,104,4686
2011/12/17 19,92,16408
2011/12/17 20,102,19608
2011/12/17 21,103,21350
2011/12/17 22,106,22324
2011/12/17 23,102,20496
2011/12/18 00,111,18637
2011/12/18 01,112,18046
2011/12/18 02,112,15691
2011/12/18 03,106,16890
2011/12/18 04,100,13150
2011/12/18 05,92,13450
2011/12/18 06,119,7191
2011/12/18 07,119,7578
2011/12/18 08,119,2398
2011/12/18 09,104,2642
2011/12/18 10,94,2664
2011/12/18 11,94,3386
2011/12/18 12,89,3291
2011/12/18 13,97,3100
2011/12/18 14,93,3469
2011/12/18 15,88,2753
2011/12/18 16,93,2970
2011/12/18 17,100,2515
2011/12/18 18,95,4437
2011/12/18 19,118,10243
2011/12/18 20,121,15035
2011/12/18 21,124,30055
2011/12/18 22,132,27303
2011/12/18 23,125,31546
2011/12/19 00,124,15551
2011/12/19 01,113,16390
2011/12/19 02,95,24576
2011/12/19 03,103,13470
2011/12/19 04,99,14828
2011/12/19 05,91,19677
2011/12/19 06,93,20930
2011/12/19 07,93,2240
2011/12/19 08,92,2058
2011/12/19 09,82,2132
2011/12/19 10,69,2064
2011/12/19 11,60,1814
2011/12/19 12,74,1901
2011/12/19 13,67,2023
2011/12/19 14,73,1552
2011/12/19 15,80,2735
2011/12/19 16,90,2876
2011/12/19 17,88,2777
2011/12/19 18,82,3140
2011/12/19 19,93,3634
2011/12/19 20,99,2410
2011/12/19 21,102,2678
2011/12/19 22,116,3918
2011/12/19 23,126,2479
2011/12/20 00,108,2947
2011/12/20 01,114,3527
2011/12/20 02,123,2987
2011/12/20 03,129,2796
2011/12/20 04,104,2183
2011/12/20 05,102,2589
2011/12/20 06,108,1855
2011/12/20 07,105,2279
2011/12/20 08,103,2627
2011/12/20 09,85,2207
2011/12/20 10,69,2002
2011/12/20 11,60,1853
2011/12/20 12,56,1189
2011/12/20 13,67,1345
2011/12/20 14,72,1526
2011/12/20 15,93,2587
2011/12/20 16,93,2687
2011/12/20 17,99,2576
2011/12/20 18,95,2026
2011/12/20 19,96,1818
2011/12/20 20,99,2506
2011/12/20 21,108,1995
2011/12/20 22,114,2581
2011/12/20 23,121,2582
2011/12/21 00,111,3012
2011/12/21 01,111,2346
2011/12/21 02,102,2453
2011/12/21 03,111,2121
2011/12/21 04,108,3228
2011/12/21 05,127,2193
2011/12/21 06,121,2093
2011/12/21 07,122,3087
2011/12/21 08,114,3227
2011/12/21 09,95,3116
2011/12/21 10,84,2421
2011/12/21 11,67,2227
2011/12/21 12,70,2803
2011/12/21 13,71,2993
2011/12/21 14,64,2353
2011/12/21 15,72,2831
2011/12/21 16,75,2712
2011/12/21 17,83,2767
2011/12/21 18,85,3882
2011/12/21 19,90,1947
2011/12/21 20,92,2191
2011/12/21 21,96,2224
2011/12/21 22,106,2292
2011/12/21 23,97,2297
2011/12/22 00,95,2536
2011/12/22 01,103,1481
2011/12/22 02,93,1503
2011/12/22 03,89,1802
2011/12/22 04,102,2415
2011/12/22 05,112,2631
2011/12/22 06,109,2419
2011/12/22 07,94,2699
2011/12/22 08,93,2370
2011/12/22 09,90,2824
2011/12/22 10,83,2476
2011/12/22 11,77,2116
2011/12/22 12,77,2705
2011/12/22 13,77,2632
2011/12/22 14,81,3048
2011/12/22 15,85,3409
2011/12/22 16,88,2475
2011/12/22 17,73,2480
2011/12/22 18,90,2676
2011/12/22 19,87,2765
2011/12/22 20,88,2600
2011/12/22 21,97,2808
2011/12/22 22,97,1723
2011/12/22 23,94,2032
2011/12/23 00,97,1919
2011/12/23 01,94,1867
2011/12/23 02,86,2181
2011/12/23 03,96,3928
2011/12/23 04,118,4753
2011/12/23 05,124,3862
2011/12/23 06,124,3128
2011/12/23 07,107,2401
2011/12/23 08,105,2433
2011/12/23 09,91,2727
2011/12/23 10,80,2416
2011/12/23 11,77,2548
2011/12/23 12,64,2299
2011/12/23 13,64,2441
2011/12/23 14,74,2956
2011/12/23 15,79,3537
2011/12/23 16,84,3743
2011/12/23 17,77,1641
2011/12/23 18,80,2335
2011/12/23 19,85,1671
2011/12/23 20,83,1585
2011/12/23 21,85,1464
2011/12/23 22,98,1721
2011/12/23 23,89,1776
2011/12/24 00,83,3077
2011/12/24 01,88,3273
2011/12/24 02,86,2879
2011/12/24 03,87,2124
2011/12/24 04,87,2285
2011/12/24 05,94,2490
2011/12/24 06,92,2914
2011/12/24 07,89,3284
2011/12/24 08,88,3192
2011/12/24 09,88,3388
2011/12/24 10,80,2404
2011/12/24 11,81,1419
2011/12/24 12,81,1671
2011/12/24 13,61,1358
2011/12/24 14,66,1903
2011/12/24 15,71,1631
2011/12/24 16,72,2547
2011/12/24 17,67,2295
2011/12/24 18,63,2158
2011/12/24 19,66,1795
2011/12/24 20,66,1790
2011/12/24 21,69,2032
2011/12/24 22,72,2299
2011/12/24 23,65,2058
2011/12/25 00,56,793
2011/12/25 01,74,1888
2011/12/25 02,82,1374
2011/12/25 03,82,2350
2011/12/25 04,78,2442
2011/12/25 05,80,2893
2011/12/25 06,88,3645
2011/12/25 07,78,2803
2011/12/25 08,82,3198
2011/12/25 09,67,2484
2011/12/25 10,55,2202
2011/12/25 11,60,1544
2011/12/25 12,61,1147
2011/12/25 13,59,1664
2011/12/25 14,63,1993
2011/12/25 15,65,2038
2011/12/25 16,67,2733
2011/12/25 17,70,3241
2011/12/25 18,67,2383
2011/12/25 19,72,2875
2011/12/25 20,82,1531
2011/12/25 21,82,1762
2011/12/25 22,86,1562
2011/12/25 23,74,2224
2011/12/26 00,70,1628
2011/12/26 01,72,1422
2011/12/26 02,71,1737
2011/12/26 03,63,916
2011/12/26 04,70,1311
2011/12/26 05,70,1258
2011/12/26 06,78,1752
2011/12/26 07,95,2502
2011/12/26 08,89,2448
2011/12/26 09,75,2267
2011/12/26 10,71,2084
2011/12/26 11,70,2177
2011/12/26 12,72,1753
2011/12/26 13,61,1878
2011/12/26 14,67,1650
2011/12/26 15,74,2134
2011/12/26 16,81,2703
2011/12/26 17,69,2483
2011/12/26 18,71,2151
2011/12/26 19,75,2464
2011/12/26 20,87,2826
2011/12/26 21,91,1877
2011/12/26 22,89,1887
2011/12/26 23,110,2218
2011/12/27 00,105,1938
2011/12/27 01,115,2140
2011/12/27 02,121,2142
2011/12/27 03,104,2664
2011/12/27 04,97,1295
2011/12/27 05,97,1539
2011/12/27 06,96,1553
2011/12/27 07,84,2189
2011/12/27 08,79,1812
2011/12/27 09,82,2597
2011/12/27 10,74,2312
2011/12/27 11,67,2304
2011/12/27 12,53,1849
2011/12/27 13,63,2307
2011/12/27 14,61,2188
2011/12/27 15,64,2488
2011/12/27 16,65,2911
2011/12/27 17,86,3540
2011/12/27 18,93,3047
2011/12/27 19,106,2789
2011/12/27 20,108,2770
2011/12/27 21,118,2691
2011/12/27 22,118,2777
2011/12/27 23,109,2872
2011/12/28 00,110,2768
2011/12/28 01,103,2268
2011/12/28 02,97,2780
2011/12/28 03,85,2791
2011/12/28 04,98,2865
2011/12/28 05,106,2497
2011/12/28 06,104,2513
2011/12/28 07,96,3158
2011/12/28 08,104,2677
2011/12/28 09,104,2394
2011/12/28 10,101,2540
2011/12/28 11,82,1665
2011/12/28 12,73,1996
2011/12/28 13,78,1932
2011/12/28 14,70,2107
2011/12/28 15,80,2933
2011/12/28 16,70,2199
2011/12/28 17,66,2184
2011/12/28 18,88,2055
2011/12/28 19,93,2622
2011/12/28 20,112,2713
2011/12/28 21,116,2603
2011/12/28 22,121,2722
2011/12/28 23,121,2917
2011/12/29 00,120,3211
2011/12/29 01,114,2906
2011/12/29 02,120,3182
2011/12/29 03,114,2466
2011/12/29 04,108,2586
2011/12/29 05,97,3266
2011/12/29 06,88,2414
2011/12/29 07,109,2424
2011/12/29 08,90,2443
2011/12/29 09,89,2653
2011/12/29 10,94,2629
2011/12/29 11,87,1889
2011/12/29 12,91,2398
2011/12/29 13,75,2543
2011/12/29 14,70,2625
2011/12/29 15,69,2886
2011/12/29 16,69,2482
2011/12/29 17,61,2465
2011/12/29 18,78,2775
2011/12/29 19,85,3214
2011/12/29 20,100,3390
2011/12/29 21,113,2951
2011/12/29 22,119,2866
2011/12/29 23,118,2005
2011/12/30 00,121,2098
2011/12/30 01,125,2198
2011/12/30 02,120,2758
2011/12/30 03,117,2317
2011/12/30 04,116,2522
2011/12/30 05,101,3178
2011/12/30 06,94,2223
2011/12/30 07,100,2406
2011/12/30 08,116,3047
2011/12/30 09,102,2740
2011/12/30 10,94,3024
2011/12/30 11,70,3386
2011/12/30 12,67,3407
2011/12/30 13,63,3369
2011/12/30 14,69,3859
2011/12/30 15,84,4307
2011/12/30 16,105,4533
2011/12/30 17,101,4520
2011/12/30 18,96,4225
2011/12/30 19,113,4283
2011/12/30 20,106,4047
2011/12/30 21,112,3521
2011/12/30 22,114,3890
2011/12/30 23,120,3198
2011/12/31 00,116,3468
2011/12/31 01,106,2616
2011/12/31 02,103,2790
2011/12/31 03,102,2832
2011/12/31 04,89,3187
2011/12/31 05,100,2269
2011/12/31 06,102,2327
2011/12/31 07,100,3563
2011/12/31 08,98,3131
2011/12/31 09,80,3011
2011/12/31 10,73,3373
2011/12/31 11,70,2907
2011/12/31 12,79,3193
2011/12/31 13,77,2991
2011/12/31 14,80,2255
2011/12/31 15,85,2696
2011/12/31 16,78,2757
2011/12/31 17,86,3361
2011/12/31 18,86,3786
2011/12/31 19,74,3421
2011/12/31 20,74,4281
2011/12/31 21,73,3050
2011/12/31 22,95,1409
2011/12/31 23,109,1073
2012/01/01 00,101,1042
2012/01/01 01,87,1117
2012/01/01 02,93,1894
2012/01/01 03,100,2190
2012/01/01 04,107,2050
2012/01/01 05,99,2318
2012/01/01 06,91,2106
2012/01/01 07,96,2860
2012/01/01 08,92,2874
2012/01/01 09,78,2670
2012/01/01 10,75,2714
2012/01/01 11,72,2172
2012/01/01 12,66,2579
2012/01/01 13,68,2290
2012/01/01 14,77,2642
2012/01/01 15,75,2630
2012/01/01 16,71,2301
2012/01/01 17,72,2328
2012/01/01 18,90,2881
2012/01/01 19,97,3357
2012/01/01 20,99,3179
2012/01/01 21,90,1863
2012/01/01 22,101,1859
2012/01/01 23,113,2024
2012/01/02 00,107,2270
2012/01/02 01,121,2604
2012/01/02 02,114,2545
2012/01/02 03,115,2524
2012/01/02 04,113,2954
2012/01/02 05,109,2698
2012/01/02 06,123,2592
2012/01/02 07,117,2696
2012/01/02 08,117,2058
2012/01/02 09,105,5023
2012/01/02 10,96,4130
2012/01/02 11,83,3286
2012/01/02 12,75,3793
2012/01/02 13,62,2651
2012/01/02 14,72,2576
2012/01/02 15,79,2492
2012/01/02 16,86,3379
2012/01/02 17,85,2063
2012/01/02 18,90,2192
2012/01/02 19,109,2477
2012/01/02 20,113,2877
2012/01/02 21,135,2946
2012/01/02 22,135,3579
2012/01/02 23,125,2482
2012/01/03 00,136,2966
2012/01/03 01,141,2996
2012/01/03 02,131,2897
2012/01/03 03,136,2790
2012/01/03 04,129,2755
2012/01/03 05,117,2478
2012/01/03 06,99,1375
2012/01/03 07,85,1423
2012/01/03 08,90,1705
2012/01/03 09,87,1893
2012/01/03 10,86,2146
2012/01/03 11,75,2410
2012/01/03 12,76,2837
2012/01/03 13,68,2179
2012/01/03 14,73,2725
2012/01/03 15,85,2900
2012/01/03 16,99,2820
2012/01/03 17,98,2639
2012/01/03 18,99,2396
2012/01/03 19,103,3445
2012/01/03 20,117,3227
2012/01/03 21,120,2593
2012/01/03 22,130,3411
2012/01/03 23,119,3519
2012/01/04 00,109,1334
2012/01/04 01,123,1419
2012/01/04 02,118,1716
2012/01/04 03,117,2004
2012/01/04 04,112,2018
2012/01/04 05,120,2499
2012/01/04 06,117,2591
2012/01/04 07,117,4137
2012/01/04 08,108,2953
2012/01/04 09,95,3265
2012/01/04 10,85,2999
2012/01/04 11,84,1572
2012/01/04 12,68,1612
2012/01/04 13,67,2474
2012/01/04 14,79,2818
2012/01/04 15,88,2599
2012/01/04 16,98,2841
2012/01/04 17,99,2762
2012/01/04 18,101,3739
2012/01/04 19,116,4476
2012/01/04 20,124,4931
2012/01/04 21,141,4603
2012/01/04 22,137,5408
2012/01/04 23,112,4615
2012/01/05 00,114,4771
2012/01/05 01,123,3565
2012/01/05 02,116,2602
2012/01/05 03,127,2727
2012/01/05 04,126,2920
2012/01/05 05,102,3083
2012/01/05 06,100,2475
2012/01/05 07,109,2752
2012/01/05 08,99,3134
2012/01/05 09,89,2569
2012/01/05 10,95,2914
2012/01/05 11,88,1789
2012/01/05 12,85,2218
2012/01/05 13,72,1913
2012/01/05 14,69,1733
2012/01/05 15,82,2507
2012/01/05 16,82,2664
2012/01/05 17,93,2753
2012/01/05 18,92,2702
2012/01/05 19,110,2808
2012/01/05 20,115,2655
2012/01/05 21,133,3395
2012/01/05 22,126,3249
2012/01/05 23,132,2929
2012/01/06 00,128,3680
2012/01/06 01,113,2935
2012/01/06 02,111,2932
2012/01/06 03,129,3394
2012/01/06 04,133,3249
2012/01/06 05,118,2444
2012/01/06 06,121,3094
2012/01/06 07,124,3562
2012/01/06 08,106,3660
2012/01/06 09,108,3950
2012/01/06 10,95,2594
2012/01/06 11,83,2281
2012/01/06 12,78,1657
2012/01/06 13,82,1910
2012/01/06 14,84,2184
2012/01/06 15,70,2340
2012/01/06 16,75,2303
2012/01/06 17,85,2555
2012/01/06 18,101,2331
2012/01/06 19,92,1740
2012/01/06 20,109,2118
2012/01/06 21,115,2408
2012/01/06 22,129,2956
2012/01/06 23,121,2830
2012/01/07 00,118,2602
2012/01/07 01,129,3017
2012/01/07 02,123,2747
2012/01/07 03,118,3377
2012/01/07 04,130,3424
2012/01/07 05,133,3455
2012/01/07 06,133,4080
2012/01/07 07,120,3930
2012/01/07 08,118,3721
2012/01/07 09,101,2933
2012/01/07 10,82,3298
2012/01/07 11,77,4143
2012/01/07 12,67,4897
2012/01/07 13,84,4874
2012/01/07 14,75,3150
2012/01/07 15,75,2671
2012/01/07 16,74,2344
2012/01/07 17,83,2814
2012/01/07 18,96,2749
2012/01/07 19,113,3200
2012/01/07 20,119,3098
2012/01/07 21,124,3600
2012/01/07 22,129,2027
2012/01/07 23,133,2271
2012/01/08 00,143,2404
2012/01/08 01,129,1422
2012/01/08 02,136,2030
2012/01/08 03,141,2136
2012/01/08 04,139,1958
2012/01/08 05,137,1744
2012/01/08 06,132,1833
2012/01/08 07,127,1881
2012/01/08 08,119,2305
2012/01/08 09,110,2494
2012/01/08 10,100,2850
2012/01/08 11,97,3416
2012/01/08 12,84,3096
2012/01/08 13,94,3534
2012/01/08 14,98,3707
2012/01/08 15,102,5443
2012/01/08 16,98,2956
2012/01/08 17,111,3956
2012/01/08 18,107,4442
2012/01/08 19,129,4630
2012/01/08 20,137,4197
2012/01/08 21,146,3881
2012/01/08 22,146,4294
2012/01/08 23,152,4334
2012/01/09 00,145,4925
2012/01/09 01,130,2869
2012/01/09 02,118,2933
2012/01/09 03,118,3732
2012/01/09 04,124,3300
2012/01/09 05,115,3307
2012/01/09 06,117,2735
2012/01/09 07,110,2090
2012/01/09 08,93,3193
2012/01/09 09,92,3408
2012/01/09 10,73,2861
2012/01/09 11,32,1523
2012/01/09 12,46,2053
2012/01/09 13,55,2716
2012/01/09 14,63,3274
2012/01/09 15,54,2060
