2011/10/01 00,2,3
2011/10/01 01,3,7
2011/10/01 02,6,33
2011/10/01 03,9,71
2011/10/01 04,7,50
2011/10/01 05,6,50
2011/10/01 06,7,43
2011/10/01 07,3,3
2011/10/01 08,2,2
2011/10/01 09,2,2
2011/10/01 10,1,3
2011/10/01 13,1,0
2011/10/01 14,1,3
2011/10/01 15,2,8
2011/10/01 16,1,5
2011/10/01 17,2,12
2011/10/01 18,2,21
2011/10/01 19,4,19
2011/10/01 20,1,2
2011/10/01 21,2,3
2011/10/01 23,1,0
2011/10/02 00,3,46
2011/10/02 01,6,67
2011/10/02 02,4,21
2011/10/02 03,4,25
2011/10/02 04,3,14
2011/10/02 05,2,9
2011/10/02 06,1,3
2011/10/02 07,4,14
2011/10/02 08,4,14
2011/10/02 09,4,10
2011/10/02 10,3,13
2011/10/02 11,2,7
2011/10/02 12,1,2
2011/10/02 14,1,0
2011/10/02 15,1,1
2011/10/02 16,2,3
2011/10/02 17,2,3
2011/10/02 18,1,0
2011/10/02 19,1,0
2011/10/02 20,1,1
2011/10/02 21,2,30
2011/10/02 22,4,53
2011/10/02 23,3,41
2011/10/03 00,2,48
2011/10/03 01,2,43
2011/10/03 02,3,48
2011/10/03 03,3,56
2011/10/03 04,1,2
2011/10/03 05,2,6
2011/10/03 06,1,0
2011/10/03 07,1,2
2011/10/03 08,2,46
2011/10/03 09,2,58
2011/10/03 10,2,69
2011/10/03 11,2,94
2011/10/03 12,2,117
2011/10/03 13,1,118
2011/10/03 14,2,124
2011/10/03 15,3,103
2011/10/03 16,2,16
2011/10/03 17,3,17
2011/10/03 18,3,13
2011/10/03 19,5,23
2011/10/03 20,3,6
2011/10/03 21,4,8
2011/10/03 22,2,8
2011/10/03 23,3,11
2011/10/04 00,3,11
2011/10/04 01,1,1
2011/10/04 02,2,14
2011/10/04 03,3,17
2011/10/04 04,5,30
2011/10/04 05,8,49
2011/10/04 06,6,42
2011/10/04 07,4,156
2011/10/04 08,4,36
2011/10/04 09,2,46
2011/10/04 10,2,61
2011/10/04 11,2,67
2011/10/04 12,3,62
2011/10/04 13,2,3
2011/10/04 14,1,0
2011/10/04 15,2,2
2011/10/04 16,4,6
2011/10/04 17,1,1
2011/10/04 18,2,2
2011/10/04 19,1,2
2011/10/04 20,1,2
2011/10/04 21,3,4
2011/10/04 22,5,9
2011/10/04 23,2,3
2011/10/05 00,3,752
2011/10/05 01,3,410
2011/10/05 02,3,328
2011/10/05 03,3,18
2011/10/05 04,4,12
2011/10/05 05,5,31
2011/10/05 06,4,34
2011/10/05 07,3,29
2011/10/05 08,3,10
2011/10/05 09,1,2
2011/10/05 10,1,2
2011/10/05 11,1,2
2011/10/05 12,2,2
2011/10/05 13,1,1
2011/10/05 14,2,47
2011/10/05 15,2,51
2011/10/05 16,2,88
2011/10/05 17,3,83
2011/10/05 18,5,58
2011/10/05 19,1,1
2011/10/05 20,1,2
2011/10/05 21,2,4
2011/10/05 22,1,1
2011/10/06 00,2,3
2011/10/06 01,4,311
2011/10/06 02,5,320
2011/10/06 03,4,18
2011/10/06 04,2,2
2011/10/06 05,2,7
2011/10/06 06,1,7
2011/10/06 07,2,26
2011/10/06 08,1,62
2011/10/06 09,1,45
2011/10/06 10,1,72
2011/10/06 11,1,66
2011/10/06 12,1,53
2011/10/06 13,1,90
2011/10/06 14,1,90
2011/10/06 15,1,81
2011/10/06 16,1,67
2011/10/06 21,2,319
2011/10/06 22,1,25
2011/10/06 23,1,5
2011/10/07 00,1,7
2011/10/07 01,3,24
2011/10/07 02,6,41
2011/10/07 03,6,40
2011/10/07 04,5,26
2011/10/07 05,3,12
2011/10/07 06,2,10
2011/10/07 07,1,28
2011/10/07 08,1,34
2011/10/07 09,1,50
2011/10/07 10,2,57
2011/10/07 11,2,58
2011/10/07 12,1,2
2011/10/07 18,2,77
2011/10/07 19,2,87
2011/10/07 20,2,15
2011/10/07 21,2,13
2011/10/08 00,2,1
2011/10/08 01,3,11
2011/10/08 02,4,14
2011/10/08 03,4,13
2011/10/08 04,5,24
2011/10/08 05,3,37
2011/10/08 06,2,50
2011/10/08 07,3,54
2011/10/08 08,3,43
2011/10/08 09,3,68
2011/10/08 10,3,81
2011/10/08 11,1,70
2011/10/08 12,1,69
2011/10/08 13,1,68
2011/10/08 14,3,56
2011/10/08 16,1,3
2011/10/08 17,4,342
2011/10/08 18,3,7
2011/10/08 19,1,3
2011/10/08 20,1,2
2011/10/08 21,1,1
2011/10/08 22,1,2
2011/10/08 23,2,4
2011/10/09 00,3,12
2011/10/09 01,4,92
2011/10/09 02,4,108
2011/10/09 03,4,96
2011/10/09 04,3,90
2011/10/09 05,3,22
2011/10/09 06,3,25
2011/10/09 07,1,2
2011/10/09 08,1,5
2011/10/09 09,2,11
2011/10/09 10,3,261
2011/10/09 11,3,18
2011/10/09 12,3,16
2011/10/09 13,2,11
2011/10/09 15,1,0
2011/10/09 16,1,1
2011/10/09 19,2,5
2011/10/09 20,3,6
2011/10/09 21,3,4
2011/10/09 22,1,4
2011/10/09 23,2,10
2011/10/10 00,2,12
2011/10/10 01,5,14
2011/10/10 02,3,7
2011/10/10 03,2,4
2011/10/10 04,2,4
2011/10/10 05,2,3
2011/10/10 06,1,7
2011/10/10 07,1,5
2011/10/10 08,1,2
2011/10/10 09,1,3
2011/10/10 10,1,2
2011/10/10 12,1,1
2011/10/10 13,2,3
2011/10/10 14,1,5
2011/10/10 15,1,8
2011/10/10 16,4,9
2011/10/10 17,3,7
2011/10/10 21,3,8
2011/10/10 22,2,5
2011/10/10 23,2,13
2011/10/11 00,2,13
2011/10/11 01,2,8
2011/10/11 03,2,39
2011/10/11 04,6,112
2011/10/11 05,6,118
2011/10/11 06,1,38
2011/10/11 07,2,37
2011/10/11 08,2,29
2011/10/11 09,1,2
2011/10/11 11,1,0
2011/10/11 12,2,29
2011/10/11 13,1,46
2011/10/11 14,1,31
2011/10/11 15,1,5
2011/10/11 16,2,6
2011/10/11 17,2,4
2011/10/11 18,2,41
2011/10/11 19,1,48
2011/10/11 20,2,51
2011/10/11 21,1,7
2011/10/11 22,4,17
2011/10/11 23,3,19
2011/10/12 00,3,17
2011/10/12 01,1,7
2011/10/12 02,1,5
2011/10/12 03,2,11
2011/10/12 04,3,12
2011/10/12 05,4,29
2011/10/12 06,3,27
2011/10/12 07,2,8
2011/10/12 08,3,4
2011/10/12 09,3,4
2011/10/12 10,1,2
2011/10/12 14,1,3
2011/10/12 15,2,5
2011/10/12 16,1,1
2011/10/12 17,1,30
2011/10/12 18,1,16
2011/10/12 20,1,1
2011/10/12 21,1,1
2011/10/12 22,2,12
2011/10/12 23,2,15
2011/10/13 00,4,20
2011/10/13 01,3,17
2011/10/13 02,2,8
2011/10/13 03,4,412
2011/10/13 04,4,352
2011/10/13 05,3,252
2011/10/13 06,1,36
2011/10/13 07,2,81
2011/10/13 08,2,105
2011/10/13 09,3,141
2011/10/13 10,3,119
2011/10/13 11,2,108
2011/10/13 12,1,60
2011/10/13 13,1,58
2011/10/13 16,1,2
2011/10/13 17,1,4
2011/10/13 18,1,5
2011/10/13 19,2,13
2011/10/13 20,2,17
2011/10/13 21,3,8
2011/10/13 22,3,5
2011/10/13 23,3,17
2011/10/14 00,5,288
2011/10/14 01,4,276
2011/10/14 02,4,259
2011/10/14 03,3,9
2011/10/14 04,2,11
2011/10/14 05,4,37
2011/10/14 06,3,34
2011/10/14 07,4,31
2011/10/14 08,4,42
2011/10/14 09,3,50
2011/10/14 10,2,45
2011/10/14 11,2,48
2011/10/14 12,3,44
2011/10/14 15,1,0
2011/10/14 18,2,3
2011/10/14 19,3,13
2011/10/14 20,1,16
2011/10/14 21,3,19
2011/10/14 22,5,33
2011/10/14 23,3,59
2011/10/15 00,4,82
2011/10/15 01,6,171
2011/10/15 02,6,587
2011/10/15 03,7,47
2011/10/15 04,6,58
2011/10/15 05,6,69
2011/10/15 06,7,646
2011/10/15 07,4,684
2011/10/15 08,2,36
2011/10/15 09,2,28
2011/10/15 10,1,31
2011/10/15 11,3,24
2011/10/15 12,1,0
2011/10/15 14,1,63
2011/10/15 19,3,276
2011/10/15 20,3,312
2011/10/15 21,2,338
2011/10/15 22,3,348
2011/10/15 23,4,19
2011/10/16 00,5,25
2011/10/16 01,4,24
2011/10/16 02,7,141
2011/10/16 03,5,176
2011/10/16 04,6,61
2011/10/16 05,7,88
2011/10/16 06,6,103
2011/10/16 07,4,75
2011/10/16 08,2,59
2011/10/16 09,2,45
2011/10/16 10,1,11
2011/10/16 16,1,0
2011/10/16 17,3,27
2011/10/16 18,2,30
2011/10/16 19,3,106
2011/10/16 20,5,146
2011/10/16 21,4,160
2011/10/16 22,5,169
2011/10/16 23,5,174
2011/10/17 00,4,70
2011/10/17 01,5,113
2011/10/17 02,4,123
2011/10/17 03,3,87
2011/10/17 04,6,92
2011/10/17 05,6,80
2011/10/17 06,4,21
2011/10/17 07,2,2
2011/10/17 17,2,3
2011/10/17 18,4,14
2011/10/17 19,1,16
2011/10/17 20,1,17
2011/10/17 21,2,12
2011/10/17 22,5,4
2011/10/17 23,1,3
2011/10/18 00,2,9
2011/10/18 01,3,5
2011/10/18 02,5,17
2011/10/18 03,7,84
2011/10/18 04,3,69
2011/10/18 05,5,54
2011/10/18 06,6,79
2011/10/18 07,4,62
2011/10/18 08,2,83
2011/10/18 09,2,63
2011/10/18 10,2,68
2011/10/18 11,2,58
2011/10/18 12,1,74
2011/10/18 13,2,63
2011/10/18 14,2,65
2011/10/18 15,2,75
2011/10/18 16,1,73
2011/10/18 17,1,63
2011/10/18 18,2,51
2011/10/18 19,1,5
2011/10/18 21,2,6
2011/10/18 22,2,10
2011/10/18 23,1,8
2011/10/19 00,1,0
2011/10/19 02,1,2
2011/10/19 03,4,120
2011/10/19 04,4,154
2011/10/19 05,4,5
2011/10/19 06,4,41
2011/10/19 07,3,62
2011/10/19 08,4,58
2011/10/19 09,3,58
2011/10/19 10,3,83
2011/10/19 11,2,90
2011/10/19 12,3,94
2011/10/19 13,2,76
2011/10/19 14,2,92
2011/10/19 15,2,79
2011/10/19 16,1,68
2011/10/19 17,2,63
2011/10/19 18,1,5
2011/10/19 19,1,12
2011/10/19 20,2,76
2011/10/19 21,3,7
2011/10/19 22,2,2
2011/10/19 23,1,2
2011/10/20 00,3,20
2011/10/20 01,3,28
2011/10/20 02,2,13
2011/10/20 03,3,21
2011/10/20 04,3,16
2011/10/20 05,5,9
2011/10/20 06,3,2
2011/10/20 07,2,3
2011/10/20 08,1,2
2011/10/20 16,1,7
2011/10/20 17,1,11
2011/10/20 18,1,7
2011/10/20 19,2,56
2011/10/20 20,2,21
2011/10/20 21,2,149
2011/10/20 22,2,35
2011/10/20 23,1,13
2011/10/21 00,1,11
2011/10/21 01,2,3
2011/10/21 02,6,92
2011/10/21 03,6,107
2011/10/21 04,6,24
2011/10/21 05,6,63
2011/10/21 06,4,57
2011/10/21 07,3,69
2011/10/21 08,2,70
2011/10/21 09,4,77
2011/10/21 10,2,65
2011/10/21 11,2,72
2011/10/21 12,1,14
2011/10/21 16,1,0
2011/10/21 17,1,0
2011/10/21 19,1,1
2011/10/21 20,3,11
2011/10/21 21,3,2
2011/10/21 22,3,9
2011/10/21 23,3,8
2011/10/22 00,4,17
2011/10/22 01,2,17
2011/10/22 02,3,12
2011/10/22 03,3,12
2011/10/22 04,4,22
2011/10/22 05,6,26
2011/10/22 06,6,25
2011/10/22 07,4,600
2011/10/22 08,4,718
2011/10/22 09,4,582
2011/10/22 10,3,140
2011/10/22 11,2,69
2011/10/22 12,2,81
2011/10/22 13,3,71
2011/10/22 14,2,48
2011/10/22 15,2,129
2011/10/22 16,3,91
2011/10/22 17,2,105
2011/10/22 18,2,333
2011/10/22 19,3,356
2011/10/22 20,2,4
2011/10/22 21,2,10
2011/10/22 22,2,37
2011/10/22 23,4,58
2011/10/23 00,4,30
2011/10/23 01,6,112
2011/10/23 02,5,120
2011/10/23 03,5,98
2011/10/23 04,6,123
2011/10/23 05,5,121
2011/10/23 06,3,102
2011/10/23 07,2,92
2011/10/23 08,1,20
2011/10/23 12,1,1
2011/10/23 13,1,2
2011/10/23 14,1,1
2011/10/23 15,1,2
2011/10/23 16,2,9
2011/10/23 17,2,11
2011/10/23 18,2,6
2011/10/23 19,4,181
2011/10/23 20,3,197
2011/10/23 21,3,218
2011/10/23 22,2,4
2011/10/23 23,7,441
2011/10/24 00,5,38
2011/10/24 01,4,50
2011/10/24 02,5,104
2011/10/24 03,7,117
2011/10/24 04,6,33
2011/10/24 05,4,16
2011/10/24 06,3,5
2011/10/24 07,2,2
2011/10/24 08,2,1
2011/10/24 09,1,2
2011/10/24 10,1,4
2011/10/24 11,1,4
2011/10/24 12,2,6
2011/10/24 13,1,4
2011/10/24 18,2,32
2011/10/24 19,2,49
2011/10/24 20,3,91
2011/10/24 22,2,5
2011/10/24 23,3,6
2011/10/25 00,5,36
2011/10/25 01,6,50
2011/10/25 02,5,19
2011/10/25 03,5,18
2011/10/25 04,3,16
2011/10/25 05,3,16
2011/10/25 06,2,16
2011/10/25 07,1,16
2011/10/25 08,2,11
2011/10/25 14,1,0
2011/10/25 18,1,33
2011/10/25 19,1,59
2011/10/25 20,3,45
2011/10/25 21,2,14
2011/10/25 22,5,21
2011/10/25 23,4,27
2011/10/26 00,4,26
2011/10/26 01,5,25
2011/10/26 02,4,26
2011/10/26 03,1,7
2011/10/26 04,2,16
2011/10/26 05,2,17
2011/10/26 06,1,9
2011/10/26 07,1,1
2011/10/26 08,1,1
2011/10/26 09,2,6
2011/10/26 10,1,0
2011/10/26 11,1,2
2011/10/26 13,2,10
2011/10/26 14,2,9
2011/10/26 19,1,1
2011/10/26 20,1,1
2011/10/26 21,1,1
2011/10/26 22,2,8
2011/10/26 23,2,13
2011/10/27 00,4,8
2011/10/27 01,4,10
2011/10/27 02,5,20
2011/10/27 03,4,27
2011/10/27 04,3,38
2011/10/27 05,3,73
2011/10/27 06,3,65
2011/10/27 07,3,71
2011/10/27 08,3,53
2011/10/27 09,2,47
2011/10/27 10,3,82
2011/10/27 11,2,88
2011/10/27 12,2,93
2011/10/27 13,1,58
2011/10/27 14,3,67
2011/10/27 15,3,118
2011/10/27 16,2,60
2011/10/27 17,2,56
2011/10/27 18,2,73
2011/10/27 19,2,90
2011/10/27 20,2,33
2011/10/27 21,3,36
2011/10/27 22,2,14
2011/10/27 23,2,12
2011/10/28 00,4,13
2011/10/28 01,4,19
2011/10/28 02,6,45
2011/10/28 03,6,94
2011/10/28 04,6,100
2011/10/28 05,1,14
2011/10/28 06,1,13
2011/10/28 07,2,32
2011/10/28 08,1,69
2011/10/28 09,1,45
2011/10/28 10,1,57
2011/10/28 11,1,68
2011/10/28 12,2,73
2011/10/28 13,2,88
2011/10/28 14,2,85
2011/10/28 15,1,38
2011/10/28 16,1,27
2011/10/28 17,1,19
2011/10/28 18,2,46
2011/10/28 19,3,56
2011/10/28 20,5,142
2011/10/28 21,3,134
2011/10/28 22,2,25
2011/10/28 23,2,115
2011/10/29 00,2,128
2011/10/29 01,6,119
2011/10/29 02,6,108
2011/10/29 03,3,91
2011/10/29 04,4,85
2011/10/29 05,2,6
2011/10/29 06,4,75
2011/10/29 07,3,85
2011/10/29 08,3,94
2011/10/29 09,3,83
2011/10/29 10,2,10
2011/10/29 11,3,7
2011/10/29 12,2,4
2011/10/29 13,2,4
2011/10/29 16,1,4
2011/10/29 17,2,7
2011/10/29 18,1,14
2011/10/29 19,1,16
2011/10/29 20,3,128
2011/10/29 21,3,129
2011/10/29 22,5,107
2011/10/29 23,7,111
2011/10/30 00,6,171
2011/10/30 01,6,180
2011/10/30 02,4,149
2011/10/30 03,3,26
2011/10/30 04,4,63
2011/10/30 05,4,36
2011/10/30 06,5,73
2011/10/30 07,4,42
2011/10/30 08,3,67
2011/10/30 09,1,30
2011/10/30 10,1,34
2011/10/30 14,1,144
2011/10/30 15,4,97
2011/10/30 16,6,123
2011/10/30 17,6,109
2011/10/30 18,8,97
2011/10/30 19,5,97
2011/10/30 20,6,82
2011/10/30 21,5,95
2011/10/30 22,6,540
2011/10/30 23,9,504
2011/10/31 00,11,510
2011/10/31 01,7,494
2011/10/31 02,4,112
2011/10/31 03,3,69
2011/10/31 04,4,68
2011/10/31 05,4,33
2011/10/31 06,3,10
2011/10/31 07,2,5
2011/10/31 08,1,3
2011/10/31 09,2,6
2011/10/31 10,2,10
2011/10/31 13,1,2
2011/10/31 15,1,2
2011/10/31 16,4,8
2011/10/31 17,3,9
2011/10/31 18,1,2
2011/10/31 19,2,13
2011/10/31 20,4,9
2011/10/31 21,4,59
2011/10/31 22,8,138
2011/10/31 23,13,138
2011/11/01 00,15,235
2011/11/01 01,13,242
2011/11/01 02,8,93
2011/11/01 03,5,39
2011/11/01 04,6,76
2011/11/01 05,6,80
2011/11/01 06,6,58
2011/11/01 07,3,31
2011/11/01 08,2,33
2011/11/01 09,3,35
2011/11/01 10,2,30
2011/11/01 11,2,30
2011/11/01 12,3,29
2011/11/01 13,2,29
2011/11/01 14,2,83
2011/11/01 15,2,63
2011/11/01 16,1,44
2011/11/03 15,1,1
2011/11/03 19,2,4
2011/11/03 20,3,13
2011/11/03 21,2,13
2011/11/03 22,2,10
2011/11/03 23,4,50
2011/11/04 00,4,48
2011/11/04 01,4,28
2011/11/04 02,8,42
2011/11/04 03,5,68
2011/11/04 04,5,47
2011/11/04 05,3,22
2011/11/04 06,4,29
2011/11/04 07,3,22
2011/11/04 10,1,4
2011/11/04 11,1,3
2011/11/04 12,2,4
2011/11/04 13,2,8
2011/11/04 14,2,5
2011/11/04 15,2,4
2011/11/04 16,2,4
2011/11/04 17,4,23
2011/11/04 18,2,20
2011/11/04 19,2,121
2011/11/04 20,4,126
2011/11/04 21,4,66
2011/11/04 22,3,23
2011/11/04 23,2,13
2011/11/05 00,5,26
2011/11/05 01,7,107
2011/11/05 02,11,135
2011/11/05 03,8,86
2011/11/05 04,7,83
2011/11/05 05,8,117
2011/11/05 06,5,72
2011/11/05 07,4,66
2011/11/05 08,3,61
2011/11/05 09,1,45
2011/11/05 11,1,6
2011/11/05 12,1,4
2011/11/05 13,1,3
2011/11/05 16,3,4
2011/11/05 17,2,4
2011/11/05 20,3,420
2011/11/05 21,5,423
2011/11/05 22,6,436
2011/11/05 23,3,4
2011/11/06 00,3,87
2011/11/06 01,6,172
2011/11/06 02,8,156
2011/11/06 03,5,102
2011/11/06 04,8,95
2011/11/06 05,8,81
2011/11/06 06,7,50
2011/11/06 07,5,51
2011/11/06 08,6,51
2011/11/06 09,2,4
2011/11/06 10,4,74
2011/11/06 11,5,95
2011/11/06 12,5,83
2011/11/06 13,3,46
2011/11/06 14,3,8
2011/11/06 15,2,8
2011/11/06 16,1,12
2011/11/06 17,1,10
2011/11/06 20,1,0
2011/11/06 21,2,7
2011/11/06 22,1,3
2011/11/06 23,1,2
2011/11/07 00,1,3
2011/11/07 01,2,15
2011/11/07 02,2,10
2011/11/07 03,3,11
2011/11/07 04,7,461
2011/11/07 05,7,452
2011/11/07 06,5,37
2011/11/07 07,4,34
2011/11/07 08,3,14
2011/11/07 09,1,2
2011/11/07 10,1,2
2011/11/07 11,1,3
2011/11/07 13,3,4
2011/11/07 14,3,14
2011/11/07 15,1,1
2011/11/07 16,1,1
2011/11/07 18,1,2
2011/11/07 19,1,2
2011/11/07 20,2,5
2011/11/07 21,2,6
2011/11/07 22,2,9
2011/11/07 23,1,5
2011/11/08 01,2,5
2011/11/08 02,2,14
2011/11/08 03,2,3
2011/11/08 04,3,9
2011/11/08 05,2,2
2011/11/08 06,3,4
2011/11/08 07,3,19
2011/11/08 08,5,32
2011/11/08 09,6,124
2011/11/08 10,6,118
2011/11/08 11,6,88
2011/11/08 12,3,70
2011/11/08 13,3,74
2011/11/08 14,2,77
2011/11/08 15,2,75
2011/11/08 16,2,59
2011/11/08 17,2,47
2011/11/08 18,3,4
2011/11/08 19,2,1
2011/11/08 20,3,4
2011/11/08 21,5,6
2011/11/08 22,2,0
2011/11/08 23,2,2
2011/11/09 00,2,2
2011/11/09 01,3,53
2011/11/09 02,2,64
2011/11/09 03,1,1
2011/11/09 04,1,2
2011/11/09 05,5,21
2011/11/09 06,5,49
2011/11/09 07,7,52
2011/11/09 08,6,44
2011/11/09 09,5,29
2011/11/09 10,3,25
2011/11/09 11,3,21
2011/11/09 13,1,2
2011/11/09 14,1,2
2011/11/09 16,2,3
2011/11/09 17,1,3
2011/11/09 18,2,13
2011/11/09 19,3,26
2011/11/09 20,1,25
2011/11/09 21,1,18
2011/11/09 22,1,0
2011/11/09 23,1,0
2011/11/10 00,2,5
2011/11/10 01,3,9
2011/11/10 02,2,3
2011/11/10 03,3,36
2011/11/10 04,2,38
2011/11/10 06,1,2
2011/11/10 07,3,8
2011/11/10 08,5,21
2011/11/10 09,5,16
2011/11/10 10,3,24
2011/11/10 11,3,29
2011/11/10 12,2,9
2011/11/10 13,3,7
2011/11/10 14,2,3
2011/11/10 15,2,6
2011/11/10 16,1,0
2011/11/10 17,1,0
2011/11/10 18,1,0
2011/11/10 19,1,0
2011/11/10 21,1,1
2011/11/10 22,1,24
2011/11/10 23,1,66
2011/11/11 00,1,3
2011/11/11 01,1,2
2011/11/11 02,2,8
2011/11/11 03,3,18
2011/11/11 04,2,7
2011/11/11 05,1,8
2011/11/11 06,3,16
2011/11/11 07,4,29
2011/11/11 08,4,26
2011/11/11 09,8,82
2011/11/11 10,8,78
2011/11/11 11,8,92
2011/11/11 12,7,66
2011/11/11 13,4,51
2011/11/11 14,2,47
2011/11/11 15,3,51
2011/11/11 16,2,69
2011/11/11 17,2,88
2011/11/11 18,2,68
2011/11/11 19,2,39
2011/11/11 20,2,40
2011/11/11 21,1,0
2011/11/11 22,1,13
2011/11/11 23,1,88
2011/11/12 00,2,19
2011/11/12 01,3,80
2011/11/12 02,2,58
2011/11/12 03,4,66
2011/11/12 04,4,36
2011/11/12 05,2,18
2011/11/12 07,1,8
2011/11/12 09,1,1
2011/11/12 10,1,4
2011/11/12 11,1,2
2011/11/12 12,1,1
2011/11/12 13,1,2
2011/11/12 14,1,1
2011/11/12 15,2,4
2011/11/12 16,3,3
2011/11/12 17,2,2
2011/11/12 18,4,11
2011/11/12 19,6,320
2011/11/12 20,5,326
2011/11/12 21,5,317
2011/11/12 22,7,30
2011/11/12 23,6,113
2011/11/13 00,5,120
2011/11/13 01,5,126
2011/11/13 02,5,131
2011/11/13 03,4,52
2011/11/13 04,4,6
2011/11/13 05,4,7
2011/11/13 06,4,5
2011/11/13 07,3,3
2011/11/13 08,2,4
2011/11/13 12,2,4
2011/11/13 13,2,6
2011/11/13 14,1,4
2011/11/13 15,1,4
2011/11/13 16,1,5
2011/11/13 17,2,8
2011/11/13 18,1,2
2011/11/13 19,1,2
2011/11/13 20,2,6
2011/11/13 21,3,11
2011/11/13 22,2,59
2011/11/13 23,2,81
2011/11/14 00,2,3
2011/11/14 01,1,3
2011/11/14 02,2,13
2011/11/14 03,2,14
2011/11/14 04,7,42
2011/11/14 05,7,51
2011/11/14 06,6,42
2011/11/14 07,4,32
2011/11/14 08,2,7
2011/11/14 09,2,6
2011/11/14 10,2,7
2011/11/14 11,1,1
2011/11/14 14,1,1
2011/11/14 17,2,2
2011/11/14 18,2,3
2011/11/14 21,1,0
2011/11/14 22,2,2
2011/11/14 23,2,5
2011/11/15 00,1,0
2011/11/15 01,5,114
2011/11/15 02,6,130
2011/11/15 03,5,48
2011/11/15 04,6,55
2011/11/15 05,7,109
2011/11/15 06,9,140
2011/11/15 07,9,125
2011/11/15 08,2,3
2011/11/15 09,2,13
2011/11/15 10,1,1
2011/11/15 11,1,2
2011/11/15 13,1,1
2011/11/15 14,3,24
2011/11/15 15,3,96
2011/11/15 16,2,56
2011/11/15 17,1,2
2011/11/15 18,1,2
2011/11/15 20,1,0
2011/11/15 21,1,3
2011/11/15 22,1,2
2011/11/16 01,3,18
2011/11/16 02,4,22
2011/11/16 03,3,108
2011/11/16 04,4,69
2011/11/16 05,2,16
2011/11/16 06,4,19
2011/11/16 07,5,13
2011/11/16 08,5,15
2011/11/16 09,3,9
2011/11/16 10,2,3
2011/11/16 11,1,2
2011/11/16 12,1,2
2011/11/16 13,1,2
2011/11/16 14,1,2
2011/11/16 19,1,1
2011/11/16 20,2,2
2011/11/16 21,2,5
2011/11/16 22,4,26
2011/11/16 23,4,29
2011/11/17 00,4,123
2011/11/17 01,3,119
2011/11/17 02,3,9
2011/11/17 03,4,25
2011/11/17 04,3,20
2011/11/17 05,3,39
2011/11/17 06,3,28
2011/11/17 07,2,15
2011/11/17 08,1,2
2011/11/17 09,1,2
2011/11/17 10,1,3
2011/11/17 11,1,3
2011/11/17 12,1,4
2011/11/17 13,1,2
2011/11/17 14,1,2
2011/11/17 15,1,3
2011/11/17 16,1,2
2011/11/17 17,1,13
2011/11/17 18,1,22
2011/11/17 19,2,37
2011/11/17 20,3,81
2011/11/17 21,4,59
2011/11/17 22,3,9
2011/11/17 23,2,8
2011/11/18 00,2,6
2011/11/18 01,4,10
2011/11/18 02,3,30
2011/11/18 03,4,28
2011/11/18 04,4,26
2011/11/18 05,4,42
2011/11/18 06,5,32
2011/11/18 07,9,44
2011/11/18 08,4,32
2011/11/18 09,4,30
2011/11/18 10,3,23
2011/11/18 11,3,35
2011/11/18 12,2,26
2011/11/18 13,1,2
2011/11/18 14,1,2
2011/11/18 23,2,9
2011/11/19 00,4,26
2011/11/19 01,4,94
2011/11/19 02,5,94
2011/11/19 03,3,40
2011/11/19 04,4,39
2011/11/19 05,4,60
2011/11/19 06,6,78
2011/11/19 07,5,30
2011/11/19 08,4,33
2011/11/19 09,4,27
2011/11/19 10,1,1
2011/11/19 11,1,1
2011/11/19 12,2,1
2011/11/19 13,1,1
2011/11/19 14,2,1
2011/11/19 16,1,0
2011/11/19 17,1,1
2011/11/19 18,3,3
2011/11/19 19,2,1
2011/11/19 20,3,38
2011/11/19 21,2,44
2011/11/20 01,2,60
2011/11/20 02,1,61
2011/11/20 03,2,58
2011/11/20 04,3,65
2011/11/20 05,2,5
2011/11/20 06,2,2
2011/11/20 07,3,27
2011/11/20 08,3,35
2011/11/20 09,4,16
2011/11/20 10,2,0
2011/11/20 11,2,1
2011/11/20 12,3,2
2011/11/20 13,2,1
2011/11/20 14,2,1
2011/11/20 15,1,0
2011/11/20 16,1,0
2011/11/20 17,2,3
2011/11/20 18,2,4
2011/11/20 21,1,0
2011/11/20 22,1,2
2011/11/20 23,3,40
2011/11/21 00,4,58
2011/11/21 01,3,68
2011/11/21 02,3,79
2011/11/21 03,2,89
2011/11/21 04,2,91
2011/11/21 05,3,19
2011/11/21 06,3,21
2011/11/21 07,4,14
2011/11/21 08,2,13
2011/11/21 09,2,12
2011/11/21 10,1,4
2011/11/21 11,1,1
2011/11/21 13,1,1
2011/11/21 14,1,3
2011/11/21 15,2,2
2011/11/21 20,1,2
2011/11/21 21,1,2
2011/11/21 22,1,0
2011/11/22 02,1,2
2011/11/22 03,3,74
2011/11/22 04,4,95
2011/11/22 05,5,102
2011/11/22 06,9,45
2011/11/22 07,7,38
2011/11/22 08,4,28
2011/11/22 09,3,18
2011/11/22 10,3,5
2011/11/22 11,2,1
2011/11/22 12,2,2
2011/11/22 13,2,3
2011/11/22 14,1,1
2011/11/22 15,1,2
2011/11/22 16,1,2
2011/11/22 17,1,2
2011/11/22 18,3,19
2011/11/22 19,5,88
2011/11/22 20,4,320
2011/11/22 21,2,67
2011/11/22 22,2,56
2011/11/22 23,2,55
2011/11/23 00,2,5
2011/11/23 01,2,7
2011/11/23 02,1,4
2011/11/23 03,1,328
2011/11/23 04,2,317
2011/11/23 05,2,12
2011/11/23 06,2,13
2011/11/23 07,3,16
2011/11/23 08,1,6
2011/11/23 09,2,6
2011/11/23 10,1,3
2011/11/23 11,1,1
2011/11/23 12,2,29
2011/11/23 13,2,32
2011/11/23 14,3,62
2011/11/23 15,2,70
2011/11/23 16,1,68
2011/11/23 17,2,87
2011/11/23 18,3,100
2011/11/23 19,2,92
2011/11/23 20,1,59
2011/11/23 21,4,51
2011/11/23 22,3,59
2011/11/23 23,1,5
2011/11/24 00,3,6
2011/11/24 01,3,6
2011/11/24 02,2,7
2011/11/24 03,2,2
2011/11/24 04,3,18
2011/11/24 05,5,13
2011/11/24 06,3,24
2011/11/24 07,7,122
2011/11/24 08,9,190
2011/11/24 09,9,212
2011/11/24 10,3,52
2011/11/24 11,3,64
2011/11/24 12,3,62
2011/11/24 13,1,3
2011/11/24 15,1,5
2011/11/24 16,2,8
2011/11/24 17,2,6
2011/11/24 18,1,3
2011/11/24 20,1,6
2011/11/24 21,1,15
2011/11/24 22,2,24
2011/11/24 23,2,30
2011/11/25 00,1,48
2011/11/25 01,1,43
2011/11/25 02,1,51
2011/11/25 03,2,45
2011/11/25 04,3,40
2011/11/25 05,3,37
2011/11/25 06,2,14
2011/11/25 07,2,327
2011/11/25 08,4,309
2011/11/25 09,4,214
2011/11/25 10,3,179
2011/11/25 11,1,9
2011/11/25 12,1,5
2011/11/25 13,1,1
2011/11/25 14,1,2
2011/11/25 16,1,1
2011/11/25 17,1,1
2011/11/25 19,1,5
2011/11/25 20,2,5
2011/11/25 21,2,13
2011/11/25 22,2,18
2011/11/25 23,2,18
2011/11/26 00,1,8
2011/11/26 01,2,4
2011/11/26 02,3,35
2011/11/26 03,4,94
2011/11/26 04,2,133
2011/11/26 05,4,114
2011/11/26 06,4,62
2011/11/26 07,4,24
2011/11/26 08,4,23
2011/11/26 09,4,17
2011/11/26 10,3,10
2011/11/26 11,3,19
2011/11/26 12,1,15
2011/11/26 13,1,2
2011/11/26 14,1,6
2011/11/26 16,1,1
2011/11/26 17,3,11
2011/11/26 18,2,6
2011/11/26 19,1,2
2011/11/26 20,2,19
2011/11/26 21,4,29
2011/11/26 22,5,43
2011/11/26 23,5,90
2011/11/27 00,7,106
2011/11/27 01,5,51
2011/11/27 02,4,82
2011/11/27 03,3,74
2011/11/27 04,4,69
2011/11/27 05,5,79
2011/11/27 06,5,33
2011/11/27 07,4,36
2011/11/27 08,5,52
2011/11/27 09,4,45
2011/11/27 10,2,3
2011/11/27 11,2,2
2011/11/27 12,2,3
2011/11/27 13,1,2
2011/11/27 14,1,3
2011/11/27 15,1,2
2011/11/27 20,2,2
2011/11/27 21,2,7
2011/11/27 22,2,8
2011/11/27 23,5,24
2011/11/28 00,4,21
2011/11/28 01,4,24
2011/11/28 02,5,29
2011/11/28 03,7,99
2011/11/28 04,4,87
2011/11/28 05,3,25
2011/11/28 06,4,38
2011/11/28 07,5,42
2011/11/28 08,5,40
2011/11/28 09,2,34
2011/11/28 10,2,34
2011/11/28 15,2,2
2011/11/28 16,1,1
2011/11/28 17,2,3
2011/11/28 18,1,2
2011/11/28 19,2,2
2011/11/28 20,1,119
2011/11/28 21,2,135
2011/11/28 22,2,106
2011/11/29 01,1,5
2011/11/29 02,2,34
2011/11/29 03,4,49
2011/11/29 04,5,55
2011/11/29 05,7,97
2011/11/29 06,6,69
2011/11/29 07,6,62
2011/11/29 08,8,63
2011/11/29 09,6,58
2011/11/29 10,5,39
2011/11/29 11,5,61
2011/11/29 12,2,39
2011/11/29 13,3,27
2011/11/29 14,3,55
2011/11/29 15,2,54
2011/11/29 16,3,61
2011/11/29 17,1,2
2011/11/29 18,2,21
2011/11/29 19,1,48
2011/11/29 20,1,122
2011/11/29 21,2,168
2011/11/29 22,2,109
2011/11/29 23,3,87
2011/11/30 00,5,76
2011/11/30 01,5,81
2011/11/30 02,6,87
2011/11/30 03,8,169
2011/11/30 04,5,156
2011/11/30 05,6,157
2011/11/30 06,5,66
2011/11/30 07,3,29
2011/11/30 08,2,23
2011/11/30 09,1,13
2011/11/30 13,1,0
2011/11/30 16,1,3
2011/11/30 17,1,1
2011/11/30 18,2,2
2011/11/30 20,1,2
2011/11/30 21,1,1
2011/11/30 22,1,24
2011/11/30 23,3,101
2011/12/01 00,2,80
2011/12/01 01,3,64
2011/12/01 02,3,77
2011/12/01 03,3,100
2011/12/01 04,3,143
2011/12/01 05,4,117
2011/12/01 06,5,87
2011/12/01 07,4,70
2011/12/01 08,5,75
2011/12/01 09,2,44
2011/12/01 10,1,42
2011/12/01 15,1,1
2011/12/01 16,1,1
2011/12/01 21,1,14
2011/12/01 22,3,35
2011/12/01 23,4,47
2011/12/02 00,3,4
2011/12/02 01,4,23
2011/12/02 02,6,40
2011/12/02 03,3,32
2011/12/02 04,3,31
2011/12/02 05,4,46
2011/12/02 06,3,33
2011/12/02 07,4,32
2011/12/02 08,3,26
2011/12/02 09,4,30
2011/12/02 10,4,38
2011/12/02 11,2,9
2011/12/02 12,2,3
2011/12/02 13,1,1
2011/12/02 14,1,4
2011/12/02 15,2,5
2011/12/02 16,2,9
2011/12/02 17,2,8
2011/12/02 18,1,1
2011/12/02 19,2,11
2011/12/02 20,1,35
2011/12/02 21,1,48
2011/12/02 22,2,54
2011/12/02 23,3,60
2011/12/03 00,2,66
2011/12/03 01,3,59
2011/12/03 02,2,64
2011/12/03 03,4,78
2011/12/03 04,5,77
2011/12/03 05,6,98
2011/12/03 06,7,95
2011/12/03 07,6,62
2011/12/03 08,6,50
2011/12/03 09,3,90
2011/12/03 10,3,79
2011/12/03 11,3,64
2011/12/03 12,3,57
2011/12/03 13,1,2
2011/12/03 14,2,3
2011/12/03 15,1,2
2011/12/03 16,4,17
2011/12/03 17,3,16
2011/12/03 18,3,15
2011/12/03 19,3,9
2011/12/03 20,2,4
2011/12/03 21,4,8
2011/12/03 22,5,14
2011/12/03 23,3,14
2011/12/04 00,4,16
2011/12/04 01,6,78
2011/12/04 02,6,97
2011/12/04 03,5,86
2011/12/04 04,6,89
2011/12/04 05,6,104
2011/12/04 06,2,84
2011/12/04 07,2,29
2011/12/04 08,3,715
2011/12/04 09,3,652
2011/12/04 10,1,1
2011/12/04 11,1,37
2011/12/04 12,1,46
2011/12/04 13,3,47
2011/12/04 14,2,54
2011/12/04 15,1,146
2011/12/04 16,4,76
2011/12/04 17,2,75
2011/12/04 18,5,109
2011/12/04 19,4,169
2011/12/04 20,4,110
2011/12/04 21,3,41
2011/12/04 22,5,107
2011/12/04 23,6,50
2011/12/05 00,4,45
2011/12/05 01,4,42
2011/12/05 02,5,463
2011/12/05 03,7,558
2011/12/05 04,5,498
2011/12/05 05,6,443
2011/12/05 06,3,83
2011/12/05 07,3,79
2011/12/05 08,4,23
2011/12/05 09,3,7
2011/12/05 10,3,3
2011/12/05 11,2,3
2011/12/05 13,2,33
2011/12/05 14,2,37
2011/12/05 15,2,35
2011/12/05 16,2,28
2011/12/05 17,2,3
2011/12/05 18,5,7
2011/12/05 19,5,10
2011/12/05 20,3,3
2011/12/05 21,3,7
2011/12/05 22,4,40
2011/12/05 23,5,40
2011/12/06 00,4,39
2011/12/06 01,5,35
2011/12/06 02,4,8
2011/12/06 03,6,99
2011/12/06 04,10,124
2011/12/06 05,9,48
2011/12/06 06,6,51
2011/12/06 07,4,22
2011/12/06 08,5,36
2011/12/06 09,3,4
2011/12/06 10,2,2
2011/12/06 11,2,2
2011/12/06 12,2,30
2011/12/06 13,1,36
2011/12/06 15,3,15
2011/12/06 16,4,13
2011/12/06 17,3,12
2011/12/06 18,4,90
2011/12/06 19,4,20
2011/12/06 20,4,28
2011/12/06 21,5,37
2011/12/06 22,7,42
2011/12/06 23,1,16
2011/12/07 01,5,6
2011/12/07 02,6,9
2011/12/07 03,5,17
2011/12/07 04,5,26
2011/12/07 05,8,73
2011/12/07 06,7,73
2011/12/07 07,4,43
2011/12/07 08,5,114
2011/12/07 09,3,127
2011/12/07 10,3,42
2011/12/07 11,4,29
2011/12/07 12,4,39
2011/12/07 13,2,2
2011/12/07 15,2,1
2011/12/07 16,2,2
2011/12/07 17,1,2
2011/12/07 18,2,1
2011/12/07 19,2,1
2011/12/07 20,3,9
2011/12/07 22,3,14
2011/12/07 23,3,18
2011/12/08 00,2,16
2011/12/08 01,2,0
2011/12/08 02,4,41
2011/12/08 03,4,101
2011/12/08 04,4,101
2011/12/08 05,9,3284
2011/12/08 06,9,4383
2011/12/08 07,6,3865
2011/12/08 08,3,3090
2011/12/08 09,5,2511
2011/12/08 10,4,73
2011/12/08 11,5,84
2011/12/08 12,3,116
2011/12/08 13,4,84
2011/12/08 14,2,65
2011/12/08 15,1,2
2011/12/08 16,2,9
2011/12/08 17,2,11
2011/12/08 18,1,4
2011/12/08 19,1,2
2011/12/08 20,1,3
2011/12/08 21,1,0
2011/12/09 00,1,1
2011/12/09 01,1,2
2011/12/09 02,2,7
2011/12/09 03,6,14
2011/12/09 04,9,64
2011/12/09 05,7,127
2011/12/09 06,8,61
2011/12/09 07,8,69
2011/12/09 08,8,84
2011/12/09 09,8,103
2011/12/09 10,6,111
2011/12/09 11,2,67
2011/12/09 12,2,68
2011/12/09 13,3,70
2011/12/09 14,4,69
2011/12/09 15,4,95
2011/12/09 16,5,98
2011/12/09 17,2,78
2011/12/09 18,4,88
2011/12/09 19,4,100
2011/12/09 20,5,150
2011/12/09 21,5,101
2011/12/09 22,4,23
2011/12/09 23,6,38
2011/12/10 00,5,47
2011/12/10 01,3,10
2011/12/10 02,3,5
2011/12/10 03,6,30
2011/12/10 04,8,76
2011/12/10 05,10,122
2011/12/10 06,10,115
2011/12/10 07,9,57
2011/12/10 08,9,65
2011/12/10 09,3,51
2011/12/10 10,3,64
2011/12/10 11,1,44
2011/12/10 12,2,32
2011/12/10 13,2,2
2011/12/10 14,2,5
2011/12/10 15,2,5
2011/12/10 16,2,4
2011/12/10 17,3,7
2011/12/10 18,1,3
2011/12/10 19,1,3
2011/12/10 20,3,10
2011/12/10 21,3,11
2011/12/10 22,5,21
2011/12/10 23,6,16
2011/12/11 00,6,14
2011/12/11 01,10,111
2011/12/11 02,6,42
2011/12/11 03,7,35
2011/12/11 04,12,108
2011/12/11 05,12,131
2011/12/11 06,8,70
2011/12/11 07,10,81
2011/12/11 08,9,80
2011/12/11 09,9,78
2011/12/11 10,7,85
2011/12/11 11,1,6
2011/12/11 12,2,8
2011/12/11 13,4,66
2011/12/11 14,2,50
2011/12/11 15,1,5
2011/12/11 16,3,12
2011/12/11 17,5,21
2011/12/11 18,4,13
2011/12/11 19,2,6
2011/12/11 20,2,6
2011/12/11 21,3,10
2011/12/11 22,4,14
2011/12/11 23,4,46
2011/12/12 00,5,59
2011/12/12 01,7,12
2011/12/12 02,5,62
2011/12/12 03,13,575
2011/12/12 04,13,674
2011/12/12 05,10,654
2011/12/12 06,4,20
2011/12/12 07,6,91
2011/12/12 08,6,120
2011/12/12 09,5,103
2011/12/12 10,3,112
2011/12/12 11,3,62
2011/12/12 12,3,61
2011/12/12 13,2,64
2011/12/12 14,3,79
2011/12/12 15,6,90
2011/12/12 16,5,154
2011/12/12 17,5,94
2011/12/12 18,4,103
2011/12/12 19,3,77
2011/12/12 20,5,136
2011/12/12 21,4,125
2011/12/12 22,2,8
2011/12/12 23,6,18
2011/12/13 00,10,45
2011/12/13 01,8,24
2011/12/13 02,9,21
2011/12/13 03,8,27
2011/12/13 04,8,34
2011/12/13 05,9,69
2011/12/13 06,7,44
2011/12/13 07,5,39
2011/12/13 08,6,52
2011/12/13 09,8,76
2011/12/13 10,7,78
2011/12/13 11,4,44
2011/12/13 12,2,48
2011/12/13 13,1,47
2011/12/13 14,2,47
2011/12/13 15,3,143
2011/12/13 16,4,92
2011/12/13 17,3,62
2011/12/13 18,4,80
2011/12/13 19,5,134
2011/12/13 20,5,122
2011/12/13 21,6,114
2011/12/13 22,4,86
2011/12/13 23,4,82
2011/12/14 00,7,79
2011/12/14 01,7,72
2011/12/14 02,4,55
2011/12/14 03,3,44
2011/12/14 04,2,2
2011/12/14 05,2,4
2011/12/14 06,1,2
2011/12/14 07,4,48
2011/12/14 08,4,51
2011/12/14 09,3,41
2011/12/14 10,3,57
2011/12/14 11,2,9
2011/12/14 12,1,7
2011/12/14 13,3,40
2011/12/14 14,2,3
2011/12/14 17,1,1
2011/12/14 18,3,7
2011/12/14 19,2,4
2011/12/14 20,2,4
2011/12/14 21,1,2
2011/12/14 22,1,2
2011/12/14 23,3,9
2011/12/15 00,6,9
2011/12/15 01,6,13
2011/12/15 02,8,32
2011/12/15 03,3,11
2011/12/15 04,2,9
2011/12/15 05,5,22
2011/12/15 06,9,70
2011/12/15 07,9,52
2011/12/15 08,7,24
2011/12/15 09,4,16
2011/12/15 10,6,456
2011/12/15 11,4,373
2011/12/15 12,4,36
2011/12/15 13,4,50
2011/12/15 14,3,57
2011/12/15 15,2,58
2011/12/15 16,3,46
2011/12/15 17,2,55
2011/12/15 18,3,67
2011/12/15 19,2,83
2011/12/15 20,2,65
2011/12/15 21,2,73
2011/12/15 22,2,70
2011/12/15 23,3,70
2011/12/16 00,3,70
2011/12/16 01,5,56
2011/12/16 02,3,68
2011/12/16 03,5,21
2011/12/16 04,4,19
2011/12/16 05,5,34
2011/12/16 06,4,24
2011/12/16 07,6,33
2011/12/16 08,6,52
2011/12/16 09,4,52
2011/12/16 10,4,28
2011/12/16 11,3,16
2011/12/16 12,4,20
2011/12/16 13,3,5
2011/12/16 14,2,4
2011/12/16 15,1,3
2011/12/16 16,3,2
2011/12/16 17,4,9
2011/12/16 18,3,8
2011/12/16 19,3,8
2011/12/16 20,3,9
2011/12/16 21,2,7
2011/12/16 22,4,11
2011/12/16 23,2,26
2011/12/17 00,4,19
2011/12/17 01,5,20
2011/12/17 02,6,15
2011/12/17 03,2,6
2011/12/17 04,6,61
2011/12/17 05,6,70
2011/12/17 06,8,89
2011/12/17 07,7,37
2011/12/17 08,5,35
2011/12/17 09,6,37
2011/12/17 10,6,84
2011/12/17 11,1,0
2011/12/17 12,2,4
2011/12/17 13,4,15
2011/12/17 14,4,48
2011/12/17 15,2,63
2011/12/17 16,3,81
2011/12/17 17,2,88
2011/12/17 18,4,87
2011/12/17 19,6,122
2011/12/17 20,4,60
2011/12/17 21,5,87
2011/12/17 22,9,111
2011/12/17 23,10,170
2011/12/18 00,7,36
2011/12/18 01,6,510
2011/12/18 02,6,536
2011/12/18 03,7,529
2011/12/18 04,10,526
2011/12/18 05,10,64
2011/12/18 06,11,51
2011/12/18 07,8,66
2011/12/18 08,6,65
2011/12/18 09,6,50
2011/12/18 10,6,57
2011/12/18 11,1,0
2011/12/18 14,1,5
2011/12/18 15,1,49
2011/12/18 16,3,7
2011/12/18 17,3,11
2011/12/18 18,3,32
2011/12/18 19,4,29
2011/12/18 20,2,42
2011/12/18 21,3,20
2011/12/18 22,2,6
2011/12/18 23,1,3
2011/12/19 00,2,62
2011/12/19 01,4,81
2011/12/19 02,5,15
2011/12/19 03,3,22
2011/12/19 04,4,52
2011/12/19 05,7,95
2011/12/19 06,6,113
2011/12/19 07,7,83
2011/12/19 08,6,66
2011/12/19 09,6,71
2011/12/19 10,3,23
2011/12/19 11,2,9
2011/12/19 12,1,1
2011/12/19 13,3,7
2011/12/19 14,2,36
2011/12/19 15,2,47
2011/12/19 16,1,59
2011/12/19 17,1,82
2011/12/19 18,2,83
2011/12/19 19,2,86
2011/12/19 20,2,80
2011/12/19 21,2,105
2011/12/19 22,2,116
2011/12/19 23,3,156
2011/12/20 00,3,91
2011/12/20 01,3,73
2011/12/20 02,3,68
2011/12/20 03,5,79
2011/12/20 04,9,108
2011/12/20 05,7,69
2011/12/20 06,6,69
2011/12/20 07,11,82
2011/12/20 08,10,206
2011/12/20 09,8,70
2011/12/20 10,7,58
2011/12/20 11,3,12
2011/12/20 12,1,2
2011/12/20 13,1,3
2011/12/20 14,1,2
2011/12/20 15,1,2
2011/12/20 16,1,1
2011/12/20 17,4,10
2011/12/20 18,1,1
2011/12/20 19,2,2
2011/12/20 20,1,2
2011/12/20 21,3,5
2011/12/20 22,3,12
2011/12/20 23,2,13
2011/12/21 00,3,10
2011/12/21 01,3,7
2011/12/21 02,5,149
2011/12/21 03,7,155
2011/12/21 04,7,33
2011/12/21 05,6,42
2011/12/21 06,7,43
2011/12/21 07,6,39
2011/12/21 08,4,34
2011/12/21 09,5,36
2011/12/21 10,2,22
2011/12/21 11,2,31
2011/12/21 12,1,1
2011/12/21 13,2,4
2011/12/21 15,1,2
2011/12/21 16,3,8
2011/12/21 17,3,5
2011/12/21 20,1,7
2011/12/21 21,6,60
2011/12/21 22,7,47
2011/12/21 23,4,39
2011/12/22 00,4,12
2011/12/22 01,1,1
2011/12/22 02,3,5
2011/12/22 03,1,9
2011/12/22 04,5,396
2011/12/22 05,6,366
2011/12/22 06,4,20
2011/12/22 07,6,34
2011/12/22 08,6,34
2011/12/22 09,6,88
2011/12/22 10,7,94
2011/12/22 11,7,115
2011/12/22 12,2,40
2011/12/22 13,3,36
2011/12/22 15,2,4
2011/12/22 16,2,3
2011/12/22 17,1,3
2011/12/22 18,1,5
2011/12/22 19,2,3
2011/12/22 20,3,23
2011/12/22 21,4,56
2011/12/22 22,6,79
2011/12/22 23,6,92
2011/12/23 00,3,9
2011/12/23 01,6,25
2011/12/23 02,6,78
2011/12/23 03,8,71
2011/12/23 04,8,83
2011/12/23 05,7,88
2011/12/23 06,4,27
2011/12/23 07,7,64
2011/12/23 08,7,59
2011/12/23 09,5,44
2011/12/23 10,3,37
2011/12/23 11,2,3
2011/12/23 12,1,4
2011/12/23 13,1,7
2011/12/23 14,3,53
2011/12/23 15,4,64
2011/12/23 16,3,7
2011/12/23 17,2,7
2011/12/23 18,3,14
2011/12/23 19,3,13
2011/12/23 20,2,4
2011/12/23 21,3,6
2011/12/23 22,5,14
2011/12/23 23,3,16
2011/12/24 00,3,15
2011/12/24 01,3,16
2011/12/24 02,5,22
2011/12/24 03,3,17
2011/12/24 04,2,24
2011/12/24 05,4,16
2011/12/24 06,5,19
2011/12/24 07,3,50
2011/12/24 08,4,79
2011/12/24 09,2,46
2011/12/24 11,1,2
2011/12/24 12,1,0
2011/12/24 15,1,1
2011/12/24 16,1,1
2011/12/24 20,1,2
2011/12/24 21,3,60
2011/12/24 22,3,11
2011/12/24 23,2,10
2011/12/25 00,3,12
2011/12/25 01,3,21
2011/12/25 02,4,25
2011/12/25 03,4,23
2011/12/25 04,2,6
2011/12/25 06,2,5
2011/12/25 07,5,12
2011/12/25 08,3,10
2011/12/25 09,3,10
2011/12/25 10,4,29
2011/12/25 11,4,32
2011/12/25 12,1,2
2011/12/25 13,2,4
2011/12/25 14,2,4
2011/12/25 15,3,17
2011/12/25 16,2,21
2011/12/25 17,1,8
2011/12/25 19,1,0
2011/12/25 21,2,5
2011/12/25 22,3,28
2011/12/25 23,4,63
2011/12/26 00,3,11
2011/12/26 01,2,3
2011/12/26 02,4,6
2011/12/26 03,2,175
2011/12/26 04,3,170
2011/12/26 05,4,168
2011/12/26 06,2,139
2011/12/26 07,2,45
2011/12/26 08,2,48
2011/12/26 09,2,62
2011/12/26 10,2,54
2011/12/26 11,1,28
2011/12/26 12,1,1
2011/12/26 13,1,2
2011/12/26 14,1,2
2011/12/26 15,1,2
2011/12/26 20,2,81
2011/12/26 21,3,76
2011/12/26 22,4,16
2011/12/26 23,5,14
2011/12/27 00,4,12
2011/12/27 01,3,8
2011/12/27 02,2,11
2011/12/27 03,1,11
2011/12/27 04,3,436
2011/12/27 05,4,359
2011/12/27 06,6,416
2011/12/27 07,6,435
2011/12/27 08,3,65
2011/12/27 09,6,73
2011/12/27 10,4,39
2011/12/27 11,1,5
2011/12/27 12,3,49
2011/12/27 13,3,56
2011/12/27 14,2,68
2011/12/27 15,4,90
2011/12/27 16,4,64
2011/12/27 17,2,109
2011/12/27 18,3,67
2011/12/27 19,1,5
2011/12/27 20,1,0
2011/12/27 21,4,33
2011/12/27 22,6,44
2011/12/27 23,5,32
2011/12/28 00,9,106
2011/12/28 01,7,96
2011/12/28 02,3,62
2011/12/28 03,4,35
2011/12/28 04,5,98
2011/12/28 05,3,51
2011/12/28 06,7,68
2011/12/28 07,6,55
2011/12/28 08,4,29
2011/12/28 09,2,34
2011/12/28 10,3,40
2011/12/28 11,2,8
2011/12/28 12,2,1
2011/12/28 13,2,1
2011/12/28 14,3,3
2011/12/28 15,1,1
2011/12/28 17,1,2
2011/12/28 19,1,1
2011/12/28 20,4,3
2011/12/28 21,2,45
2011/12/28 22,4,60
2011/12/28 23,6,47
2011/12/29 00,6,171
2011/12/29 01,7,131
2011/12/29 02,8,120
2011/12/29 03,6,131
2011/12/29 04,8,549
2011/12/29 05,7,562
2011/12/29 06,11,558
2011/12/29 07,10,538
2011/12/29 08,8,139
2011/12/29 09,4,105
2011/12/29 10,4,96
2011/12/29 11,4,32
2011/12/29 12,4,6
2011/12/29 13,3,8
2011/12/29 14,3,5
2011/12/29 15,1,12
2011/12/29 16,2,16
2011/12/29 17,2,27
2011/12/29 18,3,8
2011/12/29 19,4,19
2011/12/29 20,5,24
2011/12/29 21,5,19
2011/12/29 22,4,67
2011/12/29 23,5,298
2011/12/30 00,6,355
2011/12/30 01,5,383
2011/12/30 02,5,35
2011/12/30 03,6,107
2011/12/30 04,8,77
2011/12/30 05,6,28
2011/12/30 06,7,130
2011/12/30 07,4,22
2011/12/30 08,4,36
2011/12/30 09,5,36
2011/12/30 10,3,18
2011/12/30 11,5,25
2011/12/30 12,5,10
2011/12/30 13,5,12
2011/12/30 14,1,0
2011/12/30 16,3,16
2011/12/30 17,5,28
2011/12/30 18,4,82
2011/12/30 19,5,147
2011/12/30 20,5,173
2011/12/30 21,8,200
2011/12/30 22,9,328
2011/12/30 23,8,182
2011/12/31 00,5,192
2011/12/31 01,10,172
2011/12/31 02,6,204
2011/12/31 03,6,74
2011/12/31 04,6,117
2011/12/31 05,8,93
2011/12/31 06,7,59
2011/12/31 07,5,51
2011/12/31 08,4,64
2011/12/31 09,6,38
2011/12/31 10,6,84
2011/12/31 11,4,90
2011/12/31 12,3,116
2011/12/31 13,4,103
2011/12/31 14,2,5
2011/12/31 15,2,2
2011/12/31 16,2,3
2011/12/31 17,2,21
2011/12/31 18,5,60
2011/12/31 19,5,105
2011/12/31 20,5,151
2011/12/31 21,6,159
2011/12/31 22,5,102
2011/12/31 23,3,74
2012/01/01 00,6,176
2012/01/01 01,8,195
2012/01/01 02,8,129
2012/01/01 03,12,183
2012/01/01 04,14,202
2012/01/01 05,11,115
2012/01/01 06,9,89
2012/01/01 07,7,66
2012/01/01 08,6,29
2012/01/01 09,5,24
2012/01/01 10,6,24
2012/01/01 11,3,15
2012/01/01 12,1,2
2012/01/01 14,2,2
2012/01/01 15,5,56
2012/01/01 16,5,64
2012/01/01 17,4,39
2012/01/01 18,2,48
2012/01/01 19,4,55
2012/01/01 20,1,1
2012/01/01 21,1,2
2012/01/01 22,4,29
2012/01/01 23,4,41
2012/01/02 00,4,19
2012/01/02 01,8,39
2012/01/02 02,7,35
2012/01/02 03,7,58
2012/01/02 04,4,26
2012/01/02 05,2,14
2012/01/02 06,7,88
2012/01/02 07,6,56
2012/01/02 08,3,40
2012/01/02 09,3,22
2012/01/02 10,6,198
2012/01/02 11,4,97
2012/01/02 12,3,83
2012/01/02 13,1,82
2012/01/02 14,4,100
2012/01/02 15,4,11
2012/01/02 16,4,14
2012/01/02 17,4,9
2012/01/02 18,2,125
2012/01/02 20,1,1
2012/01/02 21,3,2
2012/01/02 22,2,4
2012/01/02 23,3,12
2012/01/03 00,4,10
2012/01/03 01,6,21
2012/01/03 02,6,43
2012/01/03 03,6,135
2012/01/03 04,5,539
2012/01/03 05,7,471
2012/01/03 06,5,61
2012/01/03 07,5,80
2012/01/03 08,5,63
2012/01/03 09,3,61
2012/01/03 10,1,25
2012/01/03 11,1,78
2012/01/03 12,2,71
2012/01/03 13,3,80
2012/01/03 14,3,99
2012/01/03 15,2,108
2012/01/03 16,2,312
2012/01/03 17,2,93
2012/01/03 18,2,8
2012/01/03 19,2,11
2012/01/03 20,2,4
2012/01/03 21,2,3
2012/01/03 22,6,108
2012/01/03 23,7,144
2012/01/04 00,9,138
2012/01/04 01,10,65
2012/01/04 02,6,66
2012/01/04 03,5,589
2012/01/04 04,7,594
2012/01/04 05,6,188
2012/01/04 06,6,33
2012/01/04 07,6,36
2012/01/04 08,6,40
2012/01/04 09,4,39
2012/01/04 10,5,21
2012/01/04 11,4,15
2012/01/04 12,2,2
2012/01/04 13,1,2
2012/01/04 14,1,6
2012/01/04 16,1,3
2012/01/04 17,1,4
2012/01/04 18,2,8
2012/01/04 19,1,0
2012/01/04 20,3,9
2012/01/04 21,5,4
2012/01/04 22,6,29
2012/01/04 23,7,36
2012/01/05 00,8,25
2012/01/05 01,4,18
2012/01/05 02,5,20
2012/01/05 03,5,27
2012/01/05 04,9,94
2012/01/05 05,6,120
2012/01/05 06,6,98
2012/01/05 07,7,130
2012/01/05 08,8,223
2012/01/05 09,8,230
2012/01/05 10,7,181
2012/01/05 11,5,16
2012/01/05 12,4,7
2012/01/05 13,6,15
2012/01/05 14,6,13
2012/01/05 15,4,24
2012/01/05 16,3,23
2012/01/05 17,3,26
2012/01/05 18,3,25
2012/01/05 20,3,14
2012/01/05 21,4,10
2012/01/05 22,5,11
2012/01/05 23,3,8
2012/01/06 00,8,25
2012/01/06 01,8,35
2012/01/06 02,8,47
2012/01/06 03,9,59
2012/01/06 04,12,58
2012/01/06 05,9,354
2012/01/06 06,9,327
2012/01/06 07,7,51
2012/01/06 08,8,91
2012/01/06 09,7,94
2012/01/06 10,9,71
2012/01/06 11,8,88
2012/01/06 12,5,29
2012/01/06 13,2,7
2012/01/06 14,1,5
2012/01/06 15,1,2
2012/01/06 16,3,6
2012/01/06 17,3,13
2012/01/06 18,2,7
2012/01/06 19,3,8
2012/01/06 20,2,10
2012/01/06 21,7,64
2012/01/06 22,12,67
2012/01/06 23,12,30
2012/01/07 00,5,186
2012/01/07 01,8,54
2012/01/07 02,8,50
2012/01/07 03,4,10
2012/01/07 04,4,12
2012/01/07 05,6,81
2012/01/07 06,5,100
2012/01/07 07,9,102
2012/01/07 08,6,114
2012/01/07 09,7,120
2012/01/07 10,8,129
2012/01/07 11,5,111
2012/01/07 12,1,7
2012/01/07 13,3,11
2012/01/07 14,3,3
2012/01/07 15,1,0
2012/01/07 16,3,21
2012/01/07 17,6,40
2012/01/07 18,9,170
2012/01/07 19,6,200
2012/01/07 20,8,212
2012/01/07 21,4,201
2012/01/07 22,6,20
2012/01/07 23,8,26
2012/01/08 00,7,30
2012/01/08 01,3,19
2012/01/08 02,5,352
2012/01/08 03,6,475
2012/01/08 04,4,97
2012/01/08 05,4,32
2012/01/08 06,6,26
2012/01/08 07,5,49
2012/01/08 08,3,45
2012/01/08 09,5,59
2012/01/08 10,3,53
2012/01/08 11,3,40
2012/01/08 12,3,36
2012/01/08 13,1,3
2012/01/08 17,1,0
2012/01/08 18,1,1
2012/01/08 19,2,0
2012/01/08 20,6,23
2012/01/08 21,9,37
2012/01/08 22,7,27
2012/01/08 23,7,31
2012/01/09 00,4,26
2012/01/09 01,3,30
2012/01/09 02,2,17
2012/01/09 03,6,27
2012/01/09 04,8,56
2012/01/09 05,8,55
2012/01/09 06,9,307
2012/01/09 07,6,295
2012/01/09 08,6,267
2012/01/09 09,3,123
2012/01/09 10,3,102
2012/01/09 11,1,1
2012/01/09 12,1,2
2012/01/09 13,2,5
2012/01/09 14,1,2
2012/01/09 15,1,2
