2011/10/01 15,1,1
2011/10/01 16,1,2
2011/10/01 18,1,1
2011/10/01 19,1,1
2011/10/02 00,1,40
2011/10/02 01,1,10
2011/10/02 04,1,2
2011/10/02 21,1,0
2011/10/02 22,1,0
2011/10/02 23,1,35
2011/10/03 00,1,12
2011/10/03 01,1,5
2011/10/03 02,1,5
2011/10/03 18,1,1
2011/10/04 02,1,0
2011/10/04 03,1,0
2011/10/04 07,1,1
2011/10/04 15,1,1
2011/10/04 17,1,0
2011/10/04 19,1,0
2011/10/04 22,1,0
2011/10/04 23,1,0
2011/10/05 00,1,0
2011/10/05 03,1,1
2011/10/05 04,1,1
2011/10/05 05,1,1
2011/10/06 21,1,4
2011/10/06 22,1,1
2011/10/06 23,1,0
2011/10/07 00,1,1
2011/10/07 16,1,3
2011/10/07 21,1,2
2011/10/08 01,2,5
2011/10/08 02,3,6
2011/10/08 09,1,2
2011/10/08 16,1,3
2011/10/08 17,2,3
2011/10/08 18,1,2
2011/10/08 19,1,2
2011/10/08 20,1,0
2011/10/08 21,1,2
2011/10/09 08,1,167
2011/10/09 09,1,231
2011/10/09 10,2,298
2011/10/09 11,2,253
2011/10/09 12,2,310
2011/10/09 13,3,299
2011/10/09 14,3,256
2011/10/09 15,1,12
2011/10/09 16,2,9
2011/10/09 17,1,8
2011/10/09 18,1,7
2011/10/10 10,1,1
2011/10/10 11,1,2
2011/10/10 12,1,2
2011/10/10 14,1,1
2011/10/10 16,1,2
2011/10/10 17,1,2
2011/10/10 23,1,0
2011/10/11 00,1,25
2011/10/11 01,1,20
2011/10/11 04,1,0
2011/10/11 17,1,11
2011/10/11 18,3,19
2011/10/11 19,3,25
2011/10/11 20,1,3
2011/10/11 21,1,4
2011/10/12 01,1,3
2011/10/12 02,1,3
2011/10/12 11,1,3
2011/10/12 12,1,3
2011/10/12 19,1,1
2011/10/12 20,2,77
2011/10/12 21,2,94
2011/10/12 22,1,88
2011/10/13 02,1,3
2011/10/14 00,1,1
2011/10/14 01,2,13
2011/10/14 02,1,12
2011/10/14 16,1,0
2011/10/14 17,1,1
2011/10/14 18,1,0
2011/10/14 19,1,0
2011/10/14 21,1,1
2011/10/14 22,1,2
2011/10/14 23,1,3
2011/10/15 00,2,4
2011/10/15 01,1,1
2011/10/15 02,1,0
2011/10/15 07,1,0
2011/10/15 08,1,0
2011/10/15 12,1,5
2011/10/15 13,1,5
2011/10/15 16,1,0
2011/10/15 17,1,0
2011/10/15 18,2,12
2011/10/15 19,1,8
2011/10/15 20,1,1
2011/10/16 02,1,274
2011/10/16 03,1,202
2011/10/16 12,1,1
2011/10/16 17,2,6
2011/10/16 18,2,8
2011/10/16 19,1,7
2011/10/16 20,1,6
2011/10/18 13,1,0
2011/10/18 14,1,0
2011/10/18 18,1,0
2011/10/18 23,1,0
2011/10/19 00,1,0
2011/10/19 19,1,0
2011/10/19 21,1,0
2011/10/20 01,1,2
2011/10/20 02,1,2
2011/10/20 18,1,1
2011/10/20 19,1,2
2011/10/21 19,1,1
2011/10/21 21,1,1
2011/10/22 04,1,4
2011/10/22 05,1,5
2011/10/22 16,1,1
2011/10/22 22,1,0
2011/10/23 05,1,1
2011/10/23 18,1,2
2011/10/23 19,1,3
2011/10/23 20,2,3
2011/10/24 03,1,3
2011/10/24 04,1,2
2011/10/27 19,1,0
2011/10/28 12,1,0
2011/10/28 13,1,0
2011/10/28 21,1,1
2011/10/28 22,2,7
2011/10/28 23,1,2
2011/10/29 02,1,22
2011/10/29 03,1,18
2011/10/29 04,1,11
2011/10/29 05,1,11
2011/10/29 06,2,9
2011/10/29 07,1,1
2011/10/29 08,1,1
2011/10/29 11,1,0
2011/10/29 12,1,0
2011/10/29 13,1,0
2011/10/29 15,1,3
2011/10/29 16,1,4
2011/10/29 17,1,4
2011/10/29 20,1,15
2011/10/29 21,1,18
2011/10/29 22,1,18
2011/10/29 23,2,18
2011/10/30 01,1,3
2011/10/30 03,1,1
2011/10/30 15,1,0
2011/10/30 16,1,0
2011/10/30 20,1,6
2011/10/31 22,1,11
2011/11/01 03,1,24
2011/11/03 18,1,10
2011/11/03 19,1,11
2011/11/04 20,1,1
2011/11/05 04,1,1
2011/11/05 05,1,0
2011/11/05 20,1,1
2011/11/05 21,1,1
2011/11/06 01,1,6
2011/11/06 02,1,7
2011/11/06 18,1,108
2011/11/06 19,1,64
2011/11/06 20,1,21
2011/11/06 21,1,21
2011/11/06 22,1,19
2011/11/07 23,1,2
2011/11/08 00,1,0
2011/11/08 02,1,4
2011/11/08 03,1,6
2011/11/08 04,1,6
2011/11/08 10,1,2
2011/11/08 11,1,1
2011/11/08 19,1,0
2011/11/08 20,1,1
2011/11/08 21,1,1
2011/11/09 08,1,0
2011/11/09 09,1,0
2011/11/09 10,1,0
2011/11/09 12,1,0
2011/11/09 13,1,0
2011/11/09 22,1,0
2011/11/09 23,1,1
2011/11/10 00,1,0
2011/11/10 01,1,0
2011/11/10 02,1,0
2011/11/10 03,1,0
2011/11/10 04,2,0
2011/11/10 05,1,4
2011/11/10 06,2,2
2011/11/10 07,1,2
2011/11/10 21,1,0
2011/11/10 22,1,1
2011/11/11 04,1,2
2011/11/11 06,1,5
2011/11/11 07,2,7
2011/11/11 08,1,5
2011/11/11 21,1,2
2011/11/11 22,2,6
2011/11/11 23,3,8
2011/11/12 00,2,5
2011/11/12 01,1,5
2011/11/15 02,1,2
2011/11/15 05,1,2
2011/11/15 06,1,4
2011/11/15 07,1,2
2011/11/15 08,1,1
2011/11/15 09,1,1
2011/11/15 22,1,2
2011/11/15 23,1,1
2011/11/16 15,1,9
2011/11/16 16,1,11
2011/11/16 17,1,9
2011/11/16 18,1,11
2011/11/16 19,1,8
2011/11/17 00,1,2
2011/11/17 04,1,1
2011/11/17 05,1,3
2011/11/17 06,1,1
2011/11/17 07,1,1
2011/11/17 08,1,1
2011/11/17 19,1,2
2011/11/17 21,1,3
2011/11/17 23,2,2
2011/11/18 00,3,5
2011/11/18 01,1,3
2011/11/18 02,1,5
2011/11/18 03,2,7
2011/11/18 04,1,5
2011/11/18 05,1,7
2011/11/18 10,1,4
2011/11/18 11,1,6
2011/11/18 12,1,9
2011/11/18 13,2,8
2011/11/18 14,2,11
2011/11/18 15,1,4
2011/11/18 16,1,3
2011/11/18 21,3,85
2011/11/18 22,1,1
2011/11/18 23,3,8
2011/11/19 00,2,6
2011/11/19 01,1,1
2011/11/19 02,1,93
2011/11/19 03,1,89
2011/11/19 11,1,1
2011/11/19 12,1,1
2011/11/19 13,1,2
2011/11/19 14,2,16
2011/11/19 15,1,10
2011/11/19 16,2,11
2011/11/19 17,1,2
2011/11/19 18,1,1
2011/11/19 19,1,2
2011/11/19 20,1,0
2011/11/19 21,1,1
2011/11/19 22,3,3
2011/11/19 23,1,1
2011/11/20 00,2,1
2011/11/20 01,1,5
2011/11/20 02,1,3
2011/11/20 03,3,9
2011/11/20 04,1,2
2011/11/20 05,2,3
2011/11/20 08,1,1
2011/11/20 09,1,11
2011/11/20 10,1,13
2011/11/20 14,1,6
2011/11/20 15,3,8
2011/11/20 16,2,7
2011/11/20 19,1,2
2011/11/20 20,3,5
2011/11/20 21,3,8
2011/11/20 22,3,8
2011/11/21 02,1,5
2011/11/21 03,2,6
2011/11/21 04,1,1
2011/11/21 05,1,1
2011/11/21 06,1,1
2011/11/21 07,1,6
2011/11/21 08,1,9
2011/11/21 09,1,7
2011/11/21 10,1,6
2011/11/21 11,2,5
2011/11/21 12,2,6
2011/11/21 13,1,2
2011/11/21 14,1,1
2011/11/21 16,1,3
2011/11/21 17,2,1
2011/11/21 18,1,0
2011/11/21 19,1,2
2011/11/21 20,1,3
2011/11/21 21,2,6
2011/11/21 22,2,8
2011/11/22 03,2,8
2011/11/22 04,3,12
2011/11/22 05,2,9
2011/11/22 06,1,6
2011/11/22 07,1,9
2011/11/22 08,1,9
2011/11/22 09,1,5
2011/11/22 11,1,2
2011/11/22 12,1,2
2011/11/22 16,1,2
2011/11/22 17,1,2
2011/11/22 18,1,1
2011/11/22 19,1,2
2011/11/23 04,2,2
2011/11/23 05,1,2
2011/11/23 06,1,3
2011/11/23 18,1,1
2011/11/23 19,1,1
2011/11/23 22,1,3
2011/11/23 23,2,5
2011/11/24 05,1,3
2011/11/24 09,1,1
2011/11/24 11,1,0
2011/11/24 23,1,3
2011/11/25 00,1,3
2011/11/25 16,1,1
2011/11/25 17,1,1
2011/11/25 20,1,2
2011/11/25 21,1,1
2011/11/26 00,1,3
2011/11/26 01,1,3
2011/11/26 02,1,3
2011/11/26 20,1,2
2011/11/27 14,1,2
2011/11/27 18,1,0
2011/11/28 01,1,11
2011/11/28 02,2,14
2011/11/28 03,1,12
2011/11/28 20,2,3
2011/11/29 07,1,8
2011/11/29 08,1,6
2011/11/29 09,1,6
2011/11/29 22,1,4
2011/11/29 23,1,5
2011/11/30 00,1,1
2011/11/30 06,1,3
2011/11/30 07,1,31
2011/11/30 08,1,33
2011/11/30 09,1,26
2011/11/30 11,1,4
2011/11/30 12,2,7
2011/11/30 13,2,4
2011/11/30 14,1,3
2011/11/30 21,1,1
2011/11/30 23,1,0
2011/12/01 03,1,6
2011/12/01 04,1,5
2011/12/01 05,2,8
2011/12/01 06,1,3
2011/12/01 10,1,1
2011/12/02 03,1,3
2011/12/02 04,1,3
2011/12/02 05,1,2
2011/12/02 16,1,5
2011/12/02 17,1,5
2011/12/02 22,1,3
2011/12/03 02,1,0
2011/12/03 21,2,3
2011/12/03 22,2,3
2011/12/03 23,3,7
2011/12/04 00,3,11
2011/12/04 01,1,9
2011/12/04 03,1,2
2011/12/04 04,2,6
2011/12/04 05,2,6
2011/12/04 06,1,3
2011/12/04 07,1,6
2011/12/04 08,1,3
2011/12/04 09,1,3
2011/12/04 10,1,5
2011/12/04 11,1,9
2011/12/04 19,1,0
2011/12/05 02,1,45
2011/12/05 03,1,36
2011/12/05 04,1,36
2011/12/05 05,1,30
2011/12/05 06,1,29
2011/12/05 07,1,28
2011/12/05 08,1,24
2011/12/05 09,1,20
2011/12/05 10,1,10
2011/12/05 16,1,3
2011/12/05 20,1,0
2011/12/05 23,3,9
2011/12/06 00,1,16
2011/12/06 01,2,18
2011/12/06 02,2,20
2011/12/06 03,1,19
2011/12/06 04,1,17
2011/12/06 05,1,2
2011/12/06 06,1,2
2011/12/06 12,1,0
2011/12/06 13,1,1
2011/12/06 18,1,8
2011/12/06 19,1,16
2011/12/06 20,1,14
2011/12/06 21,2,15
2011/12/06 22,1,1
2011/12/06 23,2,4
2011/12/07 00,1,0
2011/12/07 02,1,1
2011/12/07 04,1,2
2011/12/07 18,2,14
2011/12/07 19,1,8
2011/12/07 20,1,6
2011/12/07 21,1,6
2011/12/08 01,1,0
2011/12/08 02,1,1
2011/12/08 03,1,1
2011/12/08 04,1,1
2011/12/08 05,3,1
2011/12/08 06,1,1
2011/12/08 20,1,2
2011/12/09 03,1,2
2011/12/09 04,1,2
2011/12/09 05,1,3
2011/12/09 07,1,1
2011/12/09 10,1,10
2011/12/09 11,1,10
2011/12/10 01,1,1
2011/12/10 02,1,1
2011/12/10 03,2,6
2011/12/10 04,2,4
2011/12/10 05,1,3
2011/12/10 17,1,1
2011/12/10 18,2,4
2011/12/10 19,2,4
2011/12/10 20,1,3
2011/12/10 21,1,3
2011/12/10 22,1,2
2011/12/10 23,1,2
2011/12/11 00,1,3
2011/12/11 01,2,7
2011/12/11 02,3,11
2011/12/11 09,1,5
2011/12/11 10,1,3
2011/12/11 17,1,4
2011/12/11 18,2,5
2011/12/11 19,2,5
2011/12/11 20,1,3
2011/12/11 21,1,3
2011/12/11 22,2,3
2011/12/11 23,2,0
2011/12/12 04,1,2
2011/12/12 07,1,0
2011/12/12 09,1,0
2011/12/12 15,1,0
2011/12/12 23,1,2
2011/12/13 00,1,3
2011/12/13 01,2,11
2011/12/13 02,2,11
2011/12/13 03,2,9
2011/12/13 18,1,42
2011/12/13 19,1,30
2011/12/16 15,1,38
2011/12/16 16,1,32
2011/12/16 17,1,17
2011/12/16 19,2,5
2011/12/16 20,2,3
2011/12/16 21,1,2
2011/12/16 22,1,1
2011/12/16 23,1,0
2011/12/17 00,1,0
2011/12/17 01,2,10
2011/12/17 02,2,16
2011/12/17 03,1,11
2011/12/17 04,2,12
2011/12/17 05,1,2
2011/12/17 06,1,1
2011/12/17 09,2,20
2011/12/17 10,2,18
2011/12/17 11,1,16
2011/12/17 12,1,11
2011/12/17 14,1,0
2011/12/17 15,2,8
2011/12/17 16,1,14
2011/12/17 17,3,21
2011/12/17 18,2,23
2011/12/17 19,2,4
2011/12/17 20,4,15
2011/12/17 21,4,14
2011/12/17 22,5,11
2011/12/17 23,2,5
2011/12/18 00,1,5
2011/12/18 04,1,2
2011/12/18 05,1,2
2011/12/18 11,1,1
2011/12/18 16,2,5
2011/12/18 17,1,7
2011/12/18 18,1,28
2011/12/18 19,1,19
2011/12/18 22,1,9
2011/12/18 23,1,6
2011/12/19 01,2,2
2011/12/19 02,2,7
2011/12/19 03,2,5
2011/12/19 07,2,3
2011/12/19 08,1,1
2011/12/19 09,1,4
2011/12/19 10,1,2
2011/12/19 17,1,1
2011/12/19 18,1,1
2011/12/19 21,1,1
2011/12/20 01,2,9
2011/12/20 02,4,11
2011/12/20 03,2,2
2011/12/20 04,1,1
2011/12/20 05,2,10
2011/12/20 06,3,14
2011/12/20 07,3,6
2011/12/20 08,1,2
2011/12/20 09,1,3
2011/12/20 13,1,4
2011/12/20 14,1,2
2011/12/20 16,1,3
2011/12/20 17,2,5
2011/12/20 18,2,7
2011/12/20 19,2,5
2011/12/20 20,2,29
2011/12/20 21,3,13681
2011/12/20 22,4,14070
2011/12/20 23,4,14262
2011/12/21 00,3,36
2011/12/21 01,2,26
2011/12/21 02,1,14
2011/12/21 03,1,11
2011/12/21 05,1,0
2011/12/21 06,1,1
2011/12/21 10,1,2
2011/12/21 21,1,4264
2011/12/21 22,1,4538
2011/12/21 23,3,4590
2011/12/22 00,4,4358
2011/12/22 01,1,3
2011/12/22 02,1,2
2011/12/22 04,1,6
2011/12/22 05,1,5
2011/12/22 06,1,4
2011/12/22 07,1,2
2011/12/22 08,1,1
2011/12/22 09,1,6
2011/12/22 10,1,4
2011/12/22 14,1,1
2011/12/22 15,1,1
2011/12/22 16,2,3
2011/12/22 17,1,2
2011/12/22 18,2,5
2011/12/22 20,1,4
2011/12/22 21,1,2
2011/12/22 22,1,1
2011/12/22 23,1,2
2011/12/23 00,1,3
2011/12/23 01,1,4
2011/12/23 02,2,11
2011/12/23 03,2,10
2011/12/23 12,1,44
2011/12/23 13,1,41
2011/12/23 15,1,0
2011/12/23 17,1,16
2011/12/23 18,1,16
2011/12/23 19,1,10
2011/12/23 20,1,2
2011/12/23 21,2,4
2011/12/23 22,2,3
2011/12/23 23,2,4
2011/12/24 00,4,3
2011/12/24 01,3,6
2011/12/24 03,2,3
2011/12/24 04,3,3
2011/12/24 05,1,1
2011/12/24 08,2,6
2011/12/24 15,1,1
2011/12/24 16,1,1
2011/12/24 19,1,2
2011/12/25 02,1,5
2011/12/25 03,1,4
2011/12/25 04,1,1
2011/12/25 08,1,3
2011/12/25 17,1,1
2011/12/25 22,1,8
2011/12/25 23,1,16
2011/12/26 07,1,1
2011/12/26 21,1,7
2011/12/26 22,1,15
2011/12/26 23,1,14
2011/12/27 00,1,18
2011/12/27 02,2,3
2011/12/27 03,2,4
2011/12/27 04,1,1
2011/12/27 05,1,2
2011/12/27 06,1,1
2011/12/27 08,1,9
2011/12/27 09,1,4
2011/12/27 10,1,1
2011/12/27 11,1,3
2011/12/27 12,1,6
2011/12/28 01,1,1
2011/12/28 02,1,5
2011/12/28 03,2,5
2011/12/28 04,1,3
2011/12/28 06,1,15
2011/12/28 15,1,2
2011/12/28 17,1,1
2011/12/28 21,1,12
2011/12/28 22,1,9
2011/12/28 23,3,13
2011/12/29 00,3,14
2011/12/29 01,2,13
2011/12/29 02,1,12
2011/12/29 03,1,12
2011/12/29 04,1,9
2011/12/29 05,2,8
2011/12/29 06,1,2
2011/12/29 09,1,1
2011/12/29 10,1,0
2011/12/29 13,1,2
2011/12/29 14,1,2
2011/12/29 15,2,19
2011/12/29 16,1,20
2011/12/29 17,1,17
2011/12/29 18,1,2
2011/12/29 22,2,3
2011/12/29 23,1,3
2011/12/30 00,1,3
2011/12/30 01,1,4
2011/12/30 02,1,3
2011/12/30 03,2,5
2011/12/30 05,1,1
2011/12/30 06,1,2
2011/12/30 07,1,2
2011/12/30 11,2,2
2011/12/30 12,2,2
2011/12/30 13,1,1
2011/12/30 16,2,11
2011/12/30 19,1,1
2011/12/30 22,2,3
2011/12/30 23,1,2
2011/12/31 00,1,1
2011/12/31 02,2,4
2011/12/31 03,1,8
2011/12/31 04,1,5
2011/12/31 05,2,8
2011/12/31 06,1,6
2011/12/31 07,1,2
2011/12/31 08,2,5
2011/12/31 18,2,6
2011/12/31 19,1,6
2011/12/31 22,1,10
2011/12/31 23,1,9
2012/01/01 00,1,7
2012/01/01 01,1,3
2012/01/01 02,2,1
2012/01/01 03,3,6
2012/01/01 04,4,5
2012/01/01 05,2,3
2012/01/01 09,3,868
2012/01/01 10,3,932
2012/01/01 11,3,772
2012/01/01 12,2,558
2012/01/01 13,1,39
2012/01/01 18,2,8
2012/01/01 19,2,8
2012/01/01 20,3,7
2012/01/01 21,4,9
2012/01/01 22,2,9
2012/01/01 23,1,5
2012/01/02 00,1,1
2012/01/02 01,2,5
2012/01/02 02,2,8
2012/01/02 03,2,7
2012/01/02 04,2,10
2012/01/02 05,1,12
2012/01/02 06,1,12
2012/01/02 08,2,54
2012/01/02 09,1,78
2012/01/02 10,1,44
2012/01/02 11,1,47
2012/01/02 13,1,15
2012/01/02 14,1,24
2012/01/02 15,1,23
2012/01/02 16,3,23
2012/01/02 17,3,6
2012/01/02 18,2,4
2012/01/02 19,1,3
2012/01/02 20,2,5
2012/01/02 21,1,1
2012/01/03 01,1,1
2012/01/03 02,3,10
2012/01/03 03,2,9
2012/01/03 04,3,40
2012/01/03 05,1,33
2012/01/03 12,1,2
2012/01/03 13,1,1
2012/01/03 15,1,1
2012/01/03 16,1,2
2012/01/03 17,2,17
2012/01/03 18,2,26
2012/01/03 20,1,10
2012/01/03 21,2,18
2012/01/03 22,1,12
2012/01/03 23,1,1
2012/01/04 00,2,85
2012/01/04 01,2,50
2012/01/04 02,2,10
2012/01/04 03,1,2
2012/01/04 04,1,0
2012/01/04 05,1,1
2012/01/04 06,1,4
2012/01/04 07,1,5
2012/01/04 08,2,11
2012/01/04 09,1,6
2012/01/04 10,2,14
2012/01/04 11,2,150
2012/01/04 15,1,1
2012/01/04 18,1,1
2012/01/04 20,2,33
2012/01/04 21,3,35
2012/01/04 22,3,30
2012/01/04 23,2,1
2012/01/05 00,3,5
2012/01/05 01,3,6
2012/01/05 02,1,2
2012/01/05 03,1,3
2012/01/05 05,1,2
2012/01/05 06,2,3
2012/01/05 07,2,6
2012/01/05 08,2,8
2012/01/05 09,1,6
2012/01/05 10,1,5
2012/01/05 11,1,1
2012/01/05 12,1,1
2012/01/05 13,1,2
2012/01/05 14,1,4
2012/01/05 15,1,3
2012/01/05 16,1,26
2012/01/05 19,1,0
2012/01/05 21,1,3
2012/01/05 23,1,2
2012/01/06 00,3,6
2012/01/06 01,1,3
2012/01/06 06,1,4
2012/01/06 07,1,3
2012/01/06 08,1,1
2012/01/06 12,1,0
2012/01/06 13,1,0
2012/01/06 14,2,57
2012/01/06 15,1,2
2012/01/06 16,2,7
2012/01/06 17,2,4
2012/01/06 20,1,0
2012/01/07 00,1,0
2012/01/07 01,3,9
2012/01/07 02,2,7
2012/01/07 03,2,13
2012/01/07 04,1,6
2012/01/07 06,1,3
2012/01/07 07,1,2
2012/01/07 10,1,1
2012/01/07 11,1,1
2012/01/07 12,1,28
2012/01/07 13,2,1
2012/01/07 16,1,14
2012/01/07 17,2,12
2012/01/07 20,1,4
2012/01/07 21,1,3
2012/01/08 00,1,0
2012/01/08 01,1,2
2012/01/08 03,1,1
2012/01/08 04,1,1
2012/01/08 07,1,0
2012/01/08 11,1,0
2012/01/08 12,3,2
2012/01/08 13,2,1
2012/01/08 14,1,0
2012/01/08 15,1,0
2012/01/08 16,1,1
2012/01/08 17,1,0
2012/01/08 18,1,0
2012/01/08 19,1,0
2012/01/08 20,3,1
2012/01/08 22,2,10
2012/01/09 03,1,1
2012/01/09 04,1,1
2012/01/09 07,1,4
2012/01/09 08,1,11
2012/01/09 09,1,10
