2011/10/07 21,1,0
2011/10/08 01,1,1
2011/10/10 11,1,1
2011/10/10 12,1,1
2011/10/10 13,1,2
2011/10/10 14,1,3
2011/11/05 14,1,228
2011/11/06 05,1,11
2011/11/07 03,1,404
2011/11/07 04,1,397
2011/11/09 18,1,55
2011/11/09 19,1,48
2011/11/10 08,1,0
2011/11/18 09,1,2
2011/11/20 04,1,2
2011/11/20 05,1,4
2011/11/20 06,1,4
2011/11/20 07,1,5
2011/11/20 08,1,4
2011/11/20 09,1,3
2011/11/21 07,1,3
2011/11/21 08,1,2
2011/11/26 20,1,1
2011/11/26 21,1,2
2011/11/27 05,1,1
2011/11/27 06,1,1
2011/11/27 07,1,1
2011/11/27 08,1,1
2011/11/27 09,1,2
2011/11/27 10,1,2
2011/11/28 02,1,2
2011/11/28 03,1,2
2011/11/28 04,1,2
2011/11/28 05,2,378
2011/11/28 06,1,3
2011/11/28 12,1,1
2011/11/28 21,2,2
2011/11/28 23,1,277
2011/11/29 00,1,346
2011/11/29 01,1,1
2011/11/29 02,3,368
2011/11/29 03,3,373
2011/11/29 12,1,1
2011/11/29 13,1,1
2011/11/29 21,1,1
2011/11/29 22,1,1
2011/11/30 03,1,383
2011/11/30 06,1,0
2011/11/30 07,1,0
2011/12/01 02,1,0
2011/12/01 03,1,0
2011/12/02 03,1,1
2011/12/02 04,1,1
2011/12/02 05,1,1
2011/12/04 03,1,1
2011/12/04 04,2,4
2011/12/04 05,1,1
2011/12/04 23,1,451
2011/12/05 00,1,471
2011/12/05 07,1,1
2011/12/05 08,1,0
2011/12/05 09,1,0
2011/12/05 10,1,1
2011/12/05 11,1,1
2011/12/07 04,1,4
2011/12/07 08,1,1
2011/12/07 12,1,1
2011/12/07 17,1,0
2011/12/09 04,1,2
2011/12/09 05,1,3
2011/12/09 06,1,3
2011/12/10 16,1,1
2011/12/10 17,1,0
2011/12/11 00,1,426
2011/12/11 01,1,430
2011/12/11 10,1,0
2011/12/11 11,1,0
2011/12/11 19,1,344
2011/12/11 20,1,404
2011/12/12 02,1,506
2011/12/12 03,1,494
2011/12/12 18,1,4
2011/12/12 21,1,3
2011/12/12 22,1,4
2011/12/13 03,1,6
2011/12/13 04,1,5
2011/12/13 11,1,0
2011/12/13 12,1,1
2011/12/13 13,1,0
2011/12/14 03,1,2
2011/12/14 04,1,3
2011/12/14 05,1,2
2011/12/14 06,1,3
2011/12/14 07,1,4
2011/12/14 08,1,3
2011/12/14 21,1,0
2011/12/15 01,1,6
2011/12/15 02,1,12
2011/12/15 03,1,23
2011/12/15 04,1,57
2011/12/15 05,1,44
2011/12/15 06,2,23
2011/12/15 07,2,15
2011/12/15 08,1,20
2011/12/15 09,1,20
2011/12/15 15,1,0
2011/12/15 16,1,0
2011/12/15 18,1,0
2011/12/15 19,1,0
2011/12/15 22,1,1
2011/12/16 02,1,0
2011/12/16 21,1,0
2011/12/16 22,1,1
2011/12/17 10,1,0
2011/12/17 11,1,0
2011/12/18 01,1,0
2011/12/18 19,1,1
2011/12/18 20,1,0
2011/12/19 14,1,2
2011/12/19 17,1,1
2011/12/19 18,1,2
2011/12/20 12,1,1
2011/12/21 08,1,2
2011/12/22 02,1,10
2011/12/22 03,1,399
2011/12/27 05,1,2
2011/12/27 18,1,5
2011/12/28 19,1,1
2011/12/28 20,1,1
2011/12/29 09,1,1
2011/12/29 10,1,2
2011/12/29 11,1,3
2011/12/29 12,1,2
2011/12/30 01,1,4
2012/01/01 06,1,1
2012/01/01 18,1,2
2012/01/01 19,1,2
2012/01/01 22,1,3
2012/01/01 23,1,3
2012/01/02 04,1,6
2012/01/02 05,1,4
2012/01/03 01,1,1
2012/01/03 10,1,3
2012/01/03 11,1,2
2012/01/03 23,1,2
2012/01/04 00,1,3
2012/01/04 01,1,3
2012/01/05 05,1,5
2012/01/06 02,1,0
2012/01/06 09,1,3
2012/01/06 10,1,4
2012/01/06 11,1,4
2012/01/06 12,1,3
2012/01/06 13,1,2
2012/01/07 11,1,1
2012/01/07 12,1,1
2012/01/08 02,1,2
2012/01/08 03,2,5
2012/01/08 04,1,4
2012/01/08 07,2,1
2012/01/08 08,2,2
2012/01/08 09,1,3
2012/01/08 10,1,6
2012/01/08 11,1,6
2012/01/08 12,1,5
2012/01/09 00,3,5
2012/01/09 01,3,7
2012/01/09 03,1,2
2012/01/09 04,2,3
2012/01/09 08,1,9
2012/01/09 09,1,9
2012/01/09 10,1,9
2012/01/09 11,1,5
2012/01/09 12,1,9
