2011/10/01 04,1,2
2011/10/01 17,1,19
2011/10/01 18,1,51
2011/10/01 19,1,73
2011/10/01 20,1,101
2011/10/01 21,1,120
2011/10/02 22,1,0
2011/10/02 23,1,0
2011/10/03 00,1,0
2011/10/03 04,1,6
2011/10/03 05,1,6
2011/10/03 06,1,9
2011/10/04 03,1,1
2011/10/04 04,1,2
2011/10/04 05,1,3
2011/10/04 06,1,3
2011/10/04 07,1,2
2011/10/04 08,1,2
2011/10/04 09,1,2
2011/10/04 22,1,0
2011/10/05 02,1,2
2011/10/05 06,1,2
2011/10/05 07,1,2
2011/10/06 00,1,3
2011/10/06 01,1,2
2011/10/06 04,1,2
2011/10/06 05,1,1
2011/10/07 03,1,1
2011/10/07 04,2,3
2011/10/07 22,2,3
2011/10/07 23,2,9
2011/10/08 02,1,1
2011/10/08 03,1,3
2011/10/08 04,1,2
2011/10/09 01,1,0
2011/10/09 02,1,0
2011/10/09 03,1,0
2011/10/09 13,1,4
2011/10/09 14,1,2
2011/10/10 00,1,1
2011/10/10 01,1,1
2011/10/10 22,1,47
2011/10/11 01,1,33
2011/10/11 02,2,1
2011/10/11 03,2,2
2011/10/11 04,2,3
2011/10/11 05,2,2
2011/10/11 06,1,2
2011/10/11 07,1,1
2011/10/12 04,1,1
2011/10/12 05,1,1
2011/10/12 06,1,0
2011/10/12 07,1,0
2011/10/12 08,1,1
2011/10/13 01,1,8
2011/10/13 02,1,28
2011/10/13 03,1,43
2011/10/13 04,1,31
2011/10/13 05,2,24
2011/10/13 06,1,19
2011/10/15 01,1,1
2011/10/15 20,1,8
2011/10/15 21,1,6
2011/10/15 22,1,8
2011/10/15 23,1,7
2011/10/16 01,1,1
2011/10/16 02,1,1
2011/10/16 03,1,1
2011/10/17 03,1,1
2011/10/17 04,1,2
2011/10/17 05,1,2
2011/10/17 21,1,3
2011/10/17 22,1,2
2011/10/17 23,1,1
2011/10/18 00,1,9
2011/10/18 01,1,12
2011/10/18 02,1,1
2011/10/18 03,1,1
2011/10/18 04,1,1
2011/10/18 05,1,1
2011/10/18 06,1,1
2011/10/19 21,1,0
2011/10/19 22,1,1
2011/10/19 23,1,0
2011/10/20 00,1,1
2011/10/21 02,1,1
2011/10/21 03,1,1
2011/10/21 04,1,1
2011/10/21 05,1,3
2011/10/21 06,1,3
2011/10/22 04,1,2
2011/10/22 05,1,1
2011/10/23 01,1,0
2011/10/24 21,1,42
2011/10/24 22,1,68
2011/10/24 23,1,63
2011/10/25 00,1,47
2011/10/25 05,2,5
2011/10/25 22,1,19
2011/10/25 23,1,32
2011/10/26 00,2,179
2011/10/26 01,2,485
2011/10/26 02,2,775
2011/10/26 03,1,829
2011/10/26 04,1,713
2011/10/26 05,2,638
2011/10/26 06,1,16
2011/10/26 07,1,14
2011/10/26 08,2,65
2011/10/26 09,1,31
2011/10/26 10,2,38
2011/10/26 11,2,40
2011/10/26 12,1,23
2011/10/26 13,1,21
2011/10/26 19,1,2
2011/10/26 20,1,3
2011/10/26 22,1,0
2011/10/27 00,1,4
2011/10/27 01,1,5
2011/10/27 02,1,8
2011/10/27 03,3,12
2011/10/27 04,2,17
2011/10/27 05,2,14
2011/10/27 06,3,20
2011/10/27 07,1,16
2011/10/27 09,1,9
2011/10/27 10,1,16
2011/10/27 11,1,21
2011/10/27 17,1,2
2011/10/27 18,2,69
2011/10/27 19,1,116
2011/10/27 20,1,186
2011/10/27 21,1,188
2011/10/27 22,1,183
2011/10/28 00,3,16
2011/10/28 01,4,18
2011/10/28 02,3,20
2011/10/28 03,2,6
2011/10/28 06,1,4
2011/10/28 07,1,6
2011/10/28 08,1,1
2011/10/28 09,1,1
2011/10/28 18,1,4
2011/10/28 19,1,3
2011/10/28 20,1,2
2011/10/28 21,1,7
2011/10/28 22,1,6
2011/10/28 23,2,2
2011/10/29 00,1,3
2011/10/29 01,2,6
2011/10/29 02,5,30
2011/10/29 03,6,70
2011/10/29 04,6,72
2011/10/29 05,5,22
2011/10/29 06,4,24
2011/10/29 07,2,21
2011/10/29 08,1,22
2011/10/29 11,1,78
2011/10/29 12,1,155
2011/10/29 13,1,222
2011/10/29 14,1,268
2011/10/29 15,1,301
2011/10/29 16,1,347
2011/10/29 17,1,429
2011/10/29 18,2,485
2011/10/29 19,2,231
2011/10/29 20,3,310
2011/10/29 21,2,302
2011/10/29 22,1,284
2011/10/29 23,2,312
2011/10/30 00,2,356
2011/10/30 01,1,56
2011/10/30 02,1,44
2011/10/30 03,1,36
2011/10/30 06,1,88
2011/10/30 07,1,195
2011/10/30 08,1,231
2011/10/30 09,1,195
2011/10/30 10,1,125
2011/10/30 11,1,105
2011/10/30 12,1,102
2011/10/30 13,1,93
2011/10/30 14,2,72
2011/10/30 15,2,60
2011/10/30 16,1,13
2011/10/30 17,1,14
2011/10/30 18,1,7
2011/10/30 19,1,7
2011/10/30 20,1,5
2011/10/30 21,2,68
2011/10/30 22,3,107
2011/10/30 23,2,69
2011/10/31 03,1,6
2011/10/31 04,2,12
2011/10/31 05,2,5
2011/10/31 19,1,3
2011/10/31 20,1,3
2011/10/31 21,2,4
2011/10/31 22,2,5
2011/10/31 23,2,26
2011/11/01 00,3,77
2011/11/01 01,2,102
2011/11/01 02,2,105
2011/11/01 03,4,92
2011/11/01 04,4,72
2011/11/01 05,4,41
2011/11/01 06,4,50
2011/11/01 07,2,5
2011/11/01 08,1,1
2011/11/01 09,1,5
2011/11/01 10,1,4
2011/11/03 19,1,118
2011/11/03 20,1,132
2011/11/03 21,1,203
2011/11/03 22,2,214
2011/11/03 23,3,23
2011/11/04 00,3,30
2011/11/04 01,3,34
2011/11/04 02,3,17
2011/11/04 03,3,15
2011/11/04 04,3,17
2011/11/04 05,2,7
2011/11/04 06,1,1
2011/11/04 07,1,1
2011/11/04 08,1,2
2011/11/04 09,1,3
2011/11/04 18,1,1
2011/11/04 19,1,4
2011/11/04 20,1,7
2011/11/04 21,2,17
2011/11/04 22,2,19
2011/11/04 23,1,23
2011/11/05 00,2,32
2011/11/05 01,3,50
2011/11/05 02,3,82
2011/11/05 03,2,37
2011/11/05 04,3,41
2011/11/05 05,3,41
2011/11/05 06,4,41
2011/11/05 07,4,40
2011/11/05 08,3,34
2011/11/05 09,3,36
2011/11/05 10,1,8
2011/11/05 16,1,13
2011/11/05 17,1,46
2011/11/05 18,2,30
2011/11/05 19,2,51
2011/11/05 20,3,40
2011/11/05 21,5,63
2011/11/05 22,3,34
2011/11/05 23,3,91
2011/11/06 00,2,67
2011/11/06 01,3,61
2011/11/06 02,2,39
2011/11/06 03,2,41
2011/11/06 04,3,38
2011/11/06 05,2,26
2011/11/06 06,2,9
2011/11/06 07,1,7
2011/11/06 08,1,13
2011/11/06 09,1,12
2011/11/06 10,1,12
2011/11/06 18,1,6
2011/11/06 19,1,13
2011/11/06 20,1,11
2011/11/06 21,1,11
2011/11/06 22,1,53
2011/11/06 23,3,16
2011/11/07 00,3,17
2011/11/07 01,3,27
2011/11/07 02,2,23
2011/11/07 03,2,14
2011/11/07 04,2,6
2011/11/07 05,2,4
2011/11/07 06,3,3
2011/11/07 07,2,2
2011/11/07 08,1,0
2011/11/07 09,1,0
2011/11/07 10,1,0
2011/11/07 11,1,0
2011/11/07 12,1,1
2011/11/07 13,1,1
2011/11/07 14,1,0
2011/11/07 15,1,0
2011/11/07 16,2,1
2011/11/07 17,1,0
2011/11/07 18,1,0
2011/11/07 19,1,0
2011/11/07 20,1,0
2011/11/07 21,1,0
2011/11/07 22,1,0
2011/11/07 23,2,1
2011/11/08 00,1,0
2011/11/08 01,2,0
2011/11/08 02,3,48
2011/11/08 03,4,78
2011/11/08 04,4,111
2011/11/08 05,4,84
2011/11/08 06,4,84
2011/11/08 07,3,66
2011/11/08 08,2,46
2011/11/08 09,2,33
2011/11/08 10,1,17
2011/11/08 11,1,15
2011/11/08 12,1,11
2011/11/08 21,1,0
2011/11/08 22,1,0
2011/11/08 23,1,0
2011/11/09 00,2,1
2011/11/09 01,2,12
2011/11/09 02,3,40
2011/11/09 03,3,43
2011/11/09 04,3,10
2011/11/09 05,5,4894
2011/11/09 06,4,7374
2011/11/09 07,4,8106
2011/11/09 08,4,7482
2011/11/09 09,4,7349
2011/11/09 10,2,16
2011/11/09 13,1,0
2011/11/09 18,1,2
2011/11/09 19,1,51
2011/11/09 20,3,190
2011/11/09 21,2,11
2011/11/09 22,1,8
2011/11/10 02,1,27
2011/11/10 03,3,69
2011/11/10 04,4,87
2011/11/10 05,2,61
2011/11/10 06,4,1376
2011/11/10 07,4,3755
2011/11/10 08,4,4579
2011/11/10 09,3,4658
2011/11/10 10,2,4191
2011/11/10 20,1,1
2011/11/10 23,1,12
2011/11/11 00,2,22
2011/11/11 01,1,17
2011/11/11 02,1,11
2011/11/11 08,1,17
2011/11/11 09,1,34
2011/11/11 10,1,45
2011/11/11 11,1,41
2011/11/11 12,1,39
2011/11/11 13,1,34
2011/11/11 22,1,4
2011/11/11 23,2,7
2011/11/12 00,2,4
2011/11/12 01,7,55
2011/11/12 02,8,85
2011/11/12 03,7,83
2011/11/12 04,6,120
2011/11/12 05,7,212
2011/11/12 06,6,337
2011/11/12 07,4,1281
2011/11/12 08,3,1458
2011/11/12 09,2,242
2011/11/12 10,1,13
2011/11/12 11,1,2
2011/11/12 17,1,21
2011/11/12 18,1,63
2011/11/12 19,2,111
2011/11/12 20,3,185
2011/11/12 21,3,219
2011/11/12 22,4,220
2011/11/12 23,4,36
2011/11/13 00,4,35
2011/11/13 01,1,4
2011/11/13 02,2,12
2011/11/13 03,2,21
2011/11/13 04,2,46
2011/11/13 05,4,1899
2011/11/13 06,3,2294
2011/11/13 07,3,1741
2011/11/13 08,2,1244
2011/11/13 17,2,6
2011/11/13 18,2,30
2011/11/13 19,3,102
2011/11/13 20,2,214
2011/11/13 21,1,4
2011/11/13 22,2,9
2011/11/13 23,1,4
2011/11/14 01,1,3
2011/11/14 02,1,7
2011/11/14 03,2,9
2011/11/14 04,1,7
2011/11/14 05,3,4007
2011/11/14 06,3,4179
2011/11/14 07,3,1194
2011/11/14 08,3,840
2011/11/14 16,1,4
2011/11/14 17,2,14
2011/11/14 18,2,43
2011/11/14 19,3,96
2011/11/14 20,2,106
2011/11/14 21,4,571
2011/11/14 22,4,2366
2011/11/14 23,4,3315
2011/11/15 00,6,2962
2011/11/15 01,7,2329
2011/11/15 02,10,2771
2011/11/15 03,10,2701
2011/11/15 04,8,1851
2011/11/15 05,12,1536
2011/11/15 06,13,2545
2011/11/15 07,12,2339
2011/11/15 08,11,1767
2011/11/15 09,9,1821
2011/11/15 10,5,1433
2011/11/15 11,3,1088
2011/11/15 12,1,634
2011/11/15 13,1,618
2011/11/15 14,2,677
2011/11/15 15,5,851
2011/11/15 16,7,1248
2011/11/15 17,9,1110
2011/11/15 18,7,1151
2011/11/15 19,9,1293
2011/11/15 20,9,1340
2011/11/15 21,10,1339
2011/11/15 22,15,1236
2011/11/15 23,16,1876
2011/11/16 00,17,2282
2011/11/16 01,19,1890
2011/11/16 02,19,1485
2011/11/16 03,24,1474
2011/11/16 04,27,1590
2011/11/16 05,27,2474
2011/11/16 06,24,2711
2011/11/16 07,21,2996
2011/11/16 08,15,1222
2011/11/16 09,11,1056
2011/11/16 10,10,931
2011/11/16 11,9,930
2011/11/16 12,10,837
2011/11/16 13,10,840
2011/11/16 14,9,684
2011/11/16 15,8,817
2011/11/16 16,7,850
2011/11/16 17,7,971
2011/11/16 18,11,997
2011/11/16 19,9,891
2011/11/16 20,10,837
2011/11/16 21,12,854
2011/11/16 22,12,934
2011/11/16 23,16,1004
2011/11/17 00,21,1041
2011/11/17 01,23,5610
2011/11/17 02,22,7134
2011/11/17 03,19,8600
2011/11/17 04,15,9616
2011/11/17 05,14,9604
2011/11/17 06,12,11751
2011/11/17 07,10,7516
2011/11/17 08,8,6906
2011/11/17 09,7,5986
2011/11/17 10,6,561
2011/11/17 11,5,572
2011/11/17 12,5,619
2011/11/17 13,6,630
2011/11/17 14,6,693
2011/11/17 15,6,800
2011/11/17 16,4,818
2011/11/17 17,5,837
2011/11/17 18,5,868
2011/11/17 19,6,1004
2011/11/17 20,7,1088
2011/11/17 21,10,1315
2011/11/17 22,11,930
2011/11/17 23,11,911
2011/11/18 00,13,1314
2011/11/18 01,15,1461
2011/11/18 02,17,2810
2011/11/18 03,21,1777
2011/11/18 04,18,2123
2011/11/18 05,18,1829
2011/11/18 06,16,1851
2011/11/18 07,14,2326
2011/11/18 08,12,2219
2011/11/18 09,11,1583
2011/11/18 10,6,1218
2011/11/18 11,4,1059
2011/11/18 12,6,979
2011/11/18 13,7,1838
2011/11/18 14,9,2972
2011/11/18 15,10,3190
2011/11/18 16,9,3009
2011/11/18 17,11,3112
2011/11/18 18,14,2456
2011/11/18 19,10,2263
2011/11/18 20,12,1936
2011/11/18 21,14,1853
2011/11/18 22,14,1847
2011/11/18 23,14,1881
2011/11/19 00,13,1952
2011/11/19 01,15,1594
2011/11/19 02,18,1764
2011/11/19 03,17,1915
2011/11/19 04,22,1914
2011/11/19 05,18,1912
2011/11/19 06,21,2033
2011/11/19 07,20,1877
2011/11/19 08,14,1766
2011/11/19 09,14,1334
2011/11/19 10,13,1127
2011/11/19 11,9,974
2011/11/19 12,9,916
2011/11/19 13,8,779
2011/11/19 14,7,786
2011/11/19 15,7,784
2011/11/19 16,7,590
2011/11/19 17,7,678
2011/11/19 18,9,717
2011/11/19 19,10,791
2011/11/19 20,15,860
2011/11/19 21,19,3469
2011/11/19 22,18,3812
2011/11/19 23,19,5335
2011/11/20 00,19,7539
2011/11/20 01,19,7601
2011/11/20 02,21,7926
2011/11/20 03,22,9143
2011/11/20 04,18,3569
2011/11/20 05,14,4048
2011/11/20 06,15,4604
2011/11/20 07,12,3849
2011/11/20 08,11,1554
2011/11/20 09,8,1087
2011/11/20 10,5,938
2011/11/20 11,6,970
2011/11/20 12,6,943
2011/11/20 13,7,880
2011/11/20 14,7,816
2011/11/20 15,6,790
2011/11/20 16,6,712
2011/11/20 17,6,377
2011/11/20 18,6,368
2011/11/20 19,7,426
2011/11/20 20,8,701
2011/11/20 21,7,993
2011/11/20 22,11,887
2011/11/20 23,12,872
2011/11/21 00,12,1030
2011/11/21 01,14,960
2011/11/21 02,16,872
2011/11/21 03,14,850
2011/11/21 04,11,822
2011/11/21 05,10,946
2011/11/21 06,9,234
2011/11/21 07,8,248
2011/11/21 08,7,176
2011/11/21 09,10,182
2011/11/21 10,9,253
2011/11/21 11,9,275
2011/11/21 12,7,346
2011/11/21 13,7,263
2011/11/21 14,4,213
2011/11/21 15,4,219
2011/11/21 16,2,10
2011/11/21 17,2,5
2011/11/21 18,5,53
2011/11/21 19,8,148
2011/11/21 20,8,219
2011/11/21 21,9,212
2011/11/21 22,7,179
2011/11/21 23,3,176
2011/11/22 00,8,653
2011/11/22 01,13,1148
2011/11/22 02,19,1610
2011/11/22 03,13,1318
2011/11/22 04,12,1945
2011/11/22 05,14,2258
2011/11/22 06,13,2276
2011/11/22 07,10,1486
2011/11/22 08,9,1098
2011/11/22 09,7,856
2011/11/22 10,5,628
2011/11/22 11,4,181
2011/11/22 12,4,284
2011/11/22 13,2,253
2011/11/22 14,3,232
2011/11/22 15,3,271
2011/11/22 16,1,2
2011/11/22 17,2,4
2011/11/22 18,1,4
2011/11/22 19,4,11
2011/11/22 20,3,31
2011/11/22 21,2,19
2011/11/22 22,1,17
2011/11/22 23,5,77
2011/11/23 00,9,115
2011/11/23 01,5,55
2011/11/23 02,6,67
2011/11/23 03,11,76
2011/11/23 04,12,490
2011/11/23 05,12,641
2011/11/23 06,12,362
2011/11/23 07,10,152
2011/11/23 08,8,132
2011/11/23 09,6,94
2011/11/23 10,5,27
2011/11/23 11,5,35
2011/11/23 12,3,23
2011/11/23 13,3,26
2011/11/23 14,2,11
2011/11/23 15,2,2
2011/11/23 17,1,1
2011/11/23 18,1,2
2011/11/23 19,4,195
2011/11/23 20,2,214
2011/11/23 21,2,8
2011/11/23 22,3,17
2011/11/23 23,9,1317
2011/11/24 00,8,2295
2011/11/24 01,8,3557
2011/11/24 02,9,4602
2011/11/24 03,10,5532
2011/11/24 04,10,6203
2011/11/24 05,8,4540
2011/11/24 06,9,297
2011/11/24 07,5,222
2011/11/24 08,3,184
2011/11/24 09,4,201
2011/11/24 10,3,150
2011/11/24 11,2,14
2011/11/24 12,2,100
2011/11/24 13,2,98
2011/11/24 14,2,101
2011/11/24 15,2,79
2011/11/24 16,3,85
2011/11/24 17,3,108
2011/11/24 18,6,156
2011/11/24 19,9,257
2011/11/24 20,8,367
2011/11/24 21,10,352
2011/11/24 22,12,325
2011/11/24 23,10,329
2011/11/25 00,8,338
2011/11/25 01,7,161
2011/11/25 02,6,45
2011/11/25 03,7,47
2011/11/25 04,8,46
2011/11/25 05,9,65
2011/11/25 06,5,50
2011/11/25 07,7,182
2011/11/25 08,7,145
2011/11/25 09,6,134
2011/11/25 10,6,112
2011/11/25 11,3,27
2011/11/25 12,2,14
2011/11/25 13,2,34
2011/11/25 14,3,56
2011/11/25 15,4,43
2011/11/25 16,3,55
2011/11/25 17,3,69
2011/11/25 18,3,72
2011/11/25 19,6,859
2011/11/25 20,9,945
2011/11/25 21,11,913
2011/11/25 22,11,832
2011/11/25 23,11,1024
2011/11/26 00,11,878
2011/11/26 01,13,364
2011/11/26 02,14,484
2011/11/26 03,14,592
2011/11/26 04,11,538
2011/11/26 05,10,602
2011/11/26 06,11,477
2011/11/26 07,11,575
2011/11/26 08,12,538
2011/11/26 09,11,542
2011/11/26 10,7,243
2011/11/26 11,7,175
2011/11/26 12,7,69
2011/11/26 13,6,44
2011/11/26 14,5,82
2011/11/26 15,6,236
2011/11/26 16,6,246
2011/11/26 17,7,150
2011/11/26 18,7,280
2011/11/26 19,8,389
2011/11/26 20,9,551
2011/11/26 21,9,762
2011/11/26 22,11,1484
2011/11/26 23,12,1630
2011/11/27 00,14,1681
2011/11/27 01,13,985
2011/11/27 02,13,1169
2011/11/27 03,13,288
2011/11/27 04,13,295
2011/11/27 05,10,183
2011/11/27 06,10,188
2011/11/27 07,10,219
2011/11/27 08,9,196
2011/11/27 09,9,147
2011/11/27 10,8,119
2011/11/27 11,6,46
2011/11/27 12,3,34
2011/11/27 13,2,3
2011/11/27 14,4,139
2011/11/27 15,4,181
2011/11/27 16,3,180
2011/11/27 17,4,12
2011/11/27 18,5,32
2011/11/27 19,6,50
2011/11/27 20,8,144
2011/11/27 21,9,246
2011/11/27 22,10,222
2011/11/27 23,11,280
2011/11/28 00,12,174
2011/11/28 01,8,117
2011/11/28 02,9,217
2011/11/28 03,10,242
2011/11/28 04,12,210
2011/11/28 05,13,220
2011/11/28 06,11,271
2011/11/28 07,9,276
2011/11/28 08,8,234
2011/11/28 09,5,96
2011/11/28 10,4,85
2011/11/28 11,3,91
2011/11/28 12,3,91
2011/11/28 13,5,109
2011/11/28 14,5,105
2011/11/28 15,3,87
2011/11/28 16,4,100
2011/11/28 17,4,71
2011/11/28 18,4,68
2011/11/28 19,4,79
2011/11/28 20,4,94
2011/11/28 21,3,83
2011/11/28 22,5,90
2011/11/28 23,4,107
2011/11/29 00,4,127
2011/11/29 01,8,463
2011/11/29 02,9,987
2011/11/29 03,9,1135
2011/11/29 04,10,1524
2011/11/29 05,8,1612
2011/11/29 06,10,1580
2011/11/29 07,8,1269
2011/11/29 08,8,1070
2011/11/29 09,5,46
2011/11/29 10,4,57
2011/11/29 11,3,33
2011/11/29 12,1,39
2011/11/29 13,1,19
2011/11/29 18,4,52
2011/11/29 19,5,87
2011/11/29 20,5,101
2011/11/29 21,5,159
2011/11/29 22,5,29
2011/11/29 23,6,20
2011/11/30 00,4,36
2011/11/30 01,4,41
2011/11/30 02,6,58
2011/11/30 03,8,178
2011/11/30 04,15,301
2011/11/30 05,17,353
2011/11/30 06,15,119
2011/11/30 07,11,93
2011/11/30 08,9,121
2011/11/30 09,5,139
2011/11/30 10,5,144
2011/11/30 11,4,128
2011/11/30 12,3,122
2011/11/30 13,2,108
2011/11/30 17,1,2
2011/11/30 18,1,1
2011/11/30 20,2,3
2011/11/30 21,4,17
2011/11/30 22,9,41
2011/11/30 23,7,68
2011/12/01 00,6,2272
2011/12/01 01,6,3800
2011/12/01 02,7,5149
2011/12/01 03,7,5950
2011/12/01 04,8,6712
2011/12/01 05,12,9938
2011/12/01 06,14,9578
2011/12/01 07,10,6850
2011/12/01 08,6,6559
2011/12/01 09,2,6332
2011/12/01 10,1,295
2011/12/01 11,1,311
2011/12/01 12,2,353
2011/12/01 13,2,345
2011/12/01 14,2,291
2011/12/01 15,2,317
2011/12/01 16,4,354
2011/12/01 17,5,386
2011/12/01 18,4,428
2011/12/01 19,5,434
2011/12/01 20,4,572
2011/12/01 21,5,639
2011/12/01 22,5,715
2011/12/01 23,7,824
2011/12/02 00,9,847
2011/12/02 01,10,825
2011/12/02 02,7,373
2011/12/02 03,9,241
2011/12/02 04,12,187
2011/12/02 05,8,51
2011/12/02 06,5,41
2011/12/02 07,5,42
2011/12/02 08,5,14
2011/12/02 09,5,17
2011/12/02 10,4,15
2011/12/02 11,5,414
2011/12/02 12,3,343
2011/12/02 13,2,256
2011/12/02 14,1,177
2011/12/02 15,1,214
2011/12/02 16,2,152
2011/12/02 17,3,138
2011/12/02 18,4,131
2011/12/02 19,4,130
2011/12/02 20,4,124
2011/12/02 21,5,114
2011/12/02 22,9,203
2011/12/02 23,9,107
2011/12/03 00,10,121
2011/12/03 01,13,175
2011/12/03 02,15,263
2011/12/03 03,17,314
2011/12/03 04,15,295
2011/12/03 05,14,248
2011/12/03 06,17,237
2011/12/03 07,16,225
2011/12/03 08,14,323
2011/12/03 09,12,231
2011/12/03 10,10,105
2011/12/03 11,6,30
2011/12/03 12,5,25
2011/12/03 13,5,64
2011/12/03 14,5,50
2011/12/03 15,6,75
2011/12/03 16,9,1543
2011/12/03 17,9,2429
2011/12/03 18,5,4246
2011/12/03 19,5,5038
2011/12/03 20,8,6944
2011/12/03 21,7,6109
2011/12/03 22,7,7816
2011/12/03 23,9,8617
2011/12/04 00,8,9442
2011/12/04 01,8,10172
2011/12/04 02,8,9979
2011/12/04 03,10,9528
2011/12/04 04,11,9554
2011/12/04 05,11,6878
2011/12/04 06,10,759
2011/12/04 07,9,287
2011/12/04 08,5,78
2011/12/04 09,3,66
2011/12/04 10,3,82
2011/12/04 11,2,88
2011/12/04 12,3,222
2011/12/04 13,3,153
2011/12/04 14,3,236
2011/12/04 15,2,188
2011/12/04 16,3,1880
2011/12/04 17,4,3911
2011/12/04 18,3,4705
2011/12/04 19,3,5957
2011/12/04 20,5,8407
2011/12/04 21,3,9985
2011/12/04 22,6,10636
2011/12/04 23,7,10321
2011/12/05 00,6,9268
2011/12/05 01,8,9645
2011/12/05 02,5,12197
2011/12/05 03,5,13574
2011/12/05 04,4,9946
2011/12/05 05,7,9709
2011/12/05 06,8,9923
2011/12/05 07,8,338
2011/12/05 08,5,372
2011/12/05 09,5,176
2011/12/05 10,2,61
2011/12/05 11,1,114
2011/12/05 12,1,110
2011/12/05 13,1,58
2011/12/05 14,1,102
2011/12/05 15,2,114
2011/12/05 16,2,109
2011/12/05 17,2,82
2011/12/05 18,2,57
2011/12/05 19,3,74
2011/12/05 20,5,84
2011/12/05 21,5,162
2011/12/05 22,4,126
2011/12/05 23,4,100
2011/12/06 00,4,132
2011/12/06 01,4,140
2011/12/06 02,6,173
2011/12/06 03,8,190
2011/12/06 04,8,773
2011/12/06 05,11,1021
2011/12/06 06,8,909
2011/12/06 07,6,900
2011/12/06 08,5,768
2011/12/06 09,3,670
2011/12/06 10,3,467
2011/12/06 11,2,370
2011/12/06 12,2,78
2011/12/06 13,2,94
2011/12/06 14,2,60
2011/12/06 15,4,71
2011/12/06 16,4,18
2011/12/06 17,3,10
2011/12/06 18,2,23
2011/12/06 19,5,105
2011/12/06 20,4,79
2011/12/06 21,4,73
2011/12/06 22,6,75
2011/12/06 23,8,70
2011/12/07 00,11,203
2011/12/07 01,5,88
2011/12/07 02,9,598
2011/12/07 03,9,1178
2011/12/07 04,15,1576
2011/12/07 05,14,1753
2011/12/07 06,11,1113
2011/12/07 07,11,178
2011/12/07 08,9,161
2011/12/07 09,7,83
2011/12/07 10,8,69
2011/12/07 11,7,60
2011/12/07 12,7,75
2011/12/07 13,5,57
2011/12/07 14,3,109
2011/12/07 15,2,48
2011/12/07 16,4,54
2011/12/07 17,4,57
2011/12/07 18,6,68
2011/12/07 19,8,85
2011/12/07 20,6,41
2011/12/07 21,5,88
2011/12/07 22,6,88
2011/12/07 23,6,104
2011/12/08 00,7,2008
2011/12/08 01,9,3274
2011/12/08 02,11,3572
2011/12/08 03,12,5226
2011/12/08 04,12,6012
2011/12/08 05,12,7759
2011/12/08 06,14,5255
2011/12/08 07,13,895
2011/12/08 08,10,811
2011/12/08 09,12,633
2011/12/08 10,8,379
2011/12/08 11,7,418
2011/12/08 12,5,327
2011/12/08 13,3,315
2011/12/08 14,1,13
2011/12/08 15,2,12
2011/12/08 16,4,15
2011/12/08 17,5,78
2011/12/08 18,4,105
2011/12/08 19,5,110
2011/12/08 20,3,45
2011/12/08 21,3,58
2011/12/08 22,6,63
2011/12/08 23,7,74
2011/12/09 00,7,79
2011/12/09 01,8,216
2011/12/09 02,11,368
2011/12/09 03,10,487
2011/12/09 04,11,1355
2011/12/09 05,13,1258
2011/12/09 06,13,1379
2011/12/09 07,12,1481
2011/12/09 08,8,729
2011/12/09 09,6,421
2011/12/09 10,10,405
2011/12/09 11,7,394
2011/12/09 12,6,355
2011/12/09 13,4,145
2011/12/09 14,3,54
2011/12/09 15,4,82
2011/12/09 16,4,94
2011/12/09 17,4,549
2011/12/09 18,5,651
2011/12/09 19,5,594
2011/12/09 20,7,622
2011/12/09 21,6,632
2011/12/09 22,6,561
2011/12/09 23,9,726
2011/12/10 00,11,739
2011/12/10 01,15,749
2011/12/10 02,16,763
2011/12/10 03,24,892
2011/12/10 04,24,1029
2011/12/10 05,22,1217
2011/12/10 06,17,1309
2011/12/10 07,15,1206
2011/12/10 08,13,1152
2011/12/10 09,11,1133
2011/12/10 10,11,1131
2011/12/10 11,8,963
2011/12/10 12,6,839
2011/12/10 13,4,658
2011/12/10 14,4,625
2011/12/10 15,4,699
2011/12/10 16,6,754
2011/12/10 17,7,765
2011/12/10 18,8,873
2011/12/10 19,8,753
2011/12/10 20,8,811
2011/12/10 21,8,886
2011/12/10 22,12,2413
2011/12/10 23,15,3378
2011/12/11 00,15,1020
2011/12/11 01,16,4013
2011/12/11 02,10,8410
2011/12/11 03,8,7192
2011/12/11 04,11,1767
2011/12/11 05,12,1514
2011/12/11 06,9,1446
2011/12/11 07,7,1307
2011/12/11 08,6,1219
2011/12/11 09,6,961
2011/12/11 10,7,867
2011/12/11 11,6,773
2011/12/11 12,6,730
2011/12/11 13,6,800
2011/12/11 14,6,774
2011/12/11 15,7,969
2011/12/11 16,6,928
2011/12/11 17,6,578
2011/12/11 18,9,614
2011/12/11 19,10,830
2011/12/11 20,8,783
2011/12/11 21,10,940
2011/12/11 22,10,933
2011/12/11 23,11,946
2011/12/12 00,11,954
2011/12/12 01,10,907
2011/12/12 02,11,9107
2011/12/12 03,9,13653
2011/12/12 04,9,14990
2011/12/12 05,10,17225
2011/12/12 06,7,18451
2011/12/12 07,8,18777
2011/12/12 08,6,631
2011/12/12 09,5,569
2011/12/12 10,6,624
2011/12/12 11,8,722
2011/12/12 12,7,581
2011/12/12 13,7,630
2011/12/12 14,7,679
2011/12/12 15,5,470
2011/12/12 16,5,583
2011/12/12 17,6,605
2011/12/12 18,7,697
2011/12/12 19,7,801
2011/12/12 20,8,985
2011/12/12 21,8,820
2011/12/12 22,9,871
2011/12/12 23,10,830
2011/12/13 00,14,894
2011/12/13 01,17,928
2011/12/13 02,15,926
2011/12/13 03,15,1384
2011/12/13 04,18,1187
2011/12/13 05,18,2221
2011/12/13 06,20,2792
2011/12/13 07,18,1428
2011/12/13 08,13,1340
2011/12/13 09,7,1220
2011/12/13 10,6,690
2011/12/13 11,6,615
2011/12/13 12,6,534
2011/12/13 13,6,564
2011/12/13 14,5,421
2011/12/13 15,4,449
2011/12/13 16,5,459
2011/12/13 17,4,480
2011/12/13 18,4,538
2011/12/13 19,5,558
2011/12/13 20,5,535
2011/12/13 21,7,663
2011/12/13 22,7,649
2011/12/13 23,8,705
2011/12/14 00,9,863
2011/12/14 01,9,597
2011/12/14 02,14,618
2011/12/14 03,15,803
2011/12/14 04,13,681
2011/12/14 05,17,885
2011/12/14 06,16,1332
2011/12/14 07,15,1200
2011/12/14 08,13,1281
2011/12/14 09,9,885
2011/12/14 10,5,417
2011/12/14 11,4,350
2011/12/14 12,3,378
2011/12/14 13,3,364
2011/12/14 14,3,366
2011/12/14 15,4,422
2011/12/14 16,4,466
2011/12/14 17,4,486
2011/12/14 18,3,511
2011/12/14 19,4,445
2011/12/14 20,7,531
2011/12/14 21,7,550
2011/12/14 22,7,516
2011/12/14 23,6,510
2011/12/15 00,9,1573
2011/12/15 01,15,835
2011/12/15 02,16,433
2011/12/15 03,11,352
2011/12/15 04,8,418
2011/12/15 05,9,331
2011/12/15 06,10,322
2011/12/15 07,9,336
2011/12/15 08,9,420
2011/12/15 09,8,360
2011/12/15 10,6,296
2011/12/15 11,4,285
2011/12/15 12,4,302
2011/12/15 13,4,553
2011/12/15 14,4,323
2011/12/15 15,5,317
2011/12/15 16,7,347
2011/12/15 17,4,452
2011/12/15 18,4,349
2011/12/15 19,4,409
2011/12/15 20,3,401
2011/12/15 21,8,480
2011/12/15 22,10,478
2011/12/15 23,10,497
2011/12/16 00,9,486
2011/12/16 01,10,737
2011/12/16 02,15,951
2011/12/16 03,15,1049
2011/12/16 04,15,1117
2011/12/16 05,14,935
2011/12/16 06,14,841
2011/12/16 07,13,646
2011/12/16 08,10,788
2011/12/16 09,9,604
2011/12/16 10,10,427
2011/12/16 11,7,396
2011/12/16 12,7,411
2011/12/16 13,6,445
2011/12/16 14,6,536
2011/12/16 15,5,445
2011/12/16 16,4,447
2011/12/16 17,6,460
2011/12/16 18,6,707
2011/12/16 19,7,504
2011/12/16 20,8,525
2011/12/16 21,9,611
2011/12/16 22,10,531
2011/12/16 23,11,744
2011/12/17 00,8,1054
2011/12/17 01,8,1214
2011/12/17 02,9,1343
2011/12/17 03,9,1895
2011/12/17 04,16,1974
2011/12/17 05,17,812
2011/12/17 06,15,684
2011/12/17 07,17,7448
2011/12/17 08,12,6379
2011/12/17 09,12,4926
2011/12/17 10,12,1349
2011/12/17 11,9,1781
2011/12/17 12,7,2173
2011/12/17 13,7,2867
2011/12/17 14,6,2003
2011/12/17 15,6,945
2011/12/17 16,5,607
2011/12/17 17,5,446
2011/12/17 18,7,451
2011/12/17 19,9,305
2011/12/17 20,8,236
2011/12/17 21,8,351
2011/12/17 22,10,12496
2011/12/17 23,9,13773
2011/12/18 00,8,15131
2011/12/18 01,10,15503
2011/12/18 02,11,16134
2011/12/18 03,9,13544
2011/12/18 04,7,302
2011/12/18 05,8,372
2011/12/18 06,6,580
2011/12/18 07,9,413
2011/12/18 08,13,508
2011/12/18 09,14,557
2011/12/18 10,14,584
2011/12/18 11,8,473
2011/12/18 12,7,505
2011/12/18 13,6,409
2011/12/18 14,6,470
2011/12/18 15,6,469
2011/12/18 16,6,366
2011/12/18 17,6,324
2011/12/18 18,5,565
2011/12/18 19,5,600
2011/12/18 20,6,415
2011/12/18 21,5,362
2011/12/18 22,5,315
2011/12/18 23,6,344
2011/12/19 00,7,371
2011/12/19 01,8,609
2011/12/19 02,8,240
2011/12/19 03,8,260
2011/12/19 04,10,21546
2011/12/19 05,11,22002
2011/12/19 06,10,22137
2011/12/19 07,11,22679
2011/12/19 08,9,399
2011/12/19 09,9,442
2011/12/19 10,5,377
2011/12/19 11,5,321
2011/12/19 12,5,228
2011/12/19 13,5,195
2011/12/19 14,4,259
2011/12/19 15,3,776
2011/12/19 16,5,333
2011/12/19 17,8,441
2011/12/19 18,11,682
2011/12/19 19,12,477
2011/12/19 20,11,623
2011/12/19 21,10,751
2011/12/19 22,13,656
2011/12/19 23,13,887
2011/12/20 00,13,818
2011/12/20 01,15,934
2011/12/20 02,20,1484
2011/12/20 03,19,1040
2011/12/20 04,18,1224
2011/12/20 05,13,1271
2011/12/20 06,16,1523
2011/12/20 07,13,1408
2011/12/20 08,12,1198
2011/12/20 09,9,906
2011/12/20 10,6,749
2011/12/20 11,4,714
2011/12/20 12,3,439
2011/12/20 13,4,392
2011/12/20 14,4,383
2011/12/20 15,3,383
2011/12/20 16,4,422
2011/12/20 17,5,394
2011/12/20 18,5,460
2011/12/20 19,6,459
2011/12/20 20,6,543
2011/12/20 21,9,592
2011/12/20 22,13,581
2011/12/20 23,13,728
2011/12/21 00,10,662
2011/12/21 01,15,743
2011/12/21 02,14,744
2011/12/21 03,12,729
2011/12/21 04,15,705
2011/12/21 05,15,630
2011/12/21 06,13,634
2011/12/21 07,9,474
2011/12/21 08,9,504
2011/12/21 09,6,467
2011/12/21 10,6,429
2011/12/21 11,3,302
2011/12/21 12,1,269
2011/12/21 13,1,249
2011/12/21 14,3,237
2011/12/21 15,4,361
2011/12/21 16,4,248
2011/12/21 17,3,303
2011/12/21 18,3,310
2011/12/21 19,5,1517
2011/12/21 20,5,428
2011/12/21 21,3,410
2011/12/21 22,5,424
2011/12/21 23,7,432
2011/12/22 00,7,708
2011/12/22 01,7,553
2011/12/22 02,10,610
2011/12/22 03,13,577
2011/12/22 04,10,662
2011/12/22 05,10,393
2011/12/22 06,8,585
2011/12/22 07,10,732
2011/12/22 08,8,579
2011/12/22 09,7,566
2011/12/22 10,5,421
2011/12/22 11,5,357
2011/12/22 12,4,305
2011/12/22 13,4,279
2011/12/22 14,3,285
2011/12/22 15,4,333
2011/12/22 16,3,386
2011/12/22 17,2,390
2011/12/22 18,4,404
2011/12/22 19,6,434
2011/12/22 20,7,451
2011/12/22 21,9,461
2011/12/22 22,9,541
2011/12/22 23,8,549
2011/12/23 00,7,745
2011/12/23 01,9,553
2011/12/23 02,12,1203
2011/12/23 03,9,640
2011/12/23 04,9,653
2011/12/23 05,10,705
2011/12/23 06,12,871
2011/12/23 07,9,1031
2011/12/23 08,8,675
2011/12/23 09,7,639
2011/12/23 10,6,649
2011/12/23 11,6,564
2011/12/23 12,4,484
2011/12/23 13,4,405
2011/12/23 14,2,383
2011/12/23 15,2,440
2011/12/23 16,2,413
2011/12/23 17,2,734
2011/12/23 18,3,435
2011/12/23 19,5,520
2011/12/23 20,6,852
2011/12/23 21,6,664
2011/12/23 22,8,913
2011/12/23 23,9,915
2011/12/24 00,7,675
2011/12/24 01,7,688
2011/12/24 02,12,775
2011/12/24 03,12,871
2011/12/24 04,10,715
2011/12/24 05,12,781
2011/12/24 06,11,864
2011/12/24 07,11,774
2011/12/24 08,12,1242
2011/12/24 09,12,1068
2011/12/24 10,9,1009
2011/12/24 11,8,907
2011/12/24 12,6,789
2011/12/24 13,6,542
2011/12/24 14,5,500
2011/12/24 15,5,433
2011/12/24 16,4,98
2011/12/24 17,4,159
2011/12/24 18,4,127
2011/12/24 19,4,111
2011/12/24 20,5,159
2011/12/24 21,6,201
2011/12/24 22,6,1622
2011/12/24 23,6,683
2011/12/25 00,7,646
2011/12/25 01,9,722
2011/12/25 02,7,730
2011/12/25 03,7,763
2011/12/25 04,7,613
2011/12/25 05,5,637
2011/12/25 06,5,1024
2011/12/25 07,5,837
2011/12/25 08,6,789
2011/12/25 09,5,757
2011/12/25 10,7,768
2011/12/25 11,6,686
2011/12/25 12,7,670
2011/12/25 13,6,675
2011/12/25 14,6,677
2011/12/25 15,6,611
2011/12/25 16,6,640
2011/12/25 17,4,596
2011/12/25 18,4,675
2011/12/25 19,4,553
2011/12/25 20,4,711
2011/12/25 21,4,621
2011/12/25 22,6,802
2011/12/25 23,7,745
2011/12/26 00,7,921
2011/12/26 01,10,836
2011/12/26 02,7,754
2011/12/26 03,9,854
2011/12/26 04,7,840
2011/12/26 05,10,891
2011/12/26 06,9,872
2011/12/26 07,8,788
2011/12/26 08,7,554
2011/12/26 09,8,624
2011/12/26 10,6,574
2011/12/26 11,7,905
2011/12/26 12,6,1150
2011/12/26 13,6,578
2011/12/26 14,6,720
2011/12/26 15,5,619
2011/12/26 16,6,487
2011/12/26 17,7,625
2011/12/26 18,8,771
2011/12/26 19,9,701
2011/12/26 20,9,697
2011/12/26 21,10,742
2011/12/26 22,8,571
2011/12/26 23,8,556
2011/12/27 00,10,716
2011/12/27 01,14,745
2011/12/27 02,13,875
2011/12/27 03,11,871
2011/12/27 04,12,1209
2011/12/27 05,12,1152
2011/12/27 06,11,1106
2011/12/27 07,13,1241
2011/12/27 08,8,1053
2011/12/27 09,7,1098
2011/12/27 10,6,965
2011/12/27 11,7,597
2011/12/27 12,7,561
2011/12/27 13,7,520
2011/12/27 14,7,535
2011/12/27 15,6,517
2011/12/27 16,6,542
2011/12/27 17,6,586
2011/12/27 18,7,654
2011/12/27 19,8,699
2011/12/27 20,7,579
2011/12/27 21,7,757
2011/12/27 22,7,514
2011/12/27 23,7,570
2011/12/28 00,7,626
2011/12/28 01,11,851
2011/12/28 02,13,627
2011/12/28 03,11,812
2011/12/28 04,11,637
2011/12/28 05,11,629
2011/12/28 06,11,614
2011/12/28 07,7,541
2011/12/28 08,6,495
2011/12/28 09,7,585
2011/12/28 10,6,634
2011/12/28 11,6,548
2011/12/28 12,5,467
2011/12/28 13,4,451
2011/12/28 14,3,418
2011/12/28 15,3,365
2011/12/28 16,3,492
2011/12/28 17,5,354
2011/12/28 18,3,420
2011/12/28 19,3,463
2011/12/28 20,5,425
2011/12/28 21,7,504
2011/12/28 22,6,511
2011/12/28 23,9,616
2011/12/29 00,12,704
2011/12/29 01,10,701
2011/12/29 02,13,715
2011/12/29 03,12,760
2011/12/29 04,11,664
2011/12/29 05,10,682
2011/12/29 06,7,681
2011/12/29 07,8,681
2011/12/29 08,8,702
2011/12/29 09,6,602
2011/12/29 10,7,555
2011/12/29 11,6,547
2011/12/29 12,6,660
2011/12/29 13,5,477
2011/12/29 14,4,387
2011/12/29 15,5,398
2011/12/29 16,4,275
2011/12/29 17,4,81
2011/12/29 18,4,134
2011/12/29 19,4,233
2011/12/29 20,8,287
2011/12/29 21,6,248
2011/12/29 22,6,210
2011/12/29 23,9,638
2011/12/30 00,10,1679
2011/12/30 01,13,851
2011/12/30 02,15,720
2011/12/30 03,14,824
2011/12/30 04,16,1122
2011/12/30 05,17,918
2011/12/30 06,14,1254
2011/12/30 07,11,1573
2011/12/30 08,9,1270
2011/12/30 09,10,1198
2011/12/30 10,6,1167
2011/12/30 11,7,925
2011/12/30 12,6,751
2011/12/30 13,5,385
2011/12/30 14,5,335
2011/12/30 15,5,337
2011/12/30 16,4,289
2011/12/30 17,5,361
2011/12/30 18,6,408
2011/12/30 19,6,529
2011/12/30 20,6,501
2011/12/30 21,7,125
2011/12/30 22,6,64
2011/12/30 23,8,69
2011/12/31 00,7,102
2011/12/31 01,9,175
2011/12/31 02,12,303
2011/12/31 03,10,369
2011/12/31 04,12,415
2011/12/31 05,15,519
2011/12/31 06,11,316
2011/12/31 07,15,478
2011/12/31 08,16,421
2011/12/31 09,17,542
2011/12/31 10,13,218
2011/12/31 11,8,99
2011/12/31 12,7,167
2011/12/31 13,6,202
2011/12/31 14,6,164
2011/12/31 15,6,203
2011/12/31 16,8,333
2011/12/31 17,8,262
2011/12/31 18,8,358
2011/12/31 19,6,329
2011/12/31 20,9,765
2011/12/31 21,7,156
2011/12/31 22,8,142
2011/12/31 23,7,136
2012/01/01 00,7,462
2012/01/01 01,9,641
2012/01/01 02,11,524
2012/01/01 03,11,473
2012/01/01 04,13,781
2012/01/01 05,10,753
2012/01/01 06,11,848
2012/01/01 07,11,976
2012/01/01 08,12,775
2012/01/01 09,12,866
2012/01/01 10,13,804
2012/01/01 11,11,936
2012/01/01 12,11,892
2012/01/01 13,6,594
2012/01/01 14,6,642
2012/01/01 15,5,325
2012/01/01 16,5,384
2012/01/01 17,4,446
2012/01/01 18,5,507
2012/01/01 19,7,511
2012/01/01 20,7,745
2012/01/01 21,8,638
2012/01/01 22,7,615
2012/01/01 23,10,621
2012/01/02 00,10,1404
2012/01/02 01,13,669
2012/01/02 02,13,660
2012/01/02 03,13,750
2012/01/02 04,11,754
2012/01/02 05,11,887
2012/01/02 06,11,849
2012/01/02 07,9,913
2012/01/02 08,8,888
2012/01/02 09,7,908
2012/01/02 10,9,1057
2012/01/02 11,9,1195
2012/01/02 12,7,1271
2012/01/02 13,6,698
2012/01/02 14,6,695
2012/01/02 15,5,804
2012/01/02 16,4,396
2012/01/02 17,6,577
2012/01/02 18,6,458
2012/01/02 19,6,505
2012/01/02 20,6,443
2012/01/02 21,7,417
2012/01/02 22,7,347
2012/01/02 23,4,70
2012/01/03 00,8,149
2012/01/03 01,10,162
2012/01/03 02,12,183
2012/01/03 03,13,1111
2012/01/03 04,12,1082
2012/01/03 05,8,1213
2012/01/03 06,13,1740
2012/01/03 07,10,943
2012/01/03 08,8,972
2012/01/03 09,4,426
2012/01/03 10,4,471
2012/01/03 11,5,497
2012/01/03 12,5,499
2012/01/03 13,4,55
2012/01/03 14,4,63
2012/01/03 15,4,55
2012/01/03 16,3,52
2012/01/03 17,3,82
2012/01/03 18,3,65
2012/01/03 19,3,85
2012/01/03 20,4,58
2012/01/03 21,6,109
2012/01/03 22,6,81
2012/01/03 23,7,89
2012/01/04 00,6,100
2012/01/04 01,6,69
2012/01/04 02,7,120
2012/01/04 03,8,151
2012/01/04 04,7,99
2012/01/04 05,10,1446
2012/01/04 06,13,2303
2012/01/04 07,12,2516
2012/01/04 08,10,1972
2012/01/04 09,7,909
2012/01/04 10,6,891
2012/01/04 11,8,791
2012/01/04 12,9,731
2012/01/04 13,7,664
2012/01/04 14,4,125
2012/01/04 15,4,115
2012/01/04 16,5,80
2012/01/04 17,4,102
2012/01/04 18,4,73
2012/01/04 19,4,72
2012/01/04 20,8,85
2012/01/04 21,7,195
2012/01/04 22,8,203
2012/01/04 23,9,639
2012/01/05 00,10,1538
2012/01/05 01,15,2166
2012/01/05 02,14,3357
2012/01/05 03,11,4927
2012/01/05 04,10,6036
2012/01/05 05,9,7033
2012/01/05 06,8,6663
2012/01/05 07,8,5876
2012/01/05 08,7,940
2012/01/05 09,7,999
2012/01/05 10,7,1023
2012/01/05 11,6,683
2012/01/05 12,6,538
2012/01/05 13,5,440
2012/01/05 14,5,392
2012/01/05 15,5,296
2012/01/05 16,5,334
2012/01/05 17,6,300
2012/01/05 18,5,344
2012/01/05 19,4,466
2012/01/05 20,5,608
2012/01/05 21,9,527
2012/01/05 22,8,577
2012/01/05 23,9,521
2012/01/06 00,11,847
2012/01/06 01,10,732
2012/01/06 02,12,957
2012/01/06 03,12,1441
2012/01/06 04,13,1166
2012/01/06 05,11,1072
2012/01/06 06,11,1599
2012/01/06 07,11,1527
2012/01/06 08,9,1454
2012/01/06 09,8,1667
2012/01/06 10,7,1640
2012/01/06 11,6,1392
2012/01/06 12,7,1236
2012/01/06 13,5,467
2012/01/06 14,5,542
2012/01/06 15,5,338
2012/01/06 16,4,226
2012/01/06 17,4,208
2012/01/06 18,4,256
2012/01/06 19,4,318
2012/01/06 20,4,455
2012/01/06 21,5,542
2012/01/06 22,6,448
2012/01/06 23,6,581
2012/01/07 00,6,448
2012/01/07 01,9,1396
2012/01/07 02,9,562
2012/01/07 03,12,1776
2012/01/07 04,12,2118
2012/01/07 05,13,1152
2012/01/07 06,14,1468
2012/01/07 07,13,2022
2012/01/07 08,16,1560
2012/01/07 09,13,809
2012/01/07 10,12,776
2012/01/07 11,9,630
2012/01/07 12,5,362
2012/01/07 13,5,419
2012/01/07 14,6,483
2012/01/07 15,5,642
2012/01/07 16,7,689
2012/01/07 17,7,686
2012/01/07 18,7,879
2012/01/07 19,7,852
2012/01/07 20,12,1112
2012/01/07 21,13,1067
2012/01/07 22,11,813
2012/01/07 23,13,879
2012/01/08 00,14,829
2012/01/08 01,15,825
2012/01/08 02,15,584
2012/01/08 03,16,3467
2012/01/08 04,18,3739
2012/01/08 05,17,1221
2012/01/08 06,17,1676
2012/01/08 07,17,514
2012/01/08 08,18,1517
2012/01/08 09,10,566
2012/01/08 10,9,650
2012/01/08 11,10,679
2012/01/08 12,7,547
2012/01/08 13,6,374
2012/01/08 14,4,369
2012/01/08 15,5,303
2012/01/08 16,5,285
2012/01/08 17,6,315
2012/01/08 18,5,330
2012/01/08 19,5,849
2012/01/08 20,5,329
2012/01/08 21,5,424
2012/01/08 22,6,283
2012/01/08 23,8,383
2012/01/09 00,9,541
2012/01/09 01,12,592
2012/01/09 02,14,1026
2012/01/09 03,10,676
2012/01/09 04,8,927
2012/01/09 05,8,671
2012/01/09 06,11,858
2012/01/09 07,11,666
2012/01/09 08,9,862
2012/01/09 09,6,1004
2012/01/09 10,6,584
2012/01/09 11,4,748
2012/01/09 12,5,210
2012/01/09 13,4,219
2012/01/09 14,4,224
2012/01/09 15,4,221
