2011/10/09 15,1,7
2011/10/09 16,1,7
2011/10/09 17,1,5
2011/10/09 18,1,6
2011/10/09 19,1,7
2011/10/09 20,1,6
2011/10/09 21,1,9
2011/10/09 22,1,12
2011/10/09 23,1,8
2011/10/15 04,1,2
2011/10/15 05,1,2
2011/10/15 19,1,2
2011/10/15 20,1,7
2011/10/15 21,1,9
2011/10/15 22,1,12
2011/10/15 23,1,11
2011/10/30 22,1,2
2011/10/30 23,1,2
2011/11/05 04,1,5
2011/11/05 05,1,5
2011/11/05 06,1,3
2011/11/05 07,1,3
2011/11/09 20,1,0
2011/11/11 18,1,3
2011/11/11 19,1,2
2011/11/15 11,1,16
2011/11/15 12,1,16
2011/11/16 22,1,1
2011/11/16 23,1,3
2011/11/17 00,1,2
2011/11/21 21,1,2
2011/11/22 18,1,1
2011/11/22 19,1,3
2011/11/22 20,1,2
2011/11/22 22,1,2
2011/11/22 23,1,2
2011/11/26 18,1,3
2011/11/26 19,1,3
2011/11/30 23,1,4
2011/12/01 00,1,5
2011/12/01 23,1,4
2011/12/02 00,1,4
