2011/09/30 22,43,611
2011/09/30 23,45,2170
2011/10/01 00,42,1884
2011/10/01 01,44,1744
2011/10/01 02,40,528
2011/10/01 03,37,464
2011/10/01 04,36,471
2011/10/01 05,27,426
2011/10/01 06,24,445
2011/10/01 07,26,463
2011/10/01 08,21,405
2011/10/01 09,28,534
2011/10/01 10,23,391
2011/10/01 11,28,342
2011/10/01 12,31,386
2011/10/01 13,33,486
2011/10/01 14,33,738
2011/10/01 15,33,777
2011/10/01 16,40,828
2011/10/01 17,40,1045
2011/10/01 18,44,2206
2011/10/01 19,55,2659
2011/10/01 20,60,2565
2011/10/01 21,57,2249
2011/10/01 22,52,1026
2011/10/01 23,43,1043
2011/10/02 00,44,1189
2011/10/02 01,44,1086
2011/10/02 02,46,993
2011/10/02 03,38,922
2011/10/02 04,42,645
2011/10/02 05,42,641
2011/10/02 06,39,550
2011/10/02 07,33,386
2011/10/02 08,28,377
2011/10/02 09,26,393
2011/10/02 10,29,372
2011/10/02 11,29,398
2011/10/02 12,30,496
2011/10/02 13,32,617
2011/10/02 14,30,486
2011/10/02 15,37,543
2011/10/02 16,47,666
2011/10/02 17,51,755
2011/10/02 18,56,762
2011/10/02 19,57,929
2011/10/02 20,41,1565
2011/10/02 21,42,1526
2011/10/02 22,31,1770
2011/10/02 23,36,1493
2011/10/03 00,26,1114
2011/10/03 01,35,886
2011/10/03 02,29,852
2011/10/03 03,30,480
2011/10/03 04,30,498
2011/10/03 05,22,349
2011/10/03 06,25,317
2011/10/03 07,20,263
2011/10/03 08,17,239
2011/10/03 09,20,256
2011/10/03 10,19,286
2011/10/03 11,14,227
2011/10/03 12,16,209
2011/10/03 13,16,127
2011/10/03 14,20,192
2011/10/03 15,29,324
2011/10/03 16,27,391
2011/10/03 17,38,336
2011/10/03 18,41,563
2011/10/03 19,39,721
2011/10/03 20,46,798
2011/10/03 21,45,938
2011/10/03 22,42,1174
2011/10/03 23,36,1126
2011/10/04 00,39,1060
2011/10/04 01,43,595
2011/10/04 02,36,627
2011/10/04 03,34,496
2011/10/04 04,30,512
2011/10/04 05,26,400
2011/10/04 06,25,314
2011/10/04 07,23,217
2011/10/04 08,20,161
2011/10/04 09,18,247
2011/10/04 10,17,271
2011/10/04 11,13,82
2011/10/04 12,17,144
2011/10/04 13,20,227
2011/10/04 14,26,306
2011/10/04 15,34,527
2011/10/04 16,30,581
2011/10/04 17,36,310
2011/10/04 18,30,461
2011/10/04 19,37,568
2011/10/04 20,38,596
2011/10/04 21,49,692
2011/10/04 22,48,675
2011/10/04 23,38,723
2011/10/05 00,38,724
2011/10/05 01,36,618
2011/10/05 02,37,633
2011/10/05 03,30,392
2011/10/05 04,27,250
2011/10/05 05,19,227
2011/10/05 06,14,244
2011/10/05 07,16,194
2011/10/05 08,19,199
2011/10/05 09,20,184
2011/10/05 10,16,274
2011/10/05 11,17,144
2011/10/05 12,16,148
2011/10/05 13,13,183
2011/10/05 14,24,298
2011/10/05 15,32,342
2011/10/05 16,33,367
2011/10/05 17,44,322
2011/10/05 18,41,355
2011/10/05 19,43,655
2011/10/05 20,49,800
2011/10/05 21,47,992
2011/10/05 22,50,1219
2011/10/05 23,58,1216
2011/10/06 00,42,980
2011/10/06 01,30,862
2011/10/06 02,24,863
2011/10/06 03,27,610
2011/10/06 04,22,541
2011/10/06 05,22,387
2011/10/06 06,20,404
2011/10/06 07,18,362
2011/10/06 08,14,204
2011/10/06 09,14,176
2011/10/06 10,14,142
2011/10/06 11,22,279
2011/10/06 12,23,332
2011/10/06 13,28,435
2011/10/06 14,32,544
2011/10/06 15,34,593
2011/10/06 16,41,644
2011/10/06 17,44,717
2011/10/06 18,47,813
2011/10/06 19,48,907
2011/10/06 20,42,880
2011/10/06 21,52,435
2011/10/06 22,45,517
2011/10/06 23,46,603
2011/10/07 00,44,622
2011/10/07 01,39,1072
2011/10/07 02,38,1081
2011/10/07 03,27,388
2011/10/07 04,17,316
2011/10/07 05,20,247
2011/10/07 06,21,290
2011/10/07 07,16,204
2011/10/07 08,15,153
2011/10/07 09,13,172
2011/10/07 10,20,200
2011/10/07 11,21,362
2011/10/07 12,24,313
2011/10/07 13,28,401
2011/10/07 14,39,350
2011/10/07 15,37,402
2011/10/07 16,37,480
2011/10/07 17,46,667
2011/10/07 18,56,1109
2011/10/07 19,59,3664
2011/10/07 20,62,3692
2011/10/07 21,57,3006
2011/10/07 22,57,1990
2011/10/07 23,49,1715
2011/10/08 00,38,1693
2011/10/08 01,36,607
2011/10/08 02,37,524
2011/10/08 03,30,457
2011/10/08 04,20,475
2011/10/08 05,17,230
2011/10/08 06,18,235
2011/10/08 07,18,230
2011/10/08 08,20,205
2011/10/08 09,23,167
2011/10/08 10,28,259
2011/10/08 11,35,355
2011/10/08 12,35,518
2011/10/08 13,37,531
2011/10/08 14,51,1460
2011/10/08 15,55,2055
2011/10/08 16,65,2116
2011/10/08 17,60,2014
2011/10/08 18,57,6408
2011/10/08 19,65,5570
2011/10/08 20,62,6746
2011/10/08 21,53,1177
2011/10/08 22,52,1056
2011/10/08 23,59,1181
2011/10/09 00,50,904
2011/10/09 01,48,960
2011/10/09 02,42,510
2011/10/09 03,39,418
2011/10/09 04,33,389
2011/10/09 05,31,336
2011/10/09 06,26,331
2011/10/09 07,27,372
2011/10/09 08,33,443
2011/10/09 09,32,583
2011/10/09 10,37,645
2011/10/09 11,40,613
2011/10/09 12,50,748
2011/10/09 13,59,969
2011/10/09 14,65,951
2011/10/09 15,64,1210
2011/10/09 16,56,1282
2011/10/09 17,52,700
2011/10/09 18,46,900
2011/10/09 19,49,1051
2011/10/09 20,49,1144
2011/10/09 21,49,926
2011/10/09 22,46,956
2011/10/09 23,42,905
2011/10/10 00,38,817
2011/10/10 01,38,502
2011/10/10 02,29,363
2011/10/10 03,22,290
2011/10/10 04,16,131
2011/10/10 05,14,125
2011/10/10 06,19,166
2011/10/10 07,19,130
2011/10/10 08,17,210
2011/10/10 09,20,265
2011/10/10 10,31,447
2011/10/10 11,39,527
2011/10/10 12,56,924
2011/10/10 13,58,1090
2011/10/10 14,55,1045
2011/10/10 15,54,1747
2011/10/10 16,59,1894
2011/10/10 17,42,716
2011/10/10 21,48,784
2011/10/10 22,56,757
2011/10/10 23,56,820
2011/10/11 00,55,942
2011/10/11 01,51,1075
2011/10/11 02,50,1023
2011/10/11 03,39,811
2011/10/11 04,34,621
2011/10/11 05,30,573
2011/10/11 06,25,470
2011/10/11 07,24,320
2011/10/11 08,25,288
2011/10/11 09,15,125
2011/10/11 10,15,159
2011/10/11 11,13,137
2011/10/11 12,12,179
2011/10/11 13,18,187
2011/10/11 14,29,262
2011/10/11 15,28,304
2011/10/11 16,30,506
2011/10/11 17,34,1643
2011/10/11 18,40,1831
2011/10/11 19,40,2471
2011/10/11 20,46,2533
2011/10/11 21,42,933
2011/10/11 22,36,1031
2011/10/11 23,44,953
2011/10/12 00,53,4027
2011/10/12 01,50,4325
2011/10/12 02,45,4257
2011/10/12 03,42,2688
2011/10/12 04,31,1889
2011/10/12 05,29,1696
2011/10/12 06,28,497
2011/10/12 07,24,312
2011/10/12 08,22,269
2011/10/12 09,23,301
2011/10/12 10,18,246
2011/10/12 11,22,343
2011/10/12 12,20,421
2011/10/12 13,26,452
2011/10/12 14,27,554
2011/10/12 15,29,548
2011/10/12 16,34,1056
2011/10/12 17,38,1343
2011/10/12 18,47,711
2011/10/12 19,53,729
2011/10/12 20,52,949
2011/10/12 21,48,932
2011/10/12 22,40,858
2011/10/12 23,44,868
2011/10/13 00,50,1007
2011/10/13 01,43,1074
2011/10/13 02,43,1113
2011/10/13 03,36,731
2011/10/13 04,31,646
2011/10/13 05,28,540
2011/10/13 06,29,574
2011/10/13 07,24,403
2011/10/13 08,23,498
2011/10/13 09,17,504
2011/10/13 10,15,530
2011/10/13 11,15,461
2011/10/13 12,14,496
2011/10/13 13,18,275
2011/10/13 14,22,341
2011/10/13 15,30,443
2011/10/13 16,35,658
2011/10/13 17,31,358
2011/10/13 18,31,1304
2011/10/13 19,49,2341
2011/10/13 20,48,2292
2011/10/13 21,45,2180
2011/10/13 22,44,872
2011/10/13 23,50,1086
2011/10/14 00,55,1186
2011/10/14 01,53,905
2011/10/14 02,46,1160
2011/10/14 03,38,939
2011/10/14 04,34,732
2011/10/14 05,26,578
2011/10/14 06,23,271
2011/10/14 07,25,183
2011/10/14 08,24,203
2011/10/14 09,21,237
2011/10/14 10,15,215
2011/10/14 11,19,398
2011/10/14 12,19,782
2011/10/14 13,21,1263
2011/10/14 14,29,1994
2011/10/14 15,44,2977
2011/10/14 16,54,3841
2011/10/14 17,53,4334
2011/10/14 18,51,4336
2011/10/14 19,58,4538
2011/10/14 20,66,1500
2011/10/14 21,67,3798
2011/10/14 22,59,3268
2011/10/14 23,55,2813
2011/10/15 00,56,2253
2011/10/15 01,63,2097
2011/10/15 02,62,645
2011/10/15 03,59,761
2011/10/15 04,48,698
2011/10/15 05,39,625
2011/10/15 06,39,803
2011/10/15 07,39,675
2011/10/15 08,36,910
2011/10/15 09,40,943
2011/10/15 10,41,617
2011/10/15 11,38,569
2011/10/15 12,46,689
2011/10/15 13,46,809
2011/10/15 14,39,669
2011/10/15 15,45,889
2011/10/15 16,52,954
2011/10/15 17,54,1111
2011/10/15 18,57,1285
2011/10/15 19,70,1064
2011/10/15 20,71,1403
2011/10/15 21,66,1365
2011/10/15 22,68,1541
2011/10/15 23,71,1370
2011/10/16 00,73,1343
2011/10/16 01,60,1227
2011/10/16 02,57,1122
2011/10/16 03,59,1049
2011/10/16 04,59,955
2011/10/16 05,59,985
2011/10/16 06,40,825
2011/10/16 07,35,800
2011/10/16 08,33,664
2011/10/16 09,27,327
2011/10/16 10,32,359
2011/10/16 11,31,445
2011/10/16 12,44,517
2011/10/16 13,45,682
2011/10/16 14,40,559
2011/10/16 15,50,630
2011/10/16 16,47,566
2011/10/16 17,64,1233
2011/10/16 18,62,2814
2011/10/16 19,56,3147
2011/10/16 20,68,2849
2011/10/16 21,66,2803
2011/10/16 22,49,2991
2011/10/16 23,50,3034
2011/10/17 00,47,2912
2011/10/17 01,40,2877
2011/10/17 02,35,2549
2011/10/17 03,41,1126
2011/10/17 04,32,567
2011/10/17 05,29,577
2011/10/17 06,25,571
2011/10/17 07,18,468
2011/10/17 08,19,253
2011/10/17 09,20,267
2011/10/17 10,25,450
2011/10/17 11,16,309
2011/10/17 12,15,322
2011/10/17 13,23,1101
2011/10/17 14,20,1146
2011/10/17 15,28,446
2011/10/17 16,32,471
2011/10/17 17,40,2444
2011/10/17 18,50,3055
2011/10/17 19,51,3026
2011/10/17 20,41,1345
2011/10/17 21,54,1274
2011/10/17 22,53,1315
2011/10/17 23,58,1143
2011/10/18 00,52,1101
2011/10/18 01,43,832
2011/10/18 02,41,769
2011/10/18 03,30,634
2011/10/18 04,27,316
2011/10/18 05,23,339
2011/10/18 06,21,262
2011/10/18 07,17,280
2011/10/18 08,22,297
2011/10/18 09,23,334
2011/10/18 10,20,282
2011/10/18 11,17,270
2011/10/18 12,16,197
2011/10/18 13,18,263
2011/10/18 14,24,426
2011/10/18 15,31,519
2011/10/18 16,37,488
2011/10/18 17,41,782
2011/10/18 18,51,1032
2011/10/18 19,51,1239
2011/10/18 20,55,1564
2011/10/18 21,54,1460
2011/10/18 22,53,1134
2011/10/18 23,50,1123
2011/10/19 00,47,865
2011/10/19 01,47,1226
2011/10/19 02,33,704
2011/10/19 03,30,405
2011/10/19 04,27,540
2011/10/19 05,24,234
2011/10/19 06,28,276
2011/10/19 07,25,292
2011/10/19 08,26,255
2011/10/19 09,18,495
2011/10/19 10,16,503
2011/10/19 11,21,473
2011/10/19 12,22,360
2011/10/19 13,25,401
2011/10/19 14,31,552
2011/10/19 15,28,642
2011/10/19 16,29,690
2011/10/19 17,31,602
2011/10/19 18,40,4842
2011/10/19 19,48,4872
2011/10/19 20,46,4058
2011/10/19 21,55,3324
2011/10/19 22,59,934
2011/10/19 23,56,927
2011/10/20 00,46,637
2011/10/20 01,44,679
2011/10/20 02,39,503
2011/10/20 03,33,698
2011/10/20 04,33,687
2011/10/20 05,27,606
2011/10/20 06,19,248
2011/10/20 07,21,247
2011/10/20 08,22,255
2011/10/20 09,16,318
2011/10/20 10,14,235
2011/10/20 11,16,233
2011/10/20 12,17,977
2011/10/20 13,17,1099
2011/10/20 14,16,1095
2011/10/20 15,25,860
2011/10/20 16,26,297
2011/10/20 17,28,434
2011/10/20 18,41,863
2011/10/20 19,44,1104
2011/10/20 20,43,866
2011/10/20 21,37,858
2011/10/20 22,43,563
2011/10/20 23,44,519
2011/10/21 00,49,708
2011/10/21 01,50,734
2011/10/21 02,48,861
2011/10/21 03,40,652
2011/10/21 04,38,648
2011/10/21 05,25,341
2011/10/21 06,24,289
2011/10/21 07,23,312
2011/10/21 08,20,339
2011/10/21 09,21,387
2011/10/21 10,18,277
2011/10/21 11,24,409
2011/10/21 12,23,568
2011/10/21 13,29,669
2011/10/21 14,30,762
2011/10/21 15,35,695
2011/10/21 16,41,743
2011/10/21 17,42,491
2011/10/21 18,40,486
2011/10/21 19,55,982
2011/10/21 20,64,1271
2011/10/21 21,52,1164
2011/10/21 22,47,1484
2011/10/21 23,41,915
2011/10/22 00,48,747
2011/10/22 01,47,683
2011/10/22 02,45,749
2011/10/22 03,49,649
2011/10/22 04,43,549
2011/10/22 05,45,452
2011/10/22 06,33,428
2011/10/22 07,31,418
2011/10/22 08,23,315
2011/10/22 09,22,329
2011/10/22 10,20,350
2011/10/22 11,26,372
2011/10/22 12,23,370
2011/10/22 13,30,461
2011/10/22 14,31,519
2011/10/22 15,35,577
2011/10/22 16,41,657
2011/10/22 17,50,571
2011/10/22 18,59,646
2011/10/22 19,55,901
2011/10/22 20,61,1399
2011/10/22 21,60,1630
2011/10/22 22,51,1203
2011/10/22 23,48,1167
2011/10/23 00,42,1138
2011/10/23 01,46,1036
2011/10/23 02,51,1310
2011/10/23 03,47,1063
2011/10/23 04,42,914
2011/10/23 05,41,848
2011/10/23 06,43,1745
2011/10/23 07,43,1744
2011/10/23 08,30,1453
2011/10/23 09,27,437
2011/10/23 10,24,447
2011/10/23 11,30,617
2011/10/23 12,26,704
2011/10/23 13,28,888
2011/10/23 14,39,1064
2011/10/23 15,40,1034
2011/10/23 16,53,672
2011/10/23 17,53,819
2011/10/23 18,64,707
2011/10/23 19,71,940
2011/10/23 20,60,1254
2011/10/23 21,57,1776
2011/10/23 22,55,2148
2011/10/23 23,51,1826
2011/10/24 00,42,746
2011/10/24 01,34,773
2011/10/24 02,29,721
2011/10/24 03,35,705
2011/10/24 04,40,423
2011/10/24 05,29,389
2011/10/24 06,20,338
2011/10/24 07,19,328
2011/10/24 08,13,184
2011/10/24 09,15,268
2011/10/24 10,18,239
2011/10/24 11,19,259
2011/10/24 12,27,343
2011/10/24 13,27,496
2011/10/24 14,29,624
2011/10/24 15,38,658
2011/10/24 16,42,915
2011/10/24 17,50,719
2011/10/24 18,44,575
2011/10/24 19,51,785
2011/10/24 20,53,1127
2011/10/24 21,54,1007
2011/10/24 22,47,1037
2011/10/24 23,42,943
2011/10/25 00,38,1034
2011/10/25 01,31,616
2011/10/25 02,26,401
2011/10/25 03,33,435
2011/10/25 04,32,371
2011/10/25 05,27,290
2011/10/25 06,22,262
2011/10/25 07,16,233
2011/10/25 08,9,164
2011/10/25 09,13,249
2011/10/25 10,13,199
2011/10/25 11,14,224
2011/10/25 12,18,237
2011/10/25 13,18,262
2011/10/25 14,24,411
2011/10/25 15,33,535
2011/10/25 16,28,742
2011/10/25 17,33,696
2011/10/25 18,37,755
2011/10/25 19,45,782
2011/10/25 20,46,867
2011/10/25 21,49,1059
2011/10/25 22,38,745
2011/10/25 23,33,799
2011/10/26 00,38,765
2011/10/26 01,37,847
2011/10/26 02,34,686
2011/10/26 03,30,447
2011/10/26 04,28,283
2011/10/26 05,25,299
2011/10/26 06,25,338
2011/10/26 07,22,351
2011/10/26 08,12,160
2011/10/26 09,14,230
2011/10/26 10,13,273
2011/10/26 11,15,308
2011/10/26 12,21,341
2011/10/26 13,21,390
2011/10/26 14,21,307
2011/10/26 15,26,469
2011/10/26 16,28,556
2011/10/26 17,38,797
2011/10/26 18,47,1093
2011/10/26 19,46,1481
2011/10/26 20,41,1356
2011/10/26 21,35,1275
2011/10/26 22,30,1161
2011/10/26 23,34,1022
2011/10/27 00,37,994
2011/10/27 01,37,895
2011/10/27 02,30,781
2011/10/27 03,27,376
2011/10/27 04,28,370
2011/10/27 05,26,462
2011/10/27 06,24,431
2011/10/27 07,22,457
2011/10/27 08,16,270
2011/10/27 09,16,354
2011/10/27 10,17,241
2011/10/27 11,19,285
2011/10/27 12,29,371
2011/10/27 13,29,387
2011/10/27 14,26,307
2011/10/27 15,33,330
2011/10/27 16,31,300
2011/10/27 17,32,365
2011/10/27 18,32,805
2011/10/27 19,37,885
2011/10/27 20,37,336
2011/10/27 21,51,448
2011/10/27 22,43,464
2011/10/27 23,45,545
2011/10/28 00,40,607
2011/10/28 01,47,526
2011/10/28 02,43,827
2011/10/28 03,34,976
2011/10/28 04,32,964
2011/10/28 05,22,955
2011/10/28 06,26,766
2011/10/28 07,18,277
2011/10/28 08,16,229
2011/10/28 09,22,323
2011/10/28 10,20,261
2011/10/28 11,22,469
2011/10/28 12,29,667
2011/10/28 13,37,569
2011/10/28 14,33,578
2011/10/28 15,38,734
2011/10/28 16,33,612
2011/10/28 17,40,930
2011/10/28 18,40,769
2011/10/28 19,53,915
2011/10/28 20,44,859
2011/10/28 21,45,700
2011/10/28 22,34,606
2011/10/28 23,36,620
2011/10/29 00,37,1421
2011/10/29 01,45,1757
2011/10/29 02,56,1815
2011/10/29 03,54,1911
2011/10/29 04,47,1827
2011/10/29 05,41,1778
2011/10/29 06,31,1593
2011/10/29 07,24,1050
2011/10/29 08,25,1011
2011/10/29 09,20,774
2011/10/29 10,21,410
2011/10/29 11,22,295
2011/10/29 12,22,362
2011/10/29 13,26,604
2011/10/29 14,28,836
2011/10/29 15,32,2393
2011/10/29 16,30,3730
2011/10/29 17,32,5377
2011/10/29 18,42,5395
2011/10/29 19,47,4847
2011/10/29 20,51,4926
2011/10/29 21,51,4660
2011/10/29 22,49,4274
2011/10/29 23,43,3620
2011/10/30 00,38,725
2011/10/30 01,40,723
2011/10/30 02,36,594
2011/10/30 03,35,637
2011/10/30 04,37,578
2011/10/30 05,44,607
2011/10/30 06,41,494
2011/10/30 07,24,328
2011/10/30 08,26,325
2011/10/30 09,32,413
2011/10/30 10,24,393
2011/10/30 11,21,443
2011/10/30 12,19,416
2011/10/30 13,28,501
2011/10/30 14,32,638
2011/10/30 15,31,618
2011/10/30 16,34,556
2011/10/30 17,39,624
2011/10/30 18,45,499
2011/10/30 19,55,687
2011/10/30 20,44,763
2011/10/30 21,45,899
2011/10/30 22,38,889
2011/10/30 23,46,945
2011/10/31 00,36,931
2011/10/31 01,38,975
2011/10/31 02,41,995
2011/10/31 03,37,687
2011/10/31 04,27,591
2011/10/31 05,25,506
2011/10/31 06,22,456
2011/10/31 07,23,493
2011/10/31 08,17,314
2011/10/31 09,20,322
2011/10/31 10,15,402
2011/10/31 11,15,282
2011/10/31 12,15,145
2011/10/31 13,14,224
2011/10/31 14,19,195
2011/10/31 15,27,280
2011/10/31 16,28,301
2011/10/31 17,34,427
2011/10/31 18,36,489
2011/10/31 19,46,756
2011/10/31 20,43,772
2011/10/31 21,52,789
2011/10/31 22,50,949
2011/10/31 23,44,742
2011/11/01 00,41,997
2011/11/01 01,31,986
2011/11/01 02,29,977
2011/11/01 03,24,976
2011/11/01 04,23,587
2011/11/01 05,18,300
2011/11/01 06,14,210
2011/11/01 07,13,202
2011/11/01 08,11,159
2011/11/01 09,13,240
2011/11/01 10,11,209
2011/11/01 11,12,228
2011/11/01 12,17,264
2011/11/01 13,13,320
2011/11/01 14,20,382
2011/11/01 15,25,291
2011/11/01 16,22,306
2011/11/03 15,13,264
2011/11/03 16,21,245
2011/11/03 17,28,319
2011/11/03 18,36,536
2011/11/03 19,35,672
2011/11/03 20,47,739
2011/11/03 21,52,1169
2011/11/03 22,46,972
2011/11/03 23,43,742
2011/11/04 00,44,633
2011/11/04 01,40,894
2011/11/04 02,34,805
2011/11/04 03,31,605
2011/11/04 04,30,558
2011/11/04 05,25,354
2011/11/04 06,15,334
2011/11/04 07,15,378
2011/11/04 08,22,428
2011/11/04 09,24,450
2011/11/04 10,21,427
2011/11/04 11,15,407
2011/11/04 12,14,335
2011/11/04 13,20,383
2011/11/04 14,16,364
2011/11/04 15,16,398
2011/11/04 16,21,300
2011/11/04 17,26,320
2011/11/04 18,29,399
2011/11/04 19,36,915
2011/11/04 20,53,2188
2011/11/04 21,43,2391
2011/11/04 22,44,2316
2011/11/04 23,37,2016
2011/11/05 00,49,632
2011/11/05 01,57,676
2011/11/05 02,55,919
2011/11/05 03,53,1212
2011/11/05 04,55,1363
2011/11/05 05,39,865
2011/11/05 06,37,755
2011/11/05 07,30,575
2011/11/05 08,25,471
2011/11/05 09,24,497
2011/11/05 10,20,341
2011/11/05 11,23,407
2011/11/05 12,19,389
2011/11/05 13,24,507
2011/11/05 14,29,364
2011/11/05 15,33,427
2011/11/05 16,37,462
2011/11/05 17,36,552
2011/11/05 18,35,571
2011/11/05 19,45,985
2011/11/05 20,46,1152
2011/11/05 21,40,1125
2011/11/05 22,47,1209
2011/11/05 23,49,1156
2011/11/06 00,51,1280
2011/11/06 01,56,1220
2011/11/06 02,60,1307
2011/11/06 03,51,1090
2011/11/06 04,47,1165
2011/11/06 05,46,1164
2011/11/06 06,37,744
2011/11/06 07,38,665
2011/11/06 08,30,401
2011/11/06 09,31,489
2011/11/06 10,23,229
2011/11/06 11,28,415
2011/11/06 12,29,368
2011/11/06 13,31,447
2011/11/06 14,31,567
2011/11/06 15,30,757
2011/11/06 16,31,862
2011/11/06 17,37,657
2011/11/06 18,40,587
2011/11/06 19,43,498
2011/11/06 20,41,479
2011/11/06 21,51,694
2011/11/06 22,46,889
2011/11/06 23,38,846
2011/11/07 00,30,1035
2011/11/07 01,34,1111
2011/11/07 02,26,1082
2011/11/07 03,24,865
2011/11/07 04,26,364
2011/11/07 05,19,323
2011/11/07 06,24,343
2011/11/07 07,20,198
2011/11/07 08,16,220
2011/11/07 09,18,211
2011/11/07 10,16,202
2011/11/07 11,14,274
2011/11/07 12,13,199
2011/11/07 13,11,182
2011/11/07 14,6,241
2011/11/07 15,11,291
2011/11/07 16,16,342
2011/11/07 17,22,473
2011/11/07 18,26,1094
2011/11/07 19,32,954
2011/11/07 20,39,363
2011/11/07 21,39,657
2011/11/07 22,42,781
2011/11/07 23,32,843
2011/11/08 00,35,1010
2011/11/08 01,40,1086
2011/11/08 02,43,962
2011/11/08 03,41,1084
2011/11/08 04,39,1137
2011/11/08 05,33,1014
2011/11/08 06,27,660
2011/11/08 07,21,525
2011/11/08 08,20,399
2011/11/08 09,18,147
2011/11/08 10,15,129
2011/11/08 11,16,146
2011/11/08 12,15,262
2011/11/08 13,14,237
2011/11/08 14,16,242
2011/11/08 15,21,215
2011/11/08 16,18,176
2011/11/08 17,20,638
2011/11/08 18,16,238
2011/11/08 19,25,307
2011/11/08 20,25,285
2011/11/08 21,26,421
2011/11/08 22,32,624
2011/11/08 23,33,756
2011/11/09 00,32,616
2011/11/09 01,32,744
2011/11/09 02,35,677
2011/11/09 03,33,733
2011/11/09 04,23,632
2011/11/09 05,34,530
2011/11/09 06,30,169
2011/11/09 07,29,261
2011/11/09 08,22,292
2011/11/09 09,17,299
2011/11/09 10,15,252
2011/11/09 11,16,259
2011/11/09 12,15,359
2011/11/09 13,9,254
2011/11/09 14,11,285
2011/11/09 15,9,316
2011/11/09 16,14,422
2011/11/09 17,16,334
2011/11/09 18,20,445
2011/11/09 19,18,454
2011/11/09 20,26,954
2011/11/09 21,29,1819
2011/11/09 22,30,2256
2011/11/09 23,37,1883
2011/11/10 00,34,1327
2011/11/10 01,31,1150
2011/11/10 02,35,1232
2011/11/10 03,37,1283
2011/11/10 04,30,1161
2011/11/10 05,31,683
2011/11/10 06,27,367
2011/11/10 07,25,475
2011/11/10 08,29,388
2011/11/10 09,20,474
2011/11/10 10,20,342
2011/11/10 11,15,188
2011/11/10 12,18,221
2011/11/10 13,12,157
2011/11/10 14,12,201
2011/11/10 15,10,212
2011/11/10 16,14,203
2011/11/10 17,16,234
2011/11/10 18,18,301
2011/11/10 19,20,364
2011/11/10 20,26,267
2011/11/10 21,32,2574
2011/11/10 22,37,2731
2011/11/10 23,41,2484
2011/11/11 00,37,2296
2011/11/11 01,36,2046
2011/11/11 02,36,1651
2011/11/11 03,38,1510
2011/11/11 04,38,567
2011/11/11 05,36,368
2011/11/11 06,39,437
2011/11/11 07,34,513
2011/11/11 08,31,466
2011/11/11 09,29,455
2011/11/11 10,19,256
2011/11/11 11,10,198
2011/11/11 12,12,166
2011/11/11 13,11,86
2011/11/11 14,11,117
2011/11/11 15,12,191
2011/11/11 16,14,234
2011/11/11 17,16,239
2011/11/11 18,48,1007
2011/11/11 19,38,2122
2011/11/11 20,45,2484
2011/11/11 21,48,2563
2011/11/11 22,41,433
2011/11/11 23,41,432
2011/11/12 00,34,378
2011/11/12 01,35,409
2011/11/12 02,27,312
2011/11/12 03,30,645
2011/11/12 04,31,634
2011/11/12 05,28,319
2011/11/12 06,30,425
2011/11/12 07,23,723
2011/11/12 08,22,207
2011/11/12 09,13,167
2011/11/12 10,11,238
2011/11/12 11,17,191
2011/11/12 12,20,237
2011/11/12 13,17,206
2011/11/12 14,18,239
2011/11/12 15,26,390
2011/11/12 16,25,402
2011/11/12 17,39,1387
2011/11/12 18,46,2365
2011/11/12 19,41,2851
2011/11/12 20,51,3179
2011/11/12 21,48,3228
2011/11/12 22,46,3013
2011/11/12 23,44,2706
2011/11/13 00,42,2768
2011/11/13 01,44,2801
2011/11/13 02,46,2476
2011/11/13 03,35,2231
2011/11/13 04,37,2025
2011/11/13 05,32,1947
2011/11/13 06,28,2084
2011/11/13 07,30,266
2011/11/13 08,17,205
2011/11/13 12,11,246
2011/11/13 13,21,362
2011/11/13 14,26,442
2011/11/13 15,32,550
2011/11/13 16,34,1023
2011/11/13 17,35,512
2011/11/13 18,48,1622
2011/11/13 19,47,1803
2011/11/13 20,51,1968
2011/11/13 21,47,2082
2011/11/13 22,39,1926
2011/11/13 23,36,1770
2011/11/14 00,37,1372
2011/11/14 01,37,1329
2011/11/14 02,30,664
2011/11/14 03,30,634
2011/11/14 04,29,251
2011/11/14 05,28,327
2011/11/14 06,23,302
2011/11/14 07,15,217
2011/11/14 08,12,154
2011/11/14 09,13,173
2011/11/14 10,9,102
2011/11/14 11,5,98
2011/11/14 12,7,135
2011/11/14 13,11,176
2011/11/14 14,13,185
2011/11/14 15,15,241
2011/11/14 16,21,380
2011/11/14 17,21,282
2011/11/14 18,33,727
2011/11/14 19,35,1901
2011/11/14 20,41,1830
2011/11/14 21,33,1574
2011/11/14 22,35,272
2011/11/14 23,30,321
2011/11/15 00,35,371
2011/11/15 01,29,325
2011/11/15 02,32,425
2011/11/15 03,31,576
2011/11/15 04,28,212
2011/11/15 05,23,286
2011/11/15 06,18,223
2011/11/15 07,22,214
2011/11/15 08,14,201
2011/11/15 09,11,188
2011/11/15 10,13,190
2011/11/15 11,13,165
2011/11/15 12,11,171
2011/11/15 13,13,209
2011/11/15 14,14,225
2011/11/15 15,15,259
2011/11/15 16,16,353
2011/11/15 17,27,464
2011/11/15 18,33,434
2011/11/15 19,31,817
2011/11/15 20,40,1051
2011/11/15 21,44,954
2011/11/15 22,45,985
2011/11/15 23,33,863
2011/11/16 00,39,722
2011/11/16 01,37,751
2011/11/16 02,35,692
2011/11/16 03,40,1708
2011/11/16 04,28,1348
2011/11/16 05,23,1332
2011/11/16 06,22,1261
2011/11/16 07,21,929
2011/11/16 08,19,185
2011/11/16 09,18,177
2011/11/16 10,11,149
2011/11/16 11,9,152
2011/11/16 12,9,201
2011/11/16 13,13,221
2011/11/16 14,10,235
2011/11/16 15,17,312
2011/11/16 16,21,249
2011/11/16 17,21,341
2011/11/16 18,21,351
2011/11/16 19,32,1660
2011/11/16 20,33,2123
2011/11/16 21,26,2020
2011/11/16 22,37,1662
2011/11/16 23,36,624
2011/11/17 00,42,840
2011/11/17 01,36,718
2011/11/17 02,32,670
2011/11/17 03,23,653
2011/11/17 04,26,282
2011/11/17 05,24,308
2011/11/17 06,25,355
2011/11/17 07,20,248
2011/11/17 08,21,352
2011/11/17 09,20,264
2011/11/17 10,12,250
2011/11/17 11,10,188
2011/11/17 12,9,209
2011/11/17 13,8,214
2011/11/17 14,15,268
2011/11/17 15,20,331
2011/11/17 16,19,228
2011/11/17 17,22,272
2011/11/17 18,18,297
2011/11/17 19,26,369
2011/11/17 20,28,632
2011/11/17 21,37,479
2011/11/17 22,39,543
2011/11/17 23,35,795
2011/11/18 00,36,1507
2011/11/18 01,45,596
2011/11/18 02,43,713
2011/11/18 03,31,705
2011/11/18 04,28,708
2011/11/18 05,23,501
2011/11/18 06,27,338
2011/11/18 07,22,243
2011/11/18 08,20,301
2011/11/18 09,21,363
2011/11/18 10,20,244
2011/11/18 11,17,288
2011/11/18 12,18,312
2011/11/18 13,17,281
2011/11/18 14,17,337
2011/11/18 15,27,478
2011/11/18 16,35,620
2011/11/18 17,37,708
2011/11/18 18,39,937
2011/11/18 19,45,1351
2011/11/18 20,51,4889
2011/11/18 21,60,53085
2011/11/18 22,87,54551
2011/11/18 23,91,7572
2011/11/19 00,76,10691
2011/11/19 01,75,10433
2011/11/19 02,75,3500
2011/11/19 03,70,1377
2011/11/19 04,59,1083
2011/11/19 05,53,986
2011/11/19 06,48,832
2011/11/19 07,39,743
2011/11/19 08,37,658
2011/11/19 09,30,909
2011/11/19 10,32,908
2011/11/19 11,28,595
2011/11/19 12,32,803
2011/11/19 13,36,932
2011/11/19 14,46,982
2011/11/19 15,44,1147
2011/11/19 16,49,1049
2011/11/19 17,47,794
2011/11/19 18,55,1203
2011/11/19 19,74,5530
2011/11/19 20,84,7527
2011/11/19 21,83,4112
2011/11/19 22,85,4650
2011/11/19 23,82,1719
2011/11/20 00,81,3692
2011/11/20 01,78,3977
2011/11/20 02,73,1580
2011/11/20 03,71,1561
2011/11/20 04,65,1312
2011/11/20 05,54,1236
2011/11/20 06,44,1042
2011/11/20 07,44,1116
2011/11/20 08,43,968
2011/11/20 09,40,657
2011/11/20 10,39,650
2011/11/20 11,35,528
2011/11/20 12,38,619
2011/11/20 13,29,531
2011/11/20 14,38,732
2011/11/20 15,45,491
2011/11/20 16,52,693
2011/11/20 17,58,710
2011/11/20 18,63,953
2011/11/20 19,70,920
2011/11/20 20,71,1256
2011/11/20 21,62,1100
2011/11/20 22,60,1113
2011/11/20 23,62,1230
2011/11/21 00,51,1238
2011/11/21 01,59,1411
2011/11/21 02,53,1473
2011/11/21 03,50,663
2011/11/21 04,45,447
2011/11/21 05,45,385
2011/11/21 06,43,407
2011/11/21 07,38,440
2011/11/21 08,36,429
2011/11/21 09,30,481
2011/11/21 10,29,792
2011/11/21 11,26,778
2011/11/21 12,29,543
2011/11/21 13,27,408
2011/11/21 14,23,358
2011/11/21 15,30,524
2011/11/21 16,35,703
2011/11/21 17,45,709
2011/11/21 18,58,767
2011/11/21 19,65,886
2011/11/21 20,59,1131
2011/11/21 21,52,1203
2011/11/21 22,64,823
2011/11/21 23,58,715
2011/11/22 00,59,683
2011/11/22 01,53,627
2011/11/22 02,54,506
2011/11/22 03,55,567
2011/11/22 04,41,625
2011/11/22 05,42,542
2011/11/22 06,42,503
2011/11/22 07,41,650
2011/11/22 08,31,406
2011/11/22 09,26,476
2011/11/22 10,25,607
2011/11/22 11,24,602
2011/11/22 12,32,611
2011/11/22 13,29,606
2011/11/22 14,26,703
2011/11/22 15,30,462
2011/11/22 16,42,612
2011/11/22 17,49,520
2011/11/22 18,51,571
2011/11/22 19,54,935
2011/11/22 20,56,940
2011/11/22 21,64,948
2011/11/22 22,67,891
2011/11/22 23,68,1102
2011/11/23 00,68,731
2011/11/23 01,66,690
2011/11/23 02,61,660
2011/11/23 03,55,533
2011/11/23 04,50,1871
2011/11/23 05,48,1749
2011/11/23 06,47,515
2011/11/23 07,45,542
2011/11/23 08,34,514
2011/11/23 09,32,553
2011/11/23 10,32,543
2011/11/23 11,22,329
2011/11/23 12,25,307
2011/11/23 13,32,393
2011/11/23 14,35,408
2011/11/23 15,36,540
2011/11/23 16,40,686
2011/11/23 17,52,657
2011/11/23 18,53,820
2011/11/23 19,58,874
2011/11/23 20,65,1045
2011/11/23 21,66,1074
2011/11/23 22,66,944
2011/11/23 23,65,934
2011/11/24 00,68,934
2011/11/24 01,65,962
2011/11/24 02,59,699
2011/11/24 03,48,769
2011/11/24 04,47,630
2011/11/24 05,44,607
2011/11/24 06,35,625
2011/11/24 07,38,467
2011/11/24 08,38,469
2011/11/24 09,31,389
2011/11/24 10,29,380
2011/11/24 11,22,383
2011/11/24 12,22,323
2011/11/24 13,23,355
2011/11/24 14,28,351
2011/11/24 15,30,402
2011/11/24 16,39,577
2011/11/24 17,46,750
2011/11/24 18,47,444
2011/11/24 19,51,569
2011/11/24 20,61,704
2011/11/24 21,54,834
2011/11/24 22,55,863
2011/11/24 23,47,855
2011/11/25 00,41,779
2011/11/25 01,40,610
2011/11/25 02,52,681
2011/11/25 03,47,697
2011/11/25 04,37,385
2011/11/25 05,43,428
2011/11/25 06,47,536
2011/11/25 07,45,498
2011/11/25 08,35,449
2011/11/25 09,28,399
2011/11/25 10,24,313
2011/11/25 11,28,361
2011/11/25 12,21,404
2011/11/25 13,17,374
2011/11/25 14,21,545
2011/11/25 15,38,553
2011/11/25 16,49,779
2011/11/25 17,49,746
2011/11/25 18,41,621
2011/11/25 19,57,815
2011/11/25 20,69,876
2011/11/25 21,68,951
2011/11/25 22,54,764
2011/11/25 23,58,879
2011/11/26 00,59,855
2011/11/26 01,62,929
2011/11/26 02,58,1114
2011/11/26 03,61,1177
2011/11/26 04,61,830
2011/11/26 05,62,867
2011/11/26 06,56,894
2011/11/26 07,46,625
2011/11/26 08,40,522
2011/11/26 09,40,662
2011/11/26 10,36,584
2011/11/26 11,26,698
2011/11/26 12,36,593
2011/11/26 13,33,537
2011/11/26 14,32,514
2011/11/26 15,35,613
2011/11/26 16,46,741
2011/11/26 17,54,854
2011/11/26 18,60,835
2011/11/26 19,70,985
2011/11/26 20,74,1097
2011/11/26 21,77,1144
2011/11/26 22,73,1048
2011/11/26 23,68,1042
2011/11/27 00,69,1033
2011/11/27 01,64,1424
2011/11/27 02,60,1417
2011/11/27 03,61,1075
2011/11/27 04,51,864
2011/11/27 05,52,949
2011/11/27 06,53,802
2011/11/27 07,41,707
2011/11/27 08,41,502
2011/11/27 09,35,511
2011/11/27 10,34,638
2011/11/27 11,34,594
2011/11/27 12,39,653
2011/11/27 13,38,675
2011/11/27 14,46,861
2011/11/27 15,49,1293
2011/11/27 16,54,1397
2011/11/27 17,52,1471
2011/11/27 18,67,1839
2011/11/27 19,78,1898
2011/11/27 20,69,2029
2011/11/27 21,64,1340
2011/11/27 22,60,1346
2011/11/27 23,63,2690
2011/11/28 00,61,2983
2011/11/28 01,60,2947
2011/11/28 02,54,2376
2011/11/28 03,41,580
2011/11/28 04,38,479
2011/11/28 05,31,512
2011/11/28 06,25,333
2011/11/28 07,21,304
2011/11/28 08,20,278
2011/11/28 09,18,214
2011/11/28 10,17,376
2011/11/28 11,22,335
2011/11/28 12,21,532
2011/11/28 13,23,856
2011/11/28 14,27,966
2011/11/28 15,32,1249
2011/11/28 16,35,1495
2011/11/28 17,45,1450
2011/11/28 18,56,1538
2011/11/28 19,61,1569
2011/11/28 20,61,1340
2011/11/28 21,57,1548
2011/11/28 22,59,1626
2011/11/28 23,59,1548
2011/11/29 00,50,1176
2011/11/29 01,49,1107
2011/11/29 02,49,1043
2011/11/29 03,50,961
2011/11/29 04,47,872
2011/11/29 05,39,374
2011/11/29 06,34,685
2011/11/29 07,32,625
2011/11/29 08,23,461
2011/11/29 09,26,283
2011/11/29 10,26,341
2011/11/29 11,22,1106
2011/11/29 12,18,1179
2011/11/29 13,19,1197
2011/11/29 14,23,1149
2011/11/29 15,22,1269
2011/11/29 16,32,1584
2011/11/29 17,39,1589
2011/11/29 18,48,1714
2011/11/29 19,49,1571
2011/11/29 20,49,1755
2011/11/29 21,61,2059
2011/11/29 22,50,1104
2011/11/29 23,60,1270
2011/11/30 00,60,1030
2011/11/30 01,52,963
2011/11/30 02,54,926
2011/11/30 03,50,864
2011/11/30 04,48,839
2011/11/30 05,48,894
2011/11/30 06,35,577
2011/11/30 07,30,509
2011/11/30 08,23,455
2011/11/30 09,23,355
2011/11/30 10,24,339
2011/11/30 11,17,288
2011/11/30 12,21,317
2011/11/30 13,25,371
2011/11/30 14,30,434
2011/11/30 15,34,575
2011/11/30 16,32,434
2011/11/30 17,44,540
2011/11/30 18,40,695
2011/11/30 19,45,1430
2011/11/30 20,56,1791
2011/11/30 21,58,2055
2011/11/30 22,66,2075
2011/11/30 23,46,2051
2011/12/01 00,38,1308
2011/12/01 01,45,929
2011/12/01 02,47,1276
2011/12/01 03,45,1283
2011/12/01 04,43,1238
2011/12/01 05,49,834
2011/12/01 06,42,621
2011/12/01 07,35,557
2011/12/01 08,22,276
2011/12/01 09,23,263
2011/12/01 10,21,327
2011/12/01 11,17,969
2011/12/01 12,15,1131
2011/12/01 13,17,1179
2011/12/01 14,29,1344
2011/12/01 15,32,1376
2011/12/01 16,31,1434
2011/12/01 17,37,1644
2011/12/01 18,33,765
2011/12/01 19,43,1578
2011/12/01 20,39,1836
2011/12/01 21,46,1306
2011/12/01 22,44,1087
2011/12/01 23,49,735
2011/12/02 00,48,982
2011/12/02 01,43,854
2011/12/02 02,49,686
2011/12/02 03,50,874
2011/12/02 04,47,471
2011/12/02 05,32,371
2011/12/02 06,35,388
2011/12/02 07,32,436
2011/12/02 08,28,415
2011/12/02 09,23,411
2011/12/02 10,19,412
2011/12/02 11,20,452
2011/12/02 12,17,274
2011/12/02 13,17,953
2011/12/02 14,24,1122
2011/12/02 15,30,1237
2011/12/02 16,34,1360
2011/12/02 17,43,1434
2011/12/02 18,45,1671
2011/12/02 19,42,1720
2011/12/02 20,56,1673
2011/12/02 21,59,1503
2011/12/02 22,68,2609
2011/12/02 23,76,2678
2011/12/03 00,67,1920
2011/12/03 01,65,1736
2011/12/03 02,62,1582
2011/12/03 03,58,779
2011/12/03 04,63,754
2011/12/03 05,67,624
2011/12/03 06,57,468
2011/12/03 07,44,548
2011/12/03 08,42,635
2011/12/03 09,41,558
2011/12/03 10,43,727
2011/12/03 11,34,646
2011/12/03 12,35,393
2011/12/03 13,39,654
2011/12/03 14,42,1131
2011/12/03 15,37,1663
2011/12/03 16,52,1736
2011/12/03 17,63,1347
2011/12/03 18,71,1629
2011/12/03 19,87,2326
2011/12/03 20,88,5811
2011/12/03 21,74,3251
2011/12/03 22,75,3426
2011/12/03 23,77,2769
2011/12/04 00,68,2257
2011/12/04 01,68,1836
2011/12/04 02,61,785
2011/12/04 03,58,855
2011/12/04 04,57,822
2011/12/04 05,67,1058
2011/12/04 06,68,1137
2011/12/04 07,52,988
2011/12/04 08,40,770
2011/12/04 09,32,693
2011/12/04 10,35,673
2011/12/04 11,38,699
2011/12/04 12,35,502
2011/12/04 13,39,814
2011/12/04 14,41,1393
2011/12/04 15,36,1573
2011/12/04 16,48,618
2011/12/04 17,46,663
2011/12/04 18,57,921
2011/12/04 19,65,1051
2011/12/04 20,61,1262
2011/12/04 21,71,1437
2011/12/04 22,70,1274
2011/12/04 23,66,1189
2011/12/05 00,65,1306
2011/12/05 01,67,1404
2011/12/05 02,59,1455
2011/12/05 03,60,1233
2011/12/05 04,61,1485
2011/12/05 05,48,729
2011/12/05 06,38,782
2011/12/05 07,36,540
2011/12/05 08,31,285
2011/12/05 09,29,364
2011/12/05 10,24,319
2011/12/05 11,20,764
2011/12/05 12,19,1121
2011/12/05 13,18,1257
2011/12/05 14,24,1345
2011/12/05 15,25,1298
2011/12/05 16,25,1371
2011/12/05 17,41,1642
2011/12/05 18,45,1713
2011/12/05 19,44,1518
2011/12/05 20,51,1667
2011/12/05 21,53,1646
2011/12/05 22,68,1998
2011/12/05 23,58,1999
2011/12/06 00,56,1244
2011/12/06 01,60,1342
2011/12/06 02,68,1755
2011/12/06 03,61,1922
2011/12/06 04,55,1708
2011/12/06 05,41,562
2011/12/06 06,45,824
2011/12/06 07,37,718
2011/12/06 08,33,365
2011/12/06 09,26,281
2011/12/06 10,23,286
2011/12/06 11,19,367
2011/12/06 12,20,363
2011/12/06 13,21,690
2011/12/06 14,17,1447
2011/12/06 15,25,1470
2011/12/06 16,34,1643
2011/12/06 17,40,1753
2011/12/06 18,47,697
2011/12/06 19,44,739
2011/12/06 20,48,801
2011/12/06 21,58,1125
2011/12/06 22,57,1078
2011/12/06 23,58,1240
2011/12/07 00,52,1029
2011/12/07 01,55,1273
2011/12/07 02,62,1183
2011/12/07 03,57,1152
2011/12/07 04,51,1110
2011/12/07 05,41,308
2011/12/07 06,41,617
2011/12/07 07,40,407
2011/12/07 08,31,385
2011/12/07 09,31,397
2011/12/07 10,27,306
2011/12/07 11,23,265
2011/12/07 12,19,249
2011/12/07 13,17,248
2011/12/07 14,20,342
2011/12/07 15,33,433
2011/12/07 16,36,521
2011/12/07 17,38,487
2011/12/07 18,42,929
2011/12/07 19,46,1548
2011/12/07 20,57,1863
2011/12/07 21,61,2080
2011/12/07 22,62,1995
2011/12/07 23,68,1644
2011/12/08 00,62,1109
2011/12/08 01,60,959
2011/12/08 02,64,1207
2011/12/08 03,46,1023
2011/12/08 04,43,915
2011/12/08 05,50,627
2011/12/08 06,38,337
2011/12/08 07,36,357
2011/12/08 08,36,378
2011/12/08 09,21,304
2011/12/08 10,34,409
2011/12/08 11,22,377
2011/12/08 12,18,978
2011/12/08 13,16,1221
2011/12/08 14,20,1406
2011/12/08 15,26,1532
2011/12/08 16,31,1701
2011/12/08 17,30,1386
2011/12/08 18,36,1729
2011/12/08 19,41,1778
2011/12/08 20,54,2032
2011/12/08 21,73,2113
2011/12/08 22,76,2070
2011/12/08 23,61,971
2011/12/09 00,57,1084
2011/12/09 01,52,1038
2011/12/09 02,59,972
2011/12/09 03,55,1046
2011/12/09 04,49,1086
2011/12/09 05,34,804
2011/12/09 06,30,570
2011/12/09 07,30,418
2011/12/09 08,26,326
2011/12/09 09,20,218
2011/12/09 10,19,200
2011/12/09 11,16,164
2011/12/09 12,16,212
2011/12/09 13,16,277
2011/12/09 14,20,197
2011/12/09 15,23,247
2011/12/09 16,34,488
2011/12/09 17,43,593
2011/12/09 18,55,705
2011/12/09 19,50,867
2011/12/09 20,54,1068
2011/12/09 21,70,1187
2011/12/09 22,70,1236
2011/12/09 23,76,1695
2011/12/10 00,71,1644
2011/12/10 01,76,1116
2011/12/10 02,78,1340
2011/12/10 03,86,1629
2011/12/10 04,66,1562
2011/12/10 05,64,1277
2011/12/10 06,60,1218
2011/12/10 07,48,811
2011/12/10 08,39,680
2011/12/10 09,41,440
2011/12/10 10,26,347
2011/12/10 11,27,459
2011/12/10 12,42,451
2011/12/10 13,48,421
2011/12/10 14,50,555
2011/12/10 15,57,741
2011/12/10 16,50,768
2011/12/10 17,49,819
2011/12/10 18,69,1197
2011/12/10 19,71,1571
2011/12/10 20,80,2389
2011/12/10 21,73,3086
2011/12/10 22,72,2452
2011/12/10 23,77,2336
2011/12/11 00,78,1872
2011/12/11 01,83,1802
2011/12/11 02,91,1651
2011/12/11 03,75,1784
2011/12/11 04,77,1732
2011/12/11 05,70,1407
2011/12/11 06,68,1407
2011/12/11 07,57,1097
2011/12/11 08,48,1052
2011/12/11 09,43,1068
2011/12/11 10,42,778
2011/12/11 11,41,842
2011/12/11 12,38,841
2011/12/11 13,44,780
2011/12/11 14,46,946
2011/12/11 15,42,823
2011/12/11 16,60,789
2011/12/11 17,54,827
2011/12/11 18,62,682
2011/12/11 19,73,690
2011/12/11 20,86,1006
2011/12/11 21,79,1420
2011/12/11 22,74,1645
2011/12/11 23,67,1472
2011/12/12 00,52,1458
2011/12/12 01,53,1441
2011/12/12 02,56,1721
2011/12/12 03,49,1385
2011/12/12 04,52,1456
2011/12/12 05,46,1393
2011/12/12 06,42,975
2011/12/12 07,41,875
2011/12/12 08,29,527
2011/12/12 09,24,297
2011/12/12 10,25,388
2011/12/12 11,22,335
2011/12/12 12,24,449
2011/12/12 13,24,509
2011/12/12 14,27,713
2011/12/12 15,30,623
2011/12/12 16,31,593
2011/12/12 17,39,798
2011/12/12 18,44,872
2011/12/12 19,44,1020
2011/12/12 20,58,1238
2011/12/12 21,65,1291
2011/12/12 22,63,1399
2011/12/12 23,55,1269
2011/12/13 00,57,1195
2011/12/13 01,48,1189
2011/12/13 02,49,1309
2011/12/13 03,64,1337
2011/12/13 04,51,552
2011/12/13 05,43,683
2011/12/13 06,41,548
2011/12/13 07,33,600
2011/12/13 08,36,509
2011/12/13 09,38,513
2011/12/13 10,27,517
2011/12/13 11,18,541
2011/12/13 12,16,436
2011/12/13 13,16,503
2011/12/13 14,22,506
2011/12/13 15,23,497
2011/12/13 16,28,363
2011/12/13 17,43,704
2011/12/13 18,51,769
2011/12/13 19,52,756
2011/12/13 20,48,970
2011/12/13 21,48,1231
2011/12/13 22,45,1357
2011/12/13 23,50,1390
2011/12/14 00,52,1225
2011/12/14 01,39,1183
2011/12/14 02,42,1179
2011/12/14 03,44,1082
2011/12/14 04,40,985
2011/12/14 05,31,980
2011/12/14 06,25,390
2011/12/14 07,24,388
2011/12/14 08,25,501
2011/12/14 09,26,506
2011/12/14 10,19,400
2011/12/14 11,17,367
2011/12/14 12,22,502
2011/12/14 13,21,615
2011/12/14 14,29,368
2011/12/14 15,23,380
2011/12/14 16,27,474
2011/12/14 17,33,406
2011/12/14 18,29,506
2011/12/14 19,40,742
2011/12/14 20,53,2496
2011/12/14 21,56,2627
2011/12/14 22,60,2075
2011/12/14 23,47,1536
2011/12/15 00,53,1338
2011/12/15 01,49,1589
2011/12/15 02,48,1418
2011/12/15 03,59,1737
2011/12/15 04,50,1933
2011/12/15 05,46,897
2011/12/15 06,34,774
2011/12/15 07,27,295
2011/12/15 08,27,317
2011/12/15 09,24,883
2011/12/15 10,21,1002
2011/12/15 11,15,484
2011/12/15 12,13,506
2011/12/15 13,17,738
2011/12/15 14,20,714
2011/12/15 15,19,642
2011/12/15 16,36,771
2011/12/15 17,43,692
2011/12/15 18,40,429
2011/12/15 19,49,687
2011/12/15 20,54,844
2011/12/15 21,56,841
2011/12/15 22,53,1029
2011/12/15 23,55,1154
2011/12/16 00,56,1131
2011/12/16 01,54,1008
2011/12/16 02,58,1049
2011/12/16 03,54,1110
2011/12/16 04,51,882
2011/12/16 05,43,779
2011/12/16 06,43,759
2011/12/16 07,35,734
2011/12/16 08,39,582
2011/12/16 09,33,490
2011/12/16 10,30,461
2011/12/16 11,24,541
2011/12/16 12,22,497
2011/12/16 13,25,264
2011/12/16 14,24,483
2011/12/16 15,33,378
2011/12/16 16,34,872
2011/12/16 17,44,532
2011/12/16 18,46,629
2011/12/16 19,49,1068
2011/12/16 20,52,2544
2011/12/16 21,60,2976
2011/12/16 22,77,3224
2011/12/16 23,95,3387
2011/12/17 00,90,1702
2011/12/17 01,71,1454
2011/12/17 02,73,1394
2011/12/17 03,77,1463
2011/12/17 04,73,1384
2011/12/17 05,60,1450
2011/12/17 06,45,602
2011/12/17 07,48,690
2011/12/17 08,45,547
2011/12/17 09,40,465
2011/12/17 10,36,590
2011/12/17 11,30,377
2011/12/17 12,34,493
2011/12/17 13,30,577
2011/12/17 14,28,445
2011/12/17 15,37,787
2011/12/17 16,49,914
2011/12/17 17,55,1041
2011/12/17 18,57,1866
2011/12/17 19,67,1375
2011/12/17 20,75,3516
2011/12/17 21,77,7909
2011/12/17 22,83,10354
2011/12/17 23,81,11115
2011/12/18 00,78,3179
2011/12/18 01,81,3375
2011/12/18 02,79,2540
2011/12/18 03,67,2598
2011/12/18 04,63,2476
2011/12/18 05,62,1942
2011/12/18 06,62,1440
2011/12/18 07,53,1450
2011/12/18 08,44,1176
2011/12/18 09,39,1329
2011/12/18 10,35,992
2011/12/18 11,34,672
2011/12/18 12,33,776
2011/12/18 13,38,451
2011/12/18 14,40,633
2011/12/18 15,42,897
2011/12/18 16,40,732
2011/12/18 17,42,773
2011/12/18 18,57,1473
2011/12/18 19,76,2328
2011/12/18 20,70,2273
2011/12/18 21,82,1025
2011/12/18 22,77,1343
2011/12/18 23,64,1768
2011/12/19 00,62,2598
2011/12/19 01,77,2876
2011/12/19 02,64,2772
2011/12/19 03,63,2522
2011/12/19 04,63,2684
2011/12/19 05,58,857
2011/12/19 06,53,856
2011/12/19 07,41,598
2011/12/19 08,36,665
2011/12/19 09,26,538
2011/12/19 10,27,486
2011/12/19 11,25,474
2011/12/19 12,33,668
2011/12/19 13,30,634
2011/12/19 14,27,600
2011/12/19 15,38,673
2011/12/19 16,49,927
2011/12/19 17,57,1157
2011/12/19 18,53,1129
2011/12/19 19,67,987
2011/12/19 20,68,2411
2011/12/19 21,78,3016
2011/12/19 22,82,3079
2011/12/19 23,88,3214
2011/12/20 00,91,1742
2011/12/20 01,91,1725
2011/12/20 02,68,1688
2011/12/20 03,58,1549
2011/12/20 04,50,2575
2011/12/20 05,52,1821
2011/12/20 06,52,960
2011/12/20 07,42,877
2011/12/20 08,37,453
2011/12/20 09,34,419
2011/12/20 10,30,289
2011/12/20 11,24,253
2011/12/20 12,23,357
2011/12/20 13,32,340
2011/12/20 14,35,452
2011/12/20 15,39,995
2011/12/20 16,51,644
2011/12/20 17,54,761
2011/12/20 18,60,1033
2011/12/20 19,61,902
2011/12/20 20,55,1878
2011/12/20 21,74,2794
2011/12/20 22,74,2807
2011/12/20 23,69,3554
2011/12/21 00,69,2007
2011/12/21 01,78,1553
2011/12/21 02,72,1209
2011/12/21 03,68,1203
2011/12/21 04,61,898
2011/12/21 05,48,860
2011/12/21 06,43,721
2011/12/21 07,47,524
2011/12/21 08,47,611
2011/12/21 09,43,318
2011/12/21 10,39,332
2011/12/21 11,32,383
2011/12/21 12,27,238
2011/12/21 13,25,461
2011/12/21 14,38,443
2011/12/21 15,46,623
2011/12/21 16,51,675
2011/12/21 17,57,1179
2011/12/21 18,64,1075
2011/12/21 19,62,1105
2011/12/21 20,66,1496
2011/12/21 21,68,1677
2011/12/21 22,77,2038
2011/12/21 23,86,2135
2011/12/22 00,77,1879
2011/12/22 01,78,1807
2011/12/22 02,76,1595
2011/12/22 03,64,1352
2011/12/22 04,62,1360
2011/12/22 05,68,1517
2011/12/22 06,64,1046
2011/12/22 07,48,796
2011/12/22 08,50,706
2011/12/22 09,45,567
2011/12/22 10,43,562
2011/12/22 11,39,502
2011/12/22 12,38,450
2011/12/22 13,32,297
2011/12/22 14,38,351
2011/12/22 15,37,392
2011/12/22 16,55,716
2011/12/22 17,58,701
2011/12/22 18,65,831
2011/12/22 19,69,1652
2011/12/22 20,80,2850
2011/12/22 21,92,2608
2011/12/22 22,89,3604
2011/12/22 23,88,3764
2011/12/23 00,87,2396
2011/12/23 01,79,1897
2011/12/23 02,66,1821
2011/12/23 03,70,1275
2011/12/23 04,78,1906
2011/12/23 05,63,1846
2011/12/23 06,60,1398
2011/12/23 07,57,746
2011/12/23 08,49,527
2011/12/23 09,58,603
2011/12/23 10,48,647
2011/12/23 11,50,827
2011/12/23 12,42,600
2011/12/23 13,49,508
2011/12/23 14,47,506
2011/12/23 15,55,704
2011/12/23 16,54,753
2011/12/23 17,54,850
2011/12/23 18,67,913
2011/12/23 19,77,1172
2011/12/23 20,75,2422
2011/12/23 21,87,10312
2011/12/23 22,91,11960
2011/12/23 23,97,12211
2011/12/24 00,94,1765
2011/12/24 01,86,1273
2011/12/24 02,73,1317
2011/12/24 03,65,1015
2011/12/24 04,59,1123
2011/12/24 05,63,1578
2011/12/24 06,72,1453
2011/12/24 07,71,1527
2011/12/24 08,61,1609
2011/12/24 09,56,591
2011/12/24 10,49,584
2011/12/24 11,49,592
2011/12/24 12,42,464
2011/12/24 13,46,576
2011/12/24 14,54,526
2011/12/24 15,49,628
2011/12/24 16,56,784
2011/12/24 17,52,750
2011/12/24 18,53,933
2011/12/24 19,60,826
2011/12/24 20,61,863
2011/12/24 21,61,893
2011/12/24 22,66,777
2011/12/24 23,57,1024
2011/12/25 00,62,1212
2011/12/25 01,55,1164
2011/12/25 02,49,1047
2011/12/25 03,48,1041
2011/12/25 04,50,1049
2011/12/25 05,49,910
2011/12/25 06,47,870
2011/12/25 07,47,1303
2011/12/25 08,43,906
2011/12/25 09,34,856
2011/12/25 10,28,745
2011/12/25 11,29,782
2011/12/25 12,20,650
2011/12/25 13,25,590
2011/12/25 14,22,508
2011/12/25 15,28,574
2011/12/25 16,24,639
2011/12/25 17,27,560
2011/12/25 18,38,651
2011/12/25 19,51,393
2011/12/25 20,64,582
2011/12/25 21,66,838
2011/12/25 22,61,1890
2011/12/25 23,69,1002
2011/12/26 00,57,939
2011/12/26 01,61,1154
2011/12/26 02,57,769
2011/12/26 03,55,827
2011/12/26 04,57,1442
2011/12/26 05,60,1236
2011/12/26 06,55,1114
2011/12/26 07,51,707
2011/12/26 08,45,585
2011/12/26 09,37,566
2011/12/26 10,30,390
2011/12/26 11,26,494
2011/12/26 12,27,476
2011/12/26 13,24,463
2011/12/26 14,22,430
2011/12/26 15,33,384
2011/12/26 16,42,594
2011/12/26 17,42,721
2011/12/26 18,42,739
2011/12/26 19,49,800
2011/12/26 20,59,1118
2011/12/26 21,66,1617
2011/12/26 22,64,2055
2011/12/26 23,65,1315
2011/12/27 00,72,1272
2011/12/27 01,72,1834
2011/12/27 02,75,1464
2011/12/27 03,77,1615
2011/12/27 04,71,842
2011/12/27 05,62,700
2011/12/27 06,57,758
2011/12/27 07,68,940
2011/12/27 08,49,885
2011/12/27 09,43,508
2011/12/27 10,35,548
2011/12/27 11,34,1185
2011/12/27 12,36,1256
2011/12/27 13,28,1271
2011/12/27 14,19,1250
2011/12/27 15,29,358
2011/12/27 16,34,445
2011/12/27 17,56,477
2011/12/27 18,55,638
2011/12/27 19,66,683
2011/12/27 20,69,562
2011/12/27 21,77,1595
2011/12/27 22,87,1305
2011/12/27 23,86,1455
2011/12/28 00,82,1707
2011/12/28 01,90,1813
2011/12/28 02,88,1742
2011/12/28 03,68,1727
2011/12/28 04,69,1668
2011/12/28 05,66,1754
2011/12/28 06,75,1286
2011/12/28 07,63,1190
2011/12/28 08,49,1209
2011/12/28 09,38,980
2011/12/28 10,31,615
2011/12/28 11,32,437
2011/12/28 12,36,520
2011/12/28 13,34,693
2011/12/28 14,37,618
2011/12/28 15,46,1127
2011/12/28 16,47,1084
2011/12/28 17,33,1131
2011/12/28 18,53,1515
2011/12/28 19,63,1320
2011/12/28 20,78,1302
2011/12/28 21,94,1820
2011/12/28 22,89,1801
2011/12/28 23,83,1846
2011/12/29 00,95,1483
2011/12/29 01,94,1471
2011/12/29 02,79,1583
2011/12/29 03,64,1277
2011/12/29 04,54,1048
2011/12/29 05,77,1456
2011/12/29 06,67,1099
2011/12/29 07,71,1831
2011/12/29 08,57,2698
2011/12/29 09,44,1275
2011/12/29 10,33,703
2011/12/29 11,32,644
2011/12/29 12,33,526
2011/12/29 13,31,274
2011/12/29 14,28,314
2011/12/29 15,39,444
2011/12/29 16,39,681
2011/12/29 17,42,848
2011/12/29 18,51,1155
2011/12/29 19,67,1433
2011/12/29 20,76,1614
2011/12/29 21,74,1756
2011/12/29 22,83,1444
2011/12/29 23,80,1672
2011/12/30 00,83,1681
2011/12/30 01,99,1785
2011/12/30 02,82,1630
2011/12/30 03,79,1955
2011/12/30 04,62,1624
2011/12/30 05,67,1804
2011/12/30 06,58,1498
2011/12/30 07,61,1369
2011/12/30 08,48,1157
2011/12/30 09,46,1037
2011/12/30 10,41,648
2011/12/30 11,34,703
2011/12/30 12,41,409
2011/12/30 13,31,454
2011/12/30 14,28,370
2011/12/30 15,32,604
2011/12/30 16,45,985
2011/12/30 17,54,1436
2011/12/30 18,59,1200
2011/12/30 19,75,1248
2011/12/30 20,80,1765
2011/12/30 21,101,993
2011/12/30 22,88,1238
2011/12/30 23,95,1326
2011/12/31 00,91,1095
2011/12/31 01,88,1329
2011/12/31 02,84,1313
2011/12/31 03,73,1231
2011/12/31 04,72,1510
2011/12/31 05,78,1790
2011/12/31 06,69,1546
2011/12/31 07,59,1292
2011/12/31 08,46,1227
2011/12/31 09,45,863
2011/12/31 10,37,906
2011/12/31 11,35,529
2011/12/31 12,32,442
2011/12/31 13,39,785
2011/12/31 14,40,983
2011/12/31 15,44,1168
2011/12/31 16,44,1352
2011/12/31 17,49,1457
2011/12/31 18,57,1750
2011/12/31 19,55,1617
2011/12/31 20,63,1826
2011/12/31 21,86,2236
2011/12/31 22,100,2253
2011/12/31 23,85,2056
2012/01/01 00,88,1970
2012/01/01 01,84,1827
2012/01/01 02,70,2235
2012/01/01 03,74,1968
2012/01/01 04,80,1931
2012/01/01 05,77,1683
2012/01/01 06,70,1958
2012/01/01 07,65,2631
2012/01/01 08,55,2493
2012/01/01 09,42,2209
2012/01/01 10,45,1808
2012/01/01 11,46,1077
2012/01/01 12,37,1264
2012/01/01 13,33,1247
2012/01/01 14,23,810
2012/01/01 15,26,933
2012/01/01 16,42,1086
2012/01/01 17,46,889
2012/01/01 18,55,1114
2012/01/01 19,69,1650
2012/01/01 20,69,1846
2012/01/01 21,79,2132
2012/01/01 22,91,2370
2012/01/01 23,102,2250
2012/01/02 00,99,1892
2012/01/02 01,90,1877
2012/01/02 02,79,1660
2012/01/02 03,82,1698
2012/01/02 04,75,1804
2012/01/02 05,74,1834
2012/01/02 06,74,1828
2012/01/02 07,47,1013
2012/01/02 08,48,949
2012/01/02 09,43,930
2012/01/02 10,39,849
2012/01/02 11,46,1011
2012/01/02 12,43,1152
2012/01/02 13,46,1175
2012/01/02 14,45,965
2012/01/02 15,57,1060
2012/01/02 16,60,967
2012/01/02 17,66,1231
2012/01/02 18,75,1356
2012/01/02 19,77,1890
2012/01/02 20,96,1357
2012/01/02 21,96,1515
2012/01/02 22,101,2034
2012/01/02 23,103,1329
2012/01/03 00,97,2413
2012/01/03 01,82,1717
2012/01/03 02,82,1482
2012/01/03 03,63,1401
2012/01/03 04,75,1416
2012/01/03 05,71,1419
2012/01/03 06,56,851
2012/01/03 07,49,912
2012/01/03 08,49,830
2012/01/03 09,46,828
2012/01/03 10,39,824
2012/01/03 11,40,737
2012/01/03 12,34,908
2012/01/03 13,38,787
2012/01/03 14,39,564
2012/01/03 15,44,566
2012/01/03 16,49,1056
2012/01/03 17,52,1447
2012/01/03 18,51,1422
2012/01/03 19,62,1504
2012/01/03 20,59,1816
2012/01/03 21,61,1547
2012/01/03 22,62,1488
2012/01/03 23,69,1982
2012/01/04 00,59,1312
2012/01/04 01,71,3014
2012/01/04 02,73,1873
2012/01/04 03,58,1699
2012/01/04 04,56,1897
2012/01/04 05,53,1407
2012/01/04 06,45,945
2012/01/04 07,49,915
2012/01/04 08,47,1325
2012/01/04 09,41,970
2012/01/04 10,41,605
2012/01/04 11,36,572
2012/01/04 12,27,964
2012/01/04 13,28,736
2012/01/04 14,36,544
2012/01/04 15,40,720
2012/01/04 16,36,1203
2012/01/04 17,42,1326
2012/01/04 18,53,1368
2012/01/04 19,55,1291
2012/01/04 20,58,2477
2012/01/04 21,62,1395
2012/01/04 22,78,1755
2012/01/04 23,73,2010
2012/01/05 00,76,2249
2012/01/05 01,73,1875
2012/01/05 02,68,1627
2012/01/05 03,66,2109
2012/01/05 04,63,2000
2012/01/05 05,49,2448
2012/01/05 06,44,1522
2012/01/05 07,48,967
2012/01/05 08,37,844
2012/01/05 09,35,1349
2012/01/05 10,29,610
2012/01/05 11,26,414
2012/01/05 12,28,734
2012/01/05 13,27,401
2012/01/05 14,23,575
2012/01/05 15,21,438
2012/01/05 16,34,951
2012/01/05 17,38,1042
2012/01/05 18,48,1031
2012/01/05 19,52,1130
2012/01/05 20,50,1254
2012/01/05 21,57,1847
2012/01/05 22,64,2071
2012/01/05 23,72,2501
2012/01/06 00,80,1703
2012/01/06 01,87,1512
2012/01/06 02,85,1978
2012/01/06 03,84,2995
2012/01/06 04,69,1877
2012/01/06 05,65,900
2012/01/06 06,49,964
2012/01/06 07,45,1325
2012/01/06 08,38,927
2012/01/06 09,34,952
2012/01/06 10,28,441
2012/01/06 11,29,445
2012/01/06 12,30,605
2012/01/06 13,26,546
2012/01/06 14,27,660
2012/01/06 15,28,541
2012/01/06 16,31,945
2012/01/06 17,36,846
2012/01/06 18,57,955
2012/01/06 19,61,1523
2012/01/06 20,67,1355
2012/01/06 21,69,1211
2012/01/06 22,88,1497
2012/01/06 23,94,2224
2012/01/07 00,97,1965
2012/01/07 01,95,3455
2012/01/07 02,89,2457
2012/01/07 03,89,2635
2012/01/07 04,84,3096
2012/01/07 05,82,2120
2012/01/07 06,88,5458
2012/01/07 07,79,4437
2012/01/07 08,71,4856
2012/01/07 09,63,1745
2012/01/07 10,59,893
2012/01/07 11,54,777
2012/01/07 12,52,496
2012/01/07 13,45,607
2012/01/07 14,46,602
2012/01/07 15,44,581
2012/01/07 16,50,569
2012/01/07 17,53,826
2012/01/07 18,58,1263
2012/01/07 19,74,1191
2012/01/07 20,83,1270
2012/01/07 21,106,4010
2012/01/07 22,109,3424
2012/01/07 23,116,3306
2012/01/08 00,97,3042
2012/01/08 01,104,2047
2012/01/08 02,105,2405
2012/01/08 03,101,2181
2012/01/08 04,96,1677
2012/01/08 05,87,1882
2012/01/08 06,88,1397
2012/01/08 07,74,1248
2012/01/08 08,67,1150
2012/01/08 09,61,722
2012/01/08 10,50,712
2012/01/08 11,50,800
2012/01/08 12,46,729
2012/01/08 13,39,663
2012/01/08 14,45,934
2012/01/08 15,51,909
2012/01/08 16,48,979
2012/01/08 17,64,1654
2012/01/08 18,67,1421
2012/01/08 19,74,1375
2012/01/08 20,83,1436
2012/01/08 21,92,1670
2012/01/08 22,95,1989
2012/01/08 23,88,2135
2012/01/09 00,73,3079
2012/01/09 01,75,3652
2012/01/09 02,79,3177
2012/01/09 03,78,3155
2012/01/09 04,67,1977
2012/01/09 05,61,1475
2012/01/09 06,49,1998
2012/01/09 07,44,1195
2012/01/09 08,47,1865
2012/01/09 09,38,707
2012/01/09 10,25,544
2012/01/09 11,19,404
2012/01/09 12,28,339
2012/01/09 13,26,456
2012/01/09 14,23,621
2012/01/09 15,20,381
