2011/09/30 22,2,38
2011/09/30 23,2,23
2011/10/01 00,1,4
2011/10/01 01,2,11
2011/10/01 02,2,20
2011/10/01 03,3,50
2011/10/01 04,5,61
2011/10/01 05,3,94
2011/10/01 06,5,83
2011/10/01 07,3,99
2011/10/01 08,3,37
2011/10/01 09,2,89
2011/10/01 10,1,81
2011/10/01 13,1,1
2011/10/01 14,1,65
2011/10/01 15,1,57
2011/10/01 16,2,44
2011/10/01 17,2,37
2011/10/01 18,3,39
2011/10/01 19,3,44
2011/10/01 20,2,14
2011/10/01 21,1,1
2011/10/01 22,2,7
2011/10/01 23,1,4
2011/10/02 00,2,9
2011/10/02 01,1,3
2011/10/02 02,3,30
2011/10/02 03,2,33
2011/10/02 04,4,35
2011/10/02 05,3,43
2011/10/02 06,2,45
2011/10/02 07,3,29
2011/10/02 08,4,39
2011/10/02 09,3,18
2011/10/02 10,3,31
2011/10/02 11,2,34
2011/10/02 12,1,30
2011/10/02 13,1,38
2011/10/02 14,1,47
2011/10/02 15,2,60
2011/10/02 16,4,122
2011/10/02 17,5,141
2011/10/02 18,5,86
2011/10/02 19,4,40
2011/10/02 20,3,83
2011/10/02 21,2,103
2011/10/02 22,3,65
2011/10/02 23,3,66
2011/10/03 00,3,63
2011/10/03 01,4,40
2011/10/03 02,4,48
2011/10/03 03,4,41
2011/10/03 04,2,26
2011/10/03 05,3,46
2011/10/03 06,3,81
2011/10/03 07,1,38
2011/10/03 08,1,36
2011/10/03 09,1,24
2011/10/03 14,1,9
2011/10/03 15,1,31
2011/10/03 16,1,30
2011/10/03 17,1,25
2011/10/03 18,1,14
2011/10/03 19,2,21
2011/10/03 20,3,25
2011/10/03 21,2,41
2011/10/03 22,2,104
2011/10/03 23,1,22
2011/10/04 01,1,2
2011/10/04 02,2,10
2011/10/04 03,1,11
2011/10/04 04,2,21
2011/10/04 05,3,17
2011/10/04 06,3,17
2011/10/04 07,1,20
2011/10/04 08,3,33
2011/10/04 09,2,31
2011/10/04 11,1,0
2011/10/04 13,1,9
2011/10/04 14,1,21
2011/10/04 15,1,34
2011/10/04 16,3,39
2011/10/04 17,2,47
2011/10/04 18,2,39
2011/10/04 19,2,45
2011/10/04 20,2,35
2011/10/04 22,1,445
2011/10/04 23,1,1
2011/10/05 00,2,3
2011/10/05 01,1,2
2011/10/05 02,1,17
2011/10/05 03,1,9
2011/10/05 10,1,3
2011/10/05 12,1,5
2011/10/05 13,2,29
2011/10/05 14,2,37
2011/10/05 15,1,36
2011/10/05 16,1,26
2011/10/05 17,1,25
2011/10/05 18,2,62
2011/10/05 19,2,52
2011/10/05 20,2,26
2011/10/05 21,2,27
2011/10/05 22,2,33
2011/10/05 23,1,5
2011/10/06 01,1,9
2011/10/06 02,3,19
2011/10/06 03,2,23
2011/10/06 04,2,26
2011/10/06 05,2,36
2011/10/06 10,1,21
2011/10/06 11,1,39
2011/10/06 12,2,64
2011/10/06 13,3,107
2011/10/06 14,3,162
2011/10/06 15,2,198
2011/10/06 16,2,157
2011/10/06 17,1,26
2011/10/06 18,1,16
2011/10/06 21,3,107
2011/10/06 22,4,137
2011/10/06 23,2,41
2011/10/07 00,4,72
2011/10/07 01,4,115
2011/10/07 02,3,28
2011/10/07 03,1,14
2011/10/07 06,1,10
2011/10/07 07,1,11
2011/10/07 12,2,4
2011/10/07 13,1,18
2011/10/07 14,1,18
2011/10/07 15,1,31
2011/10/07 16,1,28
2011/10/07 17,1,17
2011/10/07 18,1,8
2011/10/07 19,2,11
2011/10/07 20,2,39
2011/10/07 21,2,28
2011/10/07 22,3,29
2011/10/07 23,5,525
2011/10/08 00,5,943
2011/10/08 01,5,933
2011/10/08 02,5,1015
2011/10/08 03,4,1198
2011/10/08 04,2,62
2011/10/08 05,2,31
2011/10/08 06,1,150
2011/10/08 10,1,2
2011/10/08 11,1,16
2011/10/08 12,1,29
2011/10/08 13,1,33
2011/10/08 14,2,21
2011/10/08 15,3,500
2011/10/08 16,3,846
2011/10/08 17,3,1007
2011/10/08 18,2,1019
2011/10/08 19,2,1606
2011/10/08 20,2,1755
2011/10/08 21,1,1371
2011/10/08 22,1,1379
2011/10/08 23,3,1401
2011/10/09 00,3,1485
2011/10/09 01,3,1200
2011/10/09 02,3,850
2011/10/09 03,3,820
2011/10/09 04,2,152
2011/10/09 12,1,4
2011/10/09 13,1,9
2011/10/09 14,2,10
2011/10/09 15,2,0
2011/10/09 16,2,910
2011/10/09 17,3,1142
2011/10/09 18,5,1528
2011/10/09 19,4,1304
2011/10/09 20,3,907
2011/10/09 21,3,651
2011/10/09 22,2,569
2011/10/09 23,2,603
2011/10/10 00,2,12
2011/10/10 01,1,38
2011/10/10 02,1,33
2011/10/10 03,1,38
2011/10/10 04,1,25
2011/10/10 09,1,9
2011/10/10 10,1,21
2011/10/10 11,1,24
2011/10/10 12,1,36
2011/10/10 13,1,28
2011/10/10 14,2,28
2011/10/10 15,3,115
2011/10/10 16,3,103
2011/10/10 17,2,54
2011/10/10 21,1,17
2011/10/10 22,2,24
2011/10/10 23,2,34
2011/10/11 00,2,32
2011/10/11 01,2,26
2011/10/11 02,2,37
2011/10/11 03,4,54
2011/10/11 04,5,71
2011/10/11 05,3,73
2011/10/11 06,3,64
2011/10/11 07,3,100
2011/10/11 08,2,72
2011/10/11 09,2,71
2011/10/11 14,2,26
2011/10/11 15,2,65
2011/10/11 16,2,85
2011/10/11 17,2,73
2011/10/11 18,2,65
2011/10/11 19,2,66
2011/10/11 20,1,22
2011/10/11 21,1,30
2011/10/11 22,1,187
2011/10/11 23,1,46
2011/10/12 00,1,82
2011/10/12 01,1,133
2011/10/12 02,3,67
2011/10/12 03,4,81
2011/10/12 04,4,82
2011/10/12 05,3,60
2011/10/12 06,2,18
2011/10/12 07,2,15
2011/10/12 09,1,3
2011/10/12 13,1,18
2011/10/12 14,1,17
2011/10/12 19,1,1
2011/10/12 20,1,20
2011/10/12 21,1,54
2011/10/12 22,1,41
2011/10/12 23,1,20
2011/10/13 00,2,67
2011/10/13 01,4,111
2011/10/13 02,6,160
2011/10/13 03,8,388
2011/10/13 04,6,412
2011/10/13 05,3,123
2011/10/13 06,2,102
2011/10/13 07,2,90
2011/10/13 08,2,59
2011/10/13 09,2,48
2011/10/13 10,1,53
2011/10/13 13,1,7
2011/10/13 14,1,14
2011/10/13 15,1,15
2011/10/13 16,1,12
2011/10/13 17,1,8
2011/10/13 18,2,50
2011/10/13 19,2,52
2011/10/13 20,1,8
2011/10/13 21,2,33
2011/10/13 22,3,63
2011/10/13 23,1,50
2011/10/14 00,2,66
2011/10/14 01,3,63
2011/10/14 02,4,247
2011/10/14 03,2,240
2011/10/14 04,2,246
2011/10/14 05,4,222
2011/10/14 06,2,21
2011/10/14 07,3,17
2011/10/14 08,1,6
2011/10/14 09,1,3
2011/10/14 19,1,0
2011/10/14 20,1,30
2011/10/14 21,1,6
2011/10/14 22,1,3
2011/10/14 23,1,3
2011/10/15 00,4,13
2011/10/15 01,3,27
2011/10/15 02,3,52
2011/10/15 03,3,63
2011/10/15 04,4,48
2011/10/15 05,3,52
2011/10/15 06,3,58
2011/10/15 07,3,58
2011/10/15 08,1,16
2011/10/15 18,1,3
2011/10/15 19,2,59
2011/10/15 20,2,330
2011/10/15 21,1,417
2011/10/15 22,1,406
2011/10/15 23,1,412
2011/10/16 00,1,447
2011/10/16 01,2,443
2011/10/16 02,2,450
2011/10/16 03,3,432
2011/10/16 04,3,347
2011/10/16 05,2,10
2011/10/16 06,1,7
2011/10/16 07,1,11
2011/10/16 08,1,14
2011/10/16 09,1,5
2011/10/16 13,1,9
2011/10/16 14,1,7
2011/10/16 15,1,1
2011/10/16 16,2,11
2011/10/16 17,2,21
2011/10/16 18,2,42
2011/10/16 19,3,35
2011/10/16 20,2,12
2011/10/16 21,1,10
2011/10/16 22,1,6
2011/10/16 23,1,4
2011/10/17 04,1,6
2011/10/17 05,2,9
2011/10/17 06,2,14
2011/10/17 07,2,49
2011/10/17 08,2,50
2011/10/17 09,1,27
2011/10/17 14,1,3
2011/10/17 15,1,8
2011/10/17 16,1,16
2011/10/17 17,1,11
2011/10/17 18,1,23
2011/10/17 19,3,45
2011/10/17 20,3,53
2011/10/17 21,4,47
2011/10/17 22,2,57
2011/10/17 23,3,58
2011/10/18 00,1,24
2011/10/18 01,1,18
2011/10/18 02,2,13
2011/10/18 03,2,34
2011/10/18 04,3,43
2011/10/18 05,3,54
2011/10/18 06,1,13
2011/10/18 07,2,26
2011/10/18 08,1,20
2011/10/18 15,1,15
2011/10/18 16,1,27
2011/10/18 17,1,32
2011/10/18 19,1,39
2011/10/18 20,2,55
2011/10/18 21,2,12
2011/10/18 22,2,13
2011/10/18 23,2,10
2011/10/19 00,1,5
2011/10/19 01,1,1
2011/10/19 02,2,13
2011/10/19 03,2,9
2011/10/19 04,2,12
2011/10/19 05,3,19
2011/10/19 06,3,19
2011/10/19 07,3,26
2011/10/19 08,3,48
2011/10/19 09,1,2
2011/10/19 10,1,4
2011/10/19 11,1,4
2011/10/19 14,1,22
2011/10/19 15,1,27
2011/10/19 16,1,23
2011/10/19 17,1,12
2011/10/19 18,1,30
2011/10/19 19,1,32
2011/10/19 20,3,31
2011/10/19 21,4,52
2011/10/19 22,5,74
2011/10/19 23,5,70
2011/10/20 00,4,72
2011/10/20 01,3,76
2011/10/20 02,3,100
2011/10/20 03,3,94
2011/10/20 04,4,76
2011/10/20 05,3,56
2011/10/20 06,1,37
2011/10/20 07,2,41
2011/10/20 08,2,34
2011/10/20 09,1,11
2011/10/20 10,1,16
2011/10/20 11,1,13
2011/10/20 12,1,11
2011/10/20 13,1,9
2011/10/20 15,1,5
2011/10/20 16,1,7
2011/10/20 17,1,9
2011/10/20 18,1,10
2011/10/20 19,1,10
2011/10/20 20,1,11
2011/10/20 21,1,7
2011/10/20 23,1,10
2011/10/21 00,1,17
2011/10/21 01,1,21
2011/10/21 02,3,399
2011/10/21 03,3,274
2011/10/21 04,3,270
2011/10/21 05,2,246
2011/10/21 06,4,252
2011/10/21 07,3,57
2011/10/21 08,3,43
2011/10/21 09,2,26
2011/10/21 10,2,41
2011/10/21 11,1,41
2011/10/21 13,1,6
2011/10/21 14,1,12
2011/10/21 15,1,24
2011/10/21 16,1,22
2011/10/21 17,1,14
2011/10/21 18,1,11
2011/10/21 19,1,15
2011/10/22 00,1,2
2011/10/22 01,1,2
2011/10/22 02,1,2
2011/10/22 03,2,33
2011/10/22 04,2,51
2011/10/22 05,2,56
2011/10/22 06,2,46
2011/10/22 07,3,49
2011/10/22 08,4,54
2011/10/22 09,2,24
2011/10/22 14,1,2
2011/10/22 15,1,3
2011/10/22 16,2,258
2011/10/22 17,2,283
2011/10/22 18,1,9
2011/10/22 19,1,6
2011/10/22 20,1,3
2011/10/22 21,1,5
2011/10/22 22,1,5
2011/10/22 23,1,2
2011/10/23 04,1,5
2011/10/23 05,1,6
2011/10/23 06,1,8
2011/10/23 07,1,21
2011/10/23 08,1,2
2011/10/23 09,2,17
2011/10/23 10,2,21
2011/10/23 11,2,16
2011/10/23 16,1,5
2011/10/23 17,1,6
2011/10/23 18,1,6
2011/10/23 19,2,46
2011/10/23 20,2,48
2011/10/23 22,1,6
2011/10/23 23,1,4
2011/10/24 01,1,2
2011/10/24 02,1,3
2011/10/24 03,1,10
2011/10/24 04,1,3
2011/10/24 05,2,7
2011/10/24 06,2,12
2011/10/24 07,1,15
2011/10/24 08,1,5
2011/10/24 18,2,15
2011/10/24 19,2,23
2011/10/24 20,2,17
2011/10/24 22,1,7
2011/10/24 23,1,8
2011/10/25 00,1,6
2011/10/25 01,2,15
2011/10/25 02,3,194
2011/10/25 03,4,192
2011/10/25 04,6,208
2011/10/25 05,7,180
2011/10/25 06,6,30
2011/10/25 07,2,14
2011/10/25 08,1,10
2011/10/25 14,1,7
2011/10/25 15,1,21
2011/10/25 16,1,15
2011/10/25 17,1,15
2011/10/25 18,2,37
2011/10/25 19,2,67
2011/10/25 20,2,58
2011/10/25 21,2,18
2011/10/25 23,2,8
2011/10/26 00,2,14
2011/10/26 01,3,11
2011/10/26 02,2,9
2011/10/26 03,4,160
2011/10/26 04,3,212
2011/10/26 05,3,155
2011/10/26 06,3,116
2011/10/26 07,4,150
2011/10/26 08,3,22
2011/10/26 09,1,8
2011/10/26 10,1,8
2011/10/26 11,1,1
2011/10/26 12,2,12
2011/10/26 13,2,20
2011/10/26 14,2,21
2011/10/26 15,1,28
2011/10/26 16,1,26
2011/10/26 17,1,15
2011/10/26 18,1,50
2011/10/26 19,1,30
2011/10/26 20,1,20
2011/10/26 21,1,11
2011/10/26 22,1,13
2011/10/26 23,1,2
2011/10/27 00,1,4
2011/10/27 01,1,1
2011/10/27 02,1,3
2011/10/27 03,1,3
2011/10/27 04,1,15
2011/10/27 05,1,16
2011/10/27 06,2,16
2011/10/27 07,2,8
2011/10/27 08,1,2
2011/10/27 13,2,26
2011/10/27 14,2,58
2011/10/27 15,2,64
2011/10/27 16,2,89
2011/10/27 17,1,30
2011/10/27 18,1,29
2011/10/27 19,1,31
2011/10/28 03,1,1
2011/10/28 04,2,22
2011/10/28 05,2,25
2011/10/28 06,2,17
2011/10/28 07,2,16
2011/10/28 08,2,19
2011/10/28 09,1,9
2011/10/28 10,1,7
2011/10/28 11,1,5
2011/10/28 14,1,15
2011/10/28 15,1,23
2011/10/28 16,1,17
2011/10/28 17,1,17
2011/10/28 18,1,15
2011/10/28 21,1,6
2011/10/28 22,2,8
2011/10/28 23,3,16
2011/10/29 00,2,14
2011/10/29 01,1,15
2011/10/29 02,1,11
2011/10/29 03,2,76
2011/10/29 04,3,86
2011/10/29 05,3,92
2011/10/29 06,2,77
2011/10/29 07,1,65
2011/10/29 08,2,58
2011/10/29 14,1,1
2011/10/29 15,1,8
2011/10/29 16,1,19
2011/10/29 17,1,25
2011/10/29 18,2,416
2011/10/29 19,4,605
2011/10/29 20,4,593
2011/10/29 21,4,607
2011/10/29 22,2,503
2011/10/29 23,1,5
2011/10/30 00,1,7
2011/10/30 01,2,11
2011/10/30 02,3,18
2011/10/30 03,2,16
2011/10/30 04,4,30
2011/10/30 05,3,25
2011/10/30 06,3,26
2011/10/30 07,3,58
2011/10/30 08,2,23
2011/10/30 09,2,13
2011/10/30 10,1,8
2011/10/30 11,2,105
2011/10/30 12,1,177
2011/10/30 13,1,310
2011/10/30 14,2,394
2011/10/30 15,3,535
2011/10/30 16,3,656
2011/10/30 17,4,709
2011/10/30 18,3,45
2011/10/30 19,2,20
2011/10/30 20,1,11
2011/10/30 22,1,6
2011/10/30 23,1,9
2011/10/31 02,2,9
2011/10/31 13,1,4
2011/10/31 14,1,16
2011/10/31 15,1,17
2011/10/31 16,1,21
2011/10/31 17,1,13
2011/10/31 18,1,17
2011/10/31 20,2,19
2011/10/31 21,2,13
2011/10/31 22,2,12
2011/10/31 23,2,13
2011/11/01 00,2,5
2011/11/01 01,1,2
2011/11/01 04,2,7
2011/11/01 05,3,15
2011/11/01 06,3,13
2011/11/01 07,1,5
2011/11/01 08,1,28
2011/11/01 14,1,8
2011/11/01 15,2,26
2011/11/01 16,2,75
2011/11/03 15,1,7
2011/11/03 16,1,14
2011/11/03 17,1,14
2011/11/03 18,1,11
2011/11/03 19,1,22
2011/11/03 20,1,17
2011/11/03 21,1,22
2011/11/03 22,1,13
2011/11/03 23,2,37
2011/11/04 00,2,38
2011/11/04 01,1,40
2011/11/04 02,2,35
2011/11/04 03,2,30
2011/11/04 04,2,7
2011/11/04 05,2,21
2011/11/04 06,2,12
2011/11/04 07,1,3
2011/11/04 08,1,5
2011/11/04 15,2,4
2011/11/04 16,2,30
2011/11/04 17,3,48
2011/11/04 18,2,44
2011/11/04 19,2,28
2011/11/04 20,2,9
2011/11/04 21,1,121
2011/11/04 22,1,83
2011/11/04 23,1,97
2011/11/05 00,2,137
2011/11/05 01,4,121
2011/11/05 02,4,130
2011/11/05 03,5,133
2011/11/05 04,5,221
2011/11/05 05,7,342
2011/11/05 06,6,158
2011/11/05 07,4,105
2011/11/05 08,3,99
2011/11/05 09,2,88
2011/11/05 10,1,24
2011/11/05 12,1,1
2011/11/05 14,1,3
2011/11/05 15,1,6
2011/11/05 16,2,19
2011/11/05 17,2,30
2011/11/05 18,2,42
2011/11/05 19,2,41
2011/11/05 20,1,23
2011/11/05 21,1,32
2011/11/05 22,1,33
2011/11/05 23,2,27
2011/11/06 00,3,55
2011/11/06 01,1,43
2011/11/06 02,1,34
2011/11/06 03,1,2
2011/11/06 04,1,2
2011/11/06 05,1,3
2011/11/06 06,1,2
2011/11/06 16,1,8
2011/11/06 17,3,24
2011/11/06 18,2,37
2011/11/06 19,1,21
2011/11/06 20,1,10
2011/11/06 21,1,6
2011/11/07 00,1,23
2011/11/07 01,2,51
2011/11/07 02,2,55
2011/11/07 03,2,50
2011/11/07 04,5,69
2011/11/07 05,4,91
2011/11/07 06,2,55
2011/11/07 07,1,28
2011/11/07 13,1,4
2011/11/07 14,1,13
2011/11/07 15,1,12
2011/11/07 17,1,22
2011/11/07 18,3,47
2011/11/07 19,2,54
2011/11/07 20,2,19
2011/11/07 21,2,36
2011/11/07 22,2,63
2011/11/07 23,3,47
2011/11/08 00,2,37
2011/11/08 01,3,39
2011/11/08 02,4,49
2011/11/08 03,3,48
2011/11/08 04,2,41
2011/11/08 05,2,7
2011/11/08 06,3,19
2011/11/08 07,1,37
2011/11/08 22,1,5
2011/11/08 23,1,4
2011/11/09 00,1,1
2011/11/09 01,1,1
2011/11/09 02,2,6
2011/11/09 03,2,11
2011/11/09 04,2,11
2011/11/09 05,3,53
2011/11/09 06,2,19
2011/11/09 07,2,5
2011/11/09 08,2,4
2011/11/09 20,1,1
2011/11/09 21,1,2
2011/11/10 02,1,6
2011/11/10 03,1,4
2011/11/10 04,1,1
2011/11/10 05,1,5
2011/11/10 06,2,11
2011/11/10 07,2,8
2011/11/10 11,1,9
2011/11/10 12,1,13
2011/11/10 13,1,11
2011/11/11 02,1,6
2011/11/11 03,1,8
2011/11/11 05,1,118
2011/11/11 06,1,147
2011/11/11 07,1,159
2011/11/11 08,1,145
2011/11/11 09,1,3
2011/11/11 10,1,3
2011/11/11 17,1,1
2011/11/11 20,1,186
2011/11/11 22,1,3
2011/11/11 23,2,9
2011/11/12 00,2,50
2011/11/12 01,2,82
2011/11/12 02,3,85
2011/11/12 03,3,86
2011/11/12 04,4,101
2011/11/12 05,4,107
2011/11/12 06,4,82
2011/11/12 07,3,75
2011/11/12 08,1,32
2011/11/12 09,1,29
2011/11/12 22,1,35
2011/11/12 23,2,106
2011/11/13 00,3,175
2011/11/13 01,2,230
2011/11/13 02,2,280
2011/11/13 03,2,256
2011/11/13 04,2,218
2011/11/13 16,1,3
2011/11/13 21,1,2838
2011/11/13 22,1,2944
2011/11/14 02,1,1
2011/11/14 03,1,2
2011/11/14 04,1,3
2011/11/14 05,1,3
2011/11/15 01,1,1
2011/11/15 05,1,19
2011/11/15 06,1,15
2011/11/16 00,1,14
2011/11/16 01,1,16
2011/11/16 02,1,26
2011/11/16 03,1,22
2011/11/16 04,1,9
2011/11/18 02,1,143
2011/11/18 03,1,161
2011/11/18 04,1,179
2011/11/18 05,1,173
2011/11/18 06,1,141
2011/11/18 19,1,3
2011/11/18 20,1,6
2011/11/18 21,1,8
2011/11/18 23,1,5
2011/11/19 00,1,9
2011/11/19 01,2,25
2011/11/19 02,2,167
2011/11/19 03,2,129
2011/11/19 17,1,7
2011/11/19 18,1,4
2011/11/19 19,1,7
2011/11/19 21,1,1
2011/11/19 22,2,22
2011/11/19 23,2,29
2011/11/20 00,2,29
2011/11/20 01,3,37
2011/11/20 02,4,93
2011/11/20 03,4,133
2011/11/20 04,4,129
2011/11/20 05,3,150
2011/11/20 06,2,28
2011/11/20 07,3,30
2011/11/20 08,3,33
2011/11/20 09,2,28
2011/11/20 10,1,16
2011/11/20 11,1,16
2011/11/20 12,1,15
2011/11/20 13,1,14
2011/11/20 14,1,15
2011/11/20 20,1,5
2011/11/20 21,1,2
2011/11/21 00,3,6
2011/11/21 01,4,16
2011/11/21 02,5,20
2011/11/21 03,3,16
2011/11/21 04,3,16
2011/11/21 05,3,9
2011/11/21 06,2,5
2011/11/21 07,1,4
2011/11/21 19,1,4
2011/11/21 20,1,6
2011/11/21 21,1,9
2011/11/21 22,1,9
2011/11/22 00,1,1
2011/11/22 01,1,1
2011/11/22 03,1,90
2011/11/22 04,2,123
2011/11/22 05,3,129
2011/11/22 06,2,103
2011/11/22 07,1,64
2011/11/22 08,1,51
2011/11/22 12,1,44
2011/11/22 22,1,3
2011/11/22 23,1,1
2011/11/23 00,1,23
2011/11/23 01,1,33
2011/11/23 02,1,36
2011/11/23 03,1,32
2011/11/23 04,1,35
2011/11/23 10,1,2
2011/11/23 22,1,9
2011/11/23 23,1,13
2011/11/24 00,1,13
2011/11/24 01,1,9
2011/11/24 03,1,80
2011/11/24 04,1,106
2011/11/24 05,2,91
2011/11/24 06,2,82
2011/11/24 07,1,12
2011/11/24 08,1,13
2011/11/24 09,1,18
2011/11/24 22,1,3
2011/11/24 23,1,4
2011/11/25 00,1,3
2011/11/25 22,1,6
2011/11/25 23,2,16
2011/11/26 00,3,21
2011/11/26 01,2,17
2011/11/26 02,2,18
2011/11/26 03,1,12
2011/11/26 04,1,4
2011/11/26 05,1,3
2011/11/26 06,1,6
2011/11/26 07,2,11
2011/11/26 08,2,13
2011/11/26 09,1,4
2011/11/26 10,1,3
2011/11/26 22,1,4
2011/11/26 23,2,11
2011/11/27 00,2,15
2011/11/27 01,1,14
2011/11/27 02,1,2
2011/11/27 03,1,2
2011/11/27 04,2,41
2011/11/27 05,2,44
2011/11/27 06,1,11
2011/11/27 07,1,14
2011/11/27 08,1,15
2011/11/27 09,2,14
2011/11/27 10,2,15
2011/11/27 20,1,5
2011/11/27 21,2,9
2011/11/27 22,2,4
2011/11/27 23,2,4
2011/11/28 00,2,10
2011/11/28 01,1,2
2011/11/28 02,1,1
2011/11/28 03,1,10
2011/11/28 04,1,10
2011/11/28 05,2,17
2011/11/28 06,3,24
2011/11/28 07,2,13
2011/11/28 22,1,4
2011/11/29 01,2,6
2011/11/29 02,2,12
2011/11/29 03,3,12
2011/11/29 04,2,21
2011/11/29 05,2,23
2011/11/29 06,1,11
2011/11/30 03,1,1
2011/11/30 04,1,1
2011/11/30 09,1,1
2011/11/30 21,1,7
2011/11/30 22,1,7
2011/12/01 03,1,1
2011/12/01 05,2,6
2011/12/01 06,2,10
2011/12/01 07,1,4
2011/12/01 18,1,6
2011/12/01 21,1,12
2011/12/01 23,1,6
2011/12/02 02,1,215
2011/12/02 03,1,339
2011/12/02 04,1,321
2011/12/02 05,1,299
2011/12/02 06,1,265
2011/12/02 07,1,229
2011/12/02 18,1,14
2011/12/02 19,1,26
2011/12/02 20,1,42
2011/12/02 21,1,41
2011/12/02 22,1,60
2011/12/02 23,1,69
2011/12/03 00,2,100
2011/12/03 01,2,106
2011/12/03 02,1,87
2011/12/03 03,1,85
2011/12/03 04,1,83
2011/12/03 05,1,38
2011/12/03 06,1,53
2011/12/03 09,1,3
2011/12/03 10,1,8
2011/12/03 11,1,9
2011/12/03 14,1,28
2011/12/03 15,1,63
2011/12/03 16,1,75
2011/12/03 17,1,85
2011/12/03 18,1,113
2011/12/03 19,1,108
2011/12/03 20,1,101
2011/12/03 21,2,110
2011/12/03 22,1,101
2011/12/03 23,2,95
2011/12/04 00,2,28
2011/12/04 01,1,18
2011/12/04 02,1,9
2011/12/04 04,1,1
2011/12/04 05,1,5
2011/12/04 06,1,5
2011/12/04 07,2,12
2011/12/04 08,2,28
2011/12/04 09,2,31
2011/12/04 10,2,27
2011/12/04 14,1,23
2011/12/04 15,1,56
2011/12/04 16,1,85
2011/12/04 17,1,101
2011/12/04 18,1,127
2011/12/04 19,1,125
2011/12/04 20,1,135
2011/12/04 21,2,157
2011/12/04 22,3,211
2011/12/04 23,3,221
2011/12/05 00,3,214
2011/12/05 01,2,47
2011/12/05 02,2,21
2011/12/05 03,3,38
2011/12/05 04,3,37
2011/12/05 05,2,16
2011/12/05 06,1,8
2011/12/05 22,1,8
2011/12/05 23,1,13
2011/12/06 00,1,15
2011/12/06 01,2,18
2011/12/06 02,1,12
2011/12/06 03,1,11
2011/12/06 04,2,12
2011/12/06 05,2,20
2011/12/06 06,3,21
2011/12/06 07,2,20
2011/12/06 08,1,17
2011/12/06 09,1,19
2011/12/06 10,1,19
2011/12/07 06,1,2
2011/12/07 07,1,4
2011/12/07 08,1,2
2011/12/07 09,1,4
2011/12/08 01,2,6
2011/12/08 02,2,15
2011/12/08 03,3,20
2011/12/08 04,4,33
2011/12/08 05,4,37
2011/12/08 06,3,29
2011/12/08 07,2,16
2011/12/08 08,1,1
2011/12/08 15,1,1
2011/12/08 20,1,1
2011/12/08 21,1,2
2011/12/08 22,1,2
2011/12/08 23,2,9
2011/12/09 00,2,19
2011/12/09 01,2,12
2011/12/09 02,4,277
2011/12/09 03,3,161
2011/12/09 04,3,182
2011/12/09 05,4,191
2011/12/09 06,3,156
2011/12/09 07,3,155
2011/12/09 08,3,19
2011/12/09 09,2,25
2011/12/09 10,1,13
2011/12/09 21,1,8
2011/12/09 22,2,17
2011/12/09 23,2,19
2011/12/10 00,4,38
2011/12/10 01,5,51
2011/12/10 02,6,54
2011/12/10 03,4,41
2011/12/10 04,5,43
2011/12/10 05,3,40
2011/12/10 06,2,29
2011/12/10 07,1,14
2011/12/10 08,1,2
2011/12/10 21,1,25
2011/12/10 22,2,36
2011/12/10 23,2,31
2011/12/11 00,2,14
2011/12/11 04,1,2
2011/12/11 05,1,8
2011/12/11 06,1,8
2011/12/11 07,2,13
2011/12/11 08,1,10
2011/12/11 09,1,10
2011/12/11 18,1,0
2011/12/11 22,1,17
2011/12/11 23,1,17
2011/12/12 00,1,2
2011/12/12 01,1,15
2011/12/12 02,1,32
2011/12/12 03,1,27
2011/12/12 04,1,24
2011/12/12 05,1,25
2011/12/12 06,1,20
2011/12/12 07,1,3
2011/12/12 15,2,5
2011/12/12 16,2,11
2011/12/12 17,2,24
2011/12/12 18,2,25
2011/12/12 19,2,27
2011/12/12 20,2,26
2011/12/12 21,1,16
2011/12/13 00,1,8
2011/12/13 01,1,20
2011/12/13 02,2,25
2011/12/13 03,2,118
2011/12/13 04,2,161
2011/12/13 05,3,144
2011/12/13 06,4,188
2011/12/13 07,4,292
2011/12/13 08,3,208
2011/12/13 09,1,15
2011/12/13 13,1,1
2011/12/13 14,1,23
2011/12/13 15,1,13
2011/12/13 20,1,3
2011/12/13 21,1,6
2011/12/13 22,2,17
2011/12/13 23,2,27
2011/12/14 00,1,23
2011/12/14 01,1,27
2011/12/14 02,1,33
2011/12/14 03,1,36
2011/12/14 04,2,37
2011/12/14 05,2,32
2011/12/14 06,2,28
2011/12/14 07,2,30
2011/12/14 23,1,2
2011/12/15 00,1,15
2011/12/15 01,1,8
2011/12/15 02,1,27
2011/12/15 03,2,39
2011/12/15 04,2,52
2011/12/15 05,2,47
2011/12/15 06,2,37
2011/12/15 21,1,1
2011/12/15 23,1,18
2011/12/16 00,1,21
2011/12/16 01,2,38
2011/12/16 02,1,38
2011/12/16 04,2,4
2011/12/16 05,2,78
2011/12/16 06,2,105
2011/12/16 07,2,86
2011/12/16 08,1,28
2011/12/16 09,1,28
2011/12/16 10,1,32
2011/12/16 11,1,24
2011/12/16 17,1,11
2011/12/16 18,1,13
2011/12/16 19,1,17
2011/12/16 20,1,23
2011/12/16 21,1,29
2011/12/16 22,1,23
2011/12/16 23,2,295
2011/12/17 00,4,341
2011/12/17 01,3,39
2011/12/17 02,3,54
2011/12/17 03,4,55
2011/12/17 04,2,30
2011/12/17 05,2,45
2011/12/17 06,4,105
2011/12/17 07,2,62
2011/12/17 08,2,61
2011/12/17 09,1,45
2011/12/17 18,1,24
2011/12/17 21,1,11
2011/12/17 22,3,1570
2011/12/17 23,3,2280
2011/12/18 00,3,1977
2011/12/18 01,2,1691
2011/12/18 02,2,9
2011/12/18 03,2,7
2011/12/18 06,1,13
2011/12/18 07,1,22
2011/12/18 08,1,30
2011/12/18 09,1,24
2011/12/18 10,1,23
2011/12/18 11,2,50
2011/12/18 12,1,27
2011/12/18 16,1,34
2011/12/18 17,1,49
2011/12/18 18,1,55
2011/12/18 19,1,68
2011/12/18 20,2,82
2011/12/18 21,2,78
2011/12/18 22,1,76
2011/12/18 23,2,71
2011/12/19 00,2,78
2011/12/19 01,2,3
2011/12/19 02,1,12
2011/12/19 03,3,36
2011/12/19 04,3,35
2011/12/19 05,1,25
2011/12/19 06,2,25
2011/12/19 07,1,3
2011/12/19 08,3,14
2011/12/19 09,2,13
2011/12/19 10,1,2
2011/12/19 19,1,1
2011/12/19 20,2,10
2011/12/19 21,1,11
2011/12/19 22,1,43
2011/12/19 23,1,38
2011/12/20 00,1,3
2011/12/20 01,2,6
2011/12/20 02,2,4
2011/12/20 03,2,15
2011/12/20 04,4,57
2011/12/20 05,4,82
2011/12/20 06,3,59
2011/12/20 07,2,32
2011/12/20 08,2,12
2011/12/20 09,2,20
2011/12/20 10,2,29
2011/12/20 15,1,1
2011/12/20 21,2,22
2011/12/20 22,2,28
2011/12/20 23,2,30
2011/12/21 00,2,38
2011/12/21 01,2,42
2011/12/21 02,2,47
2011/12/21 03,2,39
2011/12/21 04,3,53
2011/12/21 05,2,50
2011/12/21 06,1,35
2011/12/21 07,1,38
2011/12/21 08,2,30
2011/12/21 09,2,19
2011/12/21 10,1,3
2011/12/21 17,1,2
2011/12/21 20,1,20
2011/12/21 21,1,21
2011/12/21 22,1,27
2011/12/21 23,1,0
2011/12/22 00,1,10
2011/12/22 01,2,33
2011/12/22 02,1,29
2011/12/22 03,2,41
2011/12/22 04,1,38
2011/12/22 05,5,87
2011/12/22 06,3,74
2011/12/22 07,3,77
2011/12/22 08,4,62
2011/12/22 09,3,38
2011/12/22 10,1,3
2011/12/22 22,1,15
2011/12/22 23,1,26
2011/12/23 00,1,27
2011/12/23 01,1,30
2011/12/23 02,2,93
2011/12/23 03,1,138
2011/12/23 04,3,165
2011/12/23 05,4,168
2011/12/23 06,3,174
2011/12/23 07,2,149
2011/12/23 08,1,21
2011/12/23 23,1,23
2011/12/24 00,1,33
2011/12/24 01,1,21
2011/12/24 02,1,29
2011/12/24 03,2,36
2011/12/24 04,2,47
2011/12/24 05,4,80
2011/12/24 06,4,90
2011/12/24 07,3,86
2011/12/24 08,2,52
2011/12/24 09,2,23
2011/12/24 10,1,4
2011/12/24 11,1,4
2011/12/24 17,1,1
2011/12/24 18,1,17
2011/12/24 19,1,25
2011/12/24 20,1,32
2011/12/24 21,2,40
2011/12/24 22,2,38
2011/12/24 23,1,27
2011/12/25 00,2,125
2011/12/25 01,2,129
2011/12/25 04,1,2
2011/12/25 05,2,24
2011/12/25 06,1,35
2011/12/25 07,1,42
2011/12/25 08,1,49
2011/12/25 09,1,42
2011/12/25 10,1,41
2011/12/25 11,1,29
2011/12/25 20,1,2
2011/12/25 23,2,26
2011/12/26 00,1,40
2011/12/26 01,1,38
2011/12/26 03,1,20
2011/12/26 04,2,30
2011/12/26 05,2,39
2011/12/26 06,2,41
2011/12/26 07,3,59
2011/12/26 08,2,32
2011/12/26 15,1,12
2011/12/26 16,1,12
2011/12/26 18,1,19
2011/12/26 19,1,18
2011/12/26 21,1,2
2011/12/26 22,1,2
2011/12/26 23,2,11
2011/12/27 00,1,7
2011/12/27 01,1,4
2011/12/27 02,1,13
2011/12/27 03,1,15
2011/12/27 04,1,20
2011/12/27 05,2,25
2011/12/27 06,3,33
2011/12/27 07,4,59
2011/12/27 08,4,63
2011/12/27 09,2,62
2011/12/27 10,3,51
2011/12/27 11,1,6
2011/12/27 12,1,5
2011/12/27 13,1,6
2011/12/27 14,1,6
2011/12/27 21,2,2
2011/12/27 22,2,37
2011/12/27 23,2,9
2011/12/28 00,3,10
2011/12/28 01,4,20
2011/12/28 02,3,21
2011/12/28 03,4,42
2011/12/28 04,3,39
2011/12/28 05,2,27
2011/12/28 06,2,41
2011/12/28 07,3,47
2011/12/28 08,2,72
2011/12/28 09,1,56
2011/12/28 10,1,62
2011/12/28 11,1,60
2011/12/28 12,1,26
2011/12/28 13,1,1
2011/12/28 19,1,9
2011/12/28 20,3,30
2011/12/28 21,3,38
2011/12/28 22,4,42
2011/12/28 23,4,92
2011/12/29 00,4,63
2011/12/29 01,1,23
2011/12/29 02,3,24
2011/12/29 03,3,52
2011/12/29 04,3,89
2011/12/29 05,3,101
2011/12/29 06,2,32
2011/12/29 07,2,41
2011/12/29 08,1,28
2011/12/29 09,1,29
2011/12/29 10,1,30
2011/12/29 11,1,25
2011/12/29 18,2,4
2011/12/29 19,1,5
2011/12/29 23,1,0
2011/12/30 00,1,1
2011/12/30 01,1,21
2011/12/30 02,2,77
2011/12/30 03,4,122
2011/12/30 04,4,133
2011/12/30 05,3,140
2011/12/30 06,2,156
2011/12/30 07,1,68
2011/12/30 08,1,42
2011/12/30 19,1,6
2011/12/30 20,2,4
2011/12/30 21,1,3
2011/12/30 22,1,6
2011/12/30 23,1,5
2011/12/31 00,2,7
2011/12/31 01,3,54
2011/12/31 02,3,62
2011/12/31 03,2,13
2011/12/31 06,2,160
2011/12/31 07,2,58
2011/12/31 08,2,63
2011/12/31 09,3,54
2011/12/31 10,1,7
2011/12/31 16,1,33
2011/12/31 17,1,48
2011/12/31 23,1,39
2012/01/01 00,2,51
2012/01/01 01,3,100
2012/01/01 02,2,26
2012/01/01 03,3,37
2012/01/01 04,3,31
2012/01/01 05,2,35
2012/01/01 06,1,29
2012/01/01 07,1,23
2012/01/01 20,1,0
2012/01/01 21,1,15
2012/01/01 22,1,48
2012/01/01 23,2,150
2012/01/02 00,2,178
2012/01/02 01,2,216
2012/01/02 02,3,290
2012/01/02 03,2,235
2012/01/02 04,2,184
2012/01/02 05,3,186
2012/01/02 06,5,235
2012/01/02 07,5,100
2012/01/02 08,1,3
2012/01/02 09,1,18
2012/01/02 10,1,12
2012/01/02 21,1,98
2012/01/02 22,3,245
2012/01/02 23,2,189
2012/01/03 00,3,133
2012/01/03 01,3,63
2012/01/03 02,3,85
2012/01/03 03,3,45
2012/01/03 04,2,29
2012/01/03 05,1,8
2012/01/03 06,1,15
2012/01/03 07,1,15
2012/01/03 08,1,33
2012/01/03 09,1,15
2012/01/03 15,1,19
2012/01/03 16,1,25
2012/01/03 17,1,27
2012/01/03 18,1,39
2012/01/03 19,1,45
2012/01/03 20,1,39
2012/01/03 21,1,35
2012/01/03 22,2,36
2012/01/03 23,2,43
2012/01/04 00,1,38
2012/01/04 02,1,2
2012/01/04 03,1,165
2012/01/04 04,3,87
2012/01/04 05,2,96
2012/01/04 06,3,115
2012/01/04 07,1,27
2012/01/04 11,1,18
2012/01/04 12,1,18
2012/01/04 13,1,14
2012/01/04 14,1,21
2012/01/04 21,1,1
2012/01/04 22,1,22
2012/01/04 23,1,11
2012/01/05 00,2,223
2012/01/05 01,3,84
2012/01/05 02,3,73
2012/01/05 03,3,131
2012/01/05 04,3,184
2012/01/05 05,4,164
2012/01/05 06,2,31
2012/01/05 07,2,25
2012/01/05 08,3,25
2012/01/05 09,3,41
2012/01/05 10,1,31
2012/01/05 11,1,44
2012/01/05 12,2,57
2012/01/05 13,2,63
2012/01/05 14,2,56
2012/01/05 15,1,36
2012/01/05 16,2,61
2012/01/05 17,2,62
2012/01/05 18,2,69
2012/01/05 19,2,76
2012/01/05 20,2,73
2012/01/05 21,1,63
2012/01/05 22,1,65
2012/01/05 23,1,64
2012/01/06 00,1,0
2012/01/06 01,2,8
2012/01/06 02,3,220
2012/01/06 03,3,141
2012/01/06 04,2,182
2012/01/06 05,2,221
2012/01/06 06,4,230
2012/01/06 07,4,234
2012/01/06 08,2,24
2012/01/06 09,2,23
2012/01/06 10,1,8
2012/01/06 11,1,4
2012/01/06 16,1,26
2012/01/06 17,1,30
2012/01/06 18,1,29
2012/01/06 19,1,34
2012/01/06 20,1,47
2012/01/06 21,2,61
2012/01/06 22,3,147
2012/01/06 23,4,351
2012/01/07 00,2,358
2012/01/07 01,2,372
2012/01/07 02,2,357
2012/01/07 03,2,321
2012/01/07 04,4,340
2012/01/07 05,4,307
2012/01/07 06,2,238
2012/01/07 07,2,227
2012/01/07 08,3,275
2012/01/07 09,2,496
2012/01/07 10,1,687
2012/01/07 11,2,789
2012/01/07 12,2,822
2012/01/07 19,1,420
2012/01/07 20,2,623
2012/01/07 21,2,864
2012/01/07 22,2,802
2012/01/07 23,2,845
2012/01/08 00,3,839
2012/01/08 01,4,2244
2012/01/08 02,5,2455
2012/01/08 03,5,2634
2012/01/08 05,2,197
2012/01/08 06,2,147
2012/01/08 07,2,209
2012/01/08 08,2,264
2012/01/08 09,1,14
2012/01/08 10,1,8
2012/01/08 11,2,225
2012/01/08 12,2,453
2012/01/08 13,1,556
2012/01/08 14,1,592
2012/01/08 15,2,598
2012/01/08 16,2,421
2012/01/08 17,1,380
2012/01/08 18,1,370
2012/01/08 19,1,419
2012/01/08 20,2,427
2012/01/08 21,2,418
2012/01/08 22,3,465
2012/01/08 23,2,420
2012/01/09 00,4,237
2012/01/09 01,3,29
2012/01/09 02,3,32
2012/01/09 03,2,16
2012/01/09 07,1,1
2012/01/09 08,1,3
2012/01/09 09,1,3
2012/01/09 10,1,4
