2011/09/30 23,1,1
2011/10/02 23,1,0
2011/10/03 09,1,1
2011/10/03 10,1,0
2011/10/06 23,1,14
2011/10/07 00,1,14
2011/10/07 01,1,12
2011/10/07 02,1,8
2011/10/17 00,1,0
2011/10/17 01,1,0
2011/10/17 02,1,0
2011/10/19 01,1,1
2011/10/19 02,1,1
2011/10/19 03,1,0
2011/10/20 16,1,2
2011/10/20 17,1,2
2011/10/23 07,1,1
2011/10/23 22,1,1
2011/10/23 23,1,1
2011/10/24 01,1,0
2011/10/24 02,1,0
2011/10/24 20,1,0
2011/10/24 21,1,2
2011/10/24 22,1,0
2011/10/25 20,1,2
2011/10/25 21,1,3
2011/10/29 00,1,1
2011/11/06 05,1,3
2011/11/06 06,1,3
2011/11/07 02,1,196
2011/11/07 03,1,317
2011/11/07 04,1,356
2011/11/07 05,1,362
2011/11/19 03,1,1
2011/11/19 04,1,1
2011/11/23 15,1,2
2011/11/23 16,1,3
2011/11/23 17,1,4
2011/11/23 18,1,4
2011/11/29 09,1,0
2011/11/29 10,1,0
2011/11/30 05,1,3
2011/11/30 06,1,1
2011/11/30 22,1,2
2011/11/30 23,1,4
2011/12/02 03,1,0
2011/12/02 09,1,0
2011/12/06 22,1,1
2011/12/06 23,1,2
2011/12/08 03,1,1
2011/12/08 13,1,1
2011/12/08 14,1,1
2011/12/09 01,1,0
2011/12/09 03,1,1
2011/12/09 14,1,3
2011/12/10 19,1,1
2011/12/10 20,1,3
2011/12/10 23,1,0
2011/12/11 16,1,1
2011/12/11 20,1,1
2012/01/01 14,1,2
