2011/09/30 23,1,1
2011/10/01 00,1,1
2011/10/01 01,1,2
2011/10/01 15,1,2
2011/10/01 16,1,2
2011/10/01 18,1,3
2011/10/01 19,1,4
2011/10/02 02,1,2
2011/10/02 03,1,2
2011/10/02 23,1,4
2011/10/03 00,2,8
2011/10/03 01,2,9
2011/10/03 02,1,8
2011/10/03 16,1,2
2011/10/03 17,1,10
2011/10/03 18,1,7
2011/10/04 05,1,1
2011/10/04 06,1,4
2011/10/04 07,1,5
2011/10/04 08,1,4
2011/10/04 09,1,4
2011/10/04 15,1,3
2011/10/04 21,2,5
2011/10/04 22,3,10
2011/10/04 23,2,9
2011/10/05 00,1,4
2011/10/05 01,1,4
2011/10/05 11,1,1
2011/10/05 12,1,9
2011/10/05 13,1,9
2011/10/05 14,2,5
2011/10/05 15,2,4
2011/10/05 16,1,2
2011/10/05 17,1,0
2011/10/05 19,1,17
2011/10/05 20,1,19
2011/10/06 06,1,3
2011/10/06 07,1,106
2011/10/06 19,1,3
2011/10/06 20,1,3
2011/10/06 22,1,6
2011/10/06 23,1,11
2011/10/07 00,1,7
2011/10/07 01,1,5
2011/10/07 14,1,0
2011/10/07 15,1,0
2011/10/07 22,1,3
2011/10/08 13,1,1
2011/10/09 15,1,2
2011/10/09 16,1,6
2011/10/09 17,1,7
2011/10/09 18,1,5
2011/10/09 19,1,6
2011/10/09 20,1,4
2011/10/10 01,1,5
2011/10/10 02,1,4
2011/10/10 03,1,2
2011/10/10 16,1,4
2011/10/11 00,1,0
2011/10/11 01,1,0
2011/10/11 03,1,1
2011/10/11 04,1,3
2011/10/12 15,1,1
2011/10/12 16,1,1
2011/10/13 01,1,2
2011/10/13 13,1,1
2011/10/13 14,1,4
2011/10/13 15,1,6
2011/10/13 16,1,7
2011/10/13 17,1,8
2011/10/13 18,1,4
2011/10/13 19,1,2
2011/10/14 11,1,9
2011/10/14 12,1,7
2011/10/14 13,1,5
2011/10/14 14,1,5
2011/10/14 15,1,2
2011/10/14 16,1,2
2011/10/15 05,1,15
2011/10/15 06,1,195
2011/10/15 07,1,274
2011/10/16 02,1,3
2011/10/16 03,1,8
2011/10/16 04,1,5
2011/10/16 05,1,6
2011/10/16 06,1,6
2011/10/16 08,1,1
2011/10/17 00,1,4
2011/10/17 01,1,7
2011/10/17 02,1,7
2011/10/17 03,1,8
2011/10/17 04,2,9
2011/10/17 05,1,8
2011/10/17 06,1,15
2011/10/17 17,1,2
2011/10/17 18,1,1
2011/10/17 20,1,4
2011/10/17 21,2,7
2011/10/17 22,1,6
2011/10/17 23,1,6
2011/10/18 00,1,5
2011/10/19 22,1,1
2011/10/20 01,1,1
2011/10/20 02,1,2
2011/10/20 03,1,4
2011/10/20 04,1,4
2011/10/20 05,1,4
2011/10/20 06,1,9
2011/10/20 07,1,7
2011/10/21 00,1,4
2011/10/21 01,1,5
2011/10/21 02,1,8
2011/10/21 03,1,5
2011/10/21 04,1,6
2011/10/21 12,1,1
2011/10/22 03,1,14
2011/10/22 04,1,11
2011/10/22 05,1,5
2011/10/22 06,1,5
2011/10/22 12,1,2
2011/10/22 13,1,0
2011/10/22 14,1,0
2011/10/23 03,1,6
2011/10/23 04,1,5
2011/10/23 06,1,1
2011/10/23 07,1,2
2011/10/23 08,1,6
2011/10/23 09,1,12
2011/10/23 10,2,17
2011/10/23 11,1,1
2011/10/23 12,1,1
2011/10/24 20,1,2
2011/10/25 01,1,10
2011/10/25 02,1,10
2011/10/25 03,1,11
2011/10/25 04,1,7
2011/10/25 05,1,12
2011/10/25 18,2,12
2011/10/25 19,1,20
2011/10/25 20,2,23
2011/10/25 21,2,12
2011/10/25 22,2,11
2011/10/25 23,1,6
2011/10/26 00,1,4
2011/10/26 01,1,7
2011/10/26 02,1,9
2011/10/26 03,1,11
2011/10/26 04,1,9
2011/10/26 05,1,6
2011/10/26 10,1,0
2011/10/26 11,1,0
2011/10/26 15,1,0
2011/10/27 03,1,3
2011/10/27 04,1,5
2011/10/27 05,1,7
2011/10/27 06,1,2
2011/10/27 11,1,0
2011/10/27 12,1,0
2011/10/27 20,1,3
2011/10/27 21,1,5
2011/10/27 22,1,10
2011/10/27 23,1,8
2011/10/28 10,1,0
2011/10/28 11,1,0
2011/10/28 13,1,0
2011/10/28 14,1,2
2011/10/28 17,1,0
2011/10/29 03,1,2
2011/10/29 04,1,7
2011/10/29 05,1,8
2011/10/29 06,1,9
2011/10/29 07,1,5
2011/10/29 10,1,6
2011/10/29 11,1,6
2011/10/29 18,1,2
2011/10/29 19,1,5
2011/10/29 20,1,5
2011/10/30 05,1,64
2011/10/30 06,1,25
2011/10/30 07,3,21
2011/10/30 08,2,14
2011/10/30 09,1,13
2011/10/30 10,1,12
2011/10/30 13,1,11
2011/10/30 14,1,23
2011/10/30 15,1,32
2011/10/30 16,1,30
2011/10/31 04,1,4
2011/10/31 05,1,5
2011/10/31 06,1,5
2011/10/31 07,1,4
2011/10/31 13,1,11
2011/10/31 14,1,21
2011/11/01 01,1,5
2011/11/01 02,1,4
2011/11/01 03,1,5
2011/11/01 04,1,7
2011/11/01 12,1,8
2011/11/01 13,1,23
2011/11/05 15,1,0
2011/11/05 20,1,5
2011/11/05 21,1,5
2011/11/05 22,1,5
2011/11/06 04,1,1
2011/11/06 05,1,1
2011/11/06 18,1,10
2011/11/06 19,1,14
2011/11/06 20,1,9
2011/11/06 21,1,7
2011/11/06 22,1,5
2011/11/08 02,1,2
2011/11/08 03,1,5
2011/11/08 04,1,12
2011/11/08 05,1,15
2011/11/08 15,1,0
2011/11/08 20,1,7
2011/11/08 21,1,10
2011/11/08 22,1,6
2011/11/09 00,1,1
2011/11/09 01,1,1
2011/11/11 03,1,6
2011/11/11 04,1,7
2011/11/11 05,1,6
2011/11/11 06,1,5
2011/11/12 02,1,1
2011/11/12 14,1,20
2011/11/12 15,1,21
2011/11/13 04,1,1
2011/11/13 05,1,10
2011/11/13 06,1,10
2011/11/13 07,1,13
2011/11/13 21,1,4
2011/11/13 22,1,6
2011/11/13 23,1,11
2011/11/15 00,1,2
2011/11/15 01,1,5
2011/11/15 02,1,4
2011/11/16 02,1,3
2011/11/16 03,1,7
2011/11/16 04,1,4
2011/11/17 04,1,1
2011/11/17 05,1,3
2011/11/17 15,1,6
2011/11/17 16,1,21
2011/11/17 17,1,20
2011/11/17 18,1,18
2011/11/18 02,1,9
2011/11/18 03,1,10
2011/11/18 04,1,9
2011/11/19 00,1,2
2011/11/19 01,1,6
2011/11/19 02,1,10
2011/11/19 03,1,15
2011/11/19 04,1,12
2011/11/20 09,1,1
2011/11/20 22,1,1
2011/11/20 23,1,1
2011/11/22 03,1,3
2011/11/22 04,1,3
2011/11/22 18,1,28
2011/11/22 19,1,25
2011/11/22 20,1,18
2011/11/22 21,1,11
2011/11/23 00,1,7
2011/11/23 01,1,3
2011/11/23 02,1,4
2011/11/23 03,1,4
2011/11/23 17,1,1
2011/11/23 18,1,2
2011/11/24 16,1,2
2011/11/24 17,1,16
2011/11/24 18,1,14
2011/11/24 19,1,11
2011/11/24 20,2,16
2011/11/24 21,2,16
2011/11/24 23,1,2
2011/11/25 00,1,2
2011/11/25 02,1,1
2011/11/25 03,1,4
2011/11/25 04,1,3
2011/11/25 05,1,4
2011/11/25 07,1,1
2011/11/26 03,1,0
2011/11/26 04,1,9
2011/11/26 05,1,7
2011/11/26 06,1,9
2011/11/26 07,1,8
2011/11/26 08,1,5
2011/11/27 05,1,3
2011/11/27 06,1,3
2011/11/27 07,1,3
2011/11/27 08,1,3
2011/11/27 17,1,2
2011/11/27 18,1,8
2011/11/27 19,2,18
2011/11/27 20,2,20
2011/11/27 21,2,12
2011/11/30 02,2,2
2011/11/30 18,2,3
2011/11/30 19,1,5
2011/11/30 20,1,4
2011/11/30 21,3,12
2011/11/30 22,2,24
2011/11/30 23,2,11
2011/12/02 07,1,0
2011/12/02 08,1,0
2011/12/02 22,1,1
2011/12/03 05,1,4
2011/12/03 06,1,7
2011/12/03 07,1,7
2011/12/03 08,1,6
2011/12/03 09,1,3
2011/12/04 00,1,1
2011/12/04 01,1,2
2011/12/04 06,1,1
2011/12/04 07,1,1
2011/12/04 08,1,1
2011/12/04 16,1,4
2011/12/04 17,1,17
2011/12/04 18,1,22
2011/12/04 19,1,12
2011/12/04 20,1,23
2011/12/04 21,1,16
2011/12/04 22,1,5
2011/12/05 03,1,1
2011/12/05 04,1,3
2011/12/05 05,1,2
2011/12/06 16,1,2
2011/12/06 17,1,4
2011/12/06 22,1,1
2011/12/06 23,1,2
2011/12/07 21,2,1
2011/12/07 23,1,10
2011/12/08 00,2,14
2011/12/08 01,2,7
2011/12/08 02,2,10
2011/12/08 03,1,4
2011/12/08 05,1,1
2011/12/08 06,1,4
2011/12/08 07,1,5
2011/12/08 08,1,1
2011/12/08 19,1,1
2011/12/09 16,1,1
2011/12/10 05,1,0
2011/12/10 06,1,5
2011/12/10 07,1,1
2011/12/10 08,1,2
2011/12/10 15,1,1
2011/12/10 19,1,21
2011/12/10 20,1,21
2011/12/10 21,1,18
2011/12/11 00,1,6
2011/12/11 01,1,11
2011/12/11 02,1,11
2011/12/11 03,1,10
2011/12/11 04,1,9
2011/12/11 18,1,2
2011/12/11 19,1,13
2011/12/11 20,1,10
2011/12/11 21,1,17
2011/12/11 22,1,31
2011/12/11 23,1,15
2011/12/12 00,1,7
2011/12/12 01,1,6
2011/12/12 02,1,5
2011/12/12 03,1,4
2011/12/12 05,1,3
2011/12/12 06,1,3
2011/12/12 07,1,3
2011/12/12 08,2,5
2011/12/14 02,1,3
2011/12/14 03,1,6
2011/12/14 04,2,9
2011/12/14 05,2,8
2011/12/14 06,1,5
2011/12/14 07,1,6
2011/12/14 08,1,4
2011/12/15 21,1,14
2011/12/15 22,1,13
2011/12/15 23,1,13
2011/12/16 00,2,62
2011/12/16 01,1,399
2011/12/16 02,1,241
2011/12/16 19,1,1
2011/12/16 20,1,4
2011/12/16 21,1,8
2011/12/16 22,1,8
2011/12/16 23,1,7
2011/12/17 23,1,1
2011/12/18 01,1,1
2011/12/18 02,1,1
2011/12/18 23,1,1
2011/12/19 00,1,1
2011/12/19 19,1,1
2011/12/19 22,1,3
2011/12/19 23,1,3
2011/12/20 00,1,3
2011/12/20 21,1,2
2011/12/20 22,1,3
2011/12/20 23,1,4
2011/12/21 00,1,8
2011/12/23 03,1,3
2011/12/23 04,1,3
2011/12/23 05,1,1
2011/12/23 22,1,9
2011/12/23 23,1,21
2011/12/24 00,1,28
2011/12/24 01,1,13
2011/12/24 02,1,10
2011/12/24 03,1,9
2011/12/25 17,1,0
2011/12/25 18,1,3
2011/12/25 19,1,3
2011/12/25 20,1,3
2011/12/25 21,1,2
2011/12/26 06,1,1
2011/12/26 23,1,5
2011/12/27 00,1,5
2011/12/27 01,1,4
2011/12/27 20,1,0
2011/12/29 22,1,1
2011/12/30 00,1,6
2011/12/30 01,1,3
2011/12/30 23,1,2
2011/12/31 00,1,3
2011/12/31 07,1,1
2011/12/31 08,2,3
2011/12/31 09,1,1
2012/01/01 20,1,0
2012/01/01 21,1,12
2012/01/01 22,1,9
2012/01/01 23,1,13
2012/01/02 00,1,47
2012/01/02 01,1,33
2012/01/02 07,1,1
2012/01/02 08,1,1
2012/01/02 10,1,2
2012/01/02 11,1,1
2012/01/02 12,1,2
2012/01/02 13,1,2
2012/01/02 21,1,1
2012/01/02 22,2,8
2012/01/02 23,2,4
2012/01/03 00,1,3
2012/01/03 02,1,1
2012/01/03 03,1,1
2012/01/03 04,1,1
2012/01/03 06,1,1
2012/01/03 07,1,2
2012/01/04 01,1,25
2012/01/04 02,1,26
2012/01/04 03,1,16
2012/01/04 06,1,0
2012/01/04 09,1,2
2012/01/04 10,1,1
2012/01/04 11,1,1
2012/01/05 06,1,3
2012/01/05 07,1,3
2012/01/05 08,1,2
2012/01/05 09,1,3
2012/01/05 10,1,2
2012/01/05 23,1,1
2012/01/06 00,1,3
2012/01/06 01,1,6
2012/01/06 03,1,1
2012/01/06 04,1,1
2012/01/06 23,1,1
2012/01/07 00,1,2
2012/01/07 01,1,3
2012/01/07 05,1,2
2012/01/07 06,1,3
2012/01/07 07,1,2
2012/01/08 03,1,8
2012/01/08 04,2,4
2012/01/08 05,2,4
2012/01/08 06,2,2
2012/01/08 18,1,3
2012/01/08 19,1,10
2012/01/08 21,1,1
2012/01/08 22,1,1
2012/01/08 23,1,1
2012/01/09 00,1,1
2012/01/09 02,1,1
