2011/09/30 23,1,0
2011/10/01 00,1,0
2011/10/01 01,1,38
2011/10/01 02,1,33
2011/10/01 03,2,30
2011/10/01 04,1,26
2011/10/01 05,1,25
2011/10/01 14,1,0
2011/10/01 15,3,3
2011/10/01 16,1,1
2011/10/01 18,1,0
2011/10/01 19,1,0
2011/10/01 20,1,0
2011/10/02 00,1,0
2011/10/02 14,1,5
2011/10/02 15,1,3
2011/10/02 16,1,2
2011/10/02 17,2,6
2011/10/02 18,1,5
2011/10/02 19,1,3
2011/10/03 00,1,2
2011/10/03 01,1,3
2011/10/03 05,1,1
2011/10/03 22,1,0
2011/10/03 23,1,1
2011/10/04 00,1,1
2011/10/04 01,1,2
2011/10/04 02,1,1
2011/10/04 15,1,2
2011/10/04 16,1,1
2011/10/04 17,1,1
2011/10/04 18,2,3
2011/10/04 19,2,2
2011/10/04 20,1,1
2011/10/04 21,1,1
2011/10/04 22,2,1
2011/10/04 23,2,4
2011/10/05 00,1,1
2011/10/05 03,1,0
2011/10/05 04,1,1
2011/10/05 10,1,1
2011/10/05 14,2,1
2011/10/05 15,1,0
2011/10/05 22,1,3
2011/10/06 13,1,0
2011/10/06 14,1,0
2011/10/06 18,1,2
2011/10/06 19,1,1
2011/10/06 20,2,1
2011/10/06 21,1,2
2011/10/07 00,1,1
2011/10/07 06,1,2
2011/10/07 07,1,1
2011/10/07 08,1,2
2011/10/07 09,1,1
2011/10/07 10,1,1
2011/10/07 11,1,1
2011/10/07 13,1,5
2011/10/07 14,1,5
2011/10/07 16,1,0
2011/10/07 17,1,2
2011/10/07 22,2,5
2011/10/07 23,1,1
2011/10/08 12,1,2
2011/10/08 13,1,2
2011/10/08 20,1,0
2011/10/09 06,1,11
2011/10/09 07,1,6
2011/10/09 10,1,0
2011/10/09 17,1,184
2011/10/09 18,1,188
2011/10/09 19,1,167
2011/10/09 20,2,173
2011/10/09 22,1,2
2011/10/09 23,1,1
2011/10/10 16,1,7
2011/10/10 17,1,5
2011/10/10 21,1,4
2011/10/11 07,1,2
2011/10/11 08,1,1
2011/10/11 13,1,1
2011/10/11 14,1,1
2011/10/11 15,1,2
2011/10/11 16,1,14
2011/10/11 17,1,2
2011/10/11 19,1,6
2011/10/11 20,2,10
2011/10/11 22,1,0
2011/10/11 23,1,2
2011/10/12 00,1,0
2011/10/12 01,1,0
2011/10/12 02,1,1
2011/10/12 06,1,0
2011/10/12 07,1,0
2011/10/12 11,1,6
2011/10/12 12,1,13
2011/10/12 13,1,12
2011/10/12 17,1,0
2011/10/12 19,1,1
2011/10/13 03,2,3
2011/10/13 04,2,21
2011/10/13 05,1,16
2011/10/13 11,1,25
2011/10/13 12,1,78
2011/10/13 13,1,75
2011/10/13 14,2,73
2011/10/13 15,1,1
2011/10/13 17,1,0
2011/10/14 02,1,4
2011/10/14 03,1,0
2011/10/14 04,1,1
2011/10/15 07,1,4
2011/10/15 08,1,2
2011/10/15 10,1,13
2011/10/15 11,1,11
2011/10/15 17,2,6
2011/10/15 18,2,4
2011/10/15 19,3,5
2011/10/15 20,3,4
2011/10/15 21,1,4
2011/10/15 22,1,3
2011/10/16 03,1,2
2011/10/16 05,1,6
2011/10/16 06,1,6
2011/10/16 07,1,6
2011/10/16 18,1,1
2011/10/17 00,2,42
2011/10/17 01,1,39
2011/10/17 02,1,34
2011/10/17 14,1,1
2011/10/17 15,1,1
2011/10/17 16,1,17
2011/10/17 17,2,41
2011/10/17 18,1,44
2011/10/17 19,2,0
2011/10/18 20,1,2
2011/10/18 21,1,2
2011/10/18 22,1,3
2011/10/19 02,1,1
2011/10/19 08,1,0
2011/10/19 09,1,0
2011/10/20 11,1,10
2011/10/20 12,1,15
2011/10/20 16,1,3
2011/10/20 20,1,2
2011/10/20 21,1,3
2011/10/20 22,1,4
2011/10/20 23,1,2
2011/10/21 01,1,1
2011/10/21 14,1,1
2011/10/21 19,1,5
2011/10/21 20,1,1
2011/10/21 21,1,1
2011/10/22 12,1,0
2011/10/22 13,1,2
2011/10/22 21,2,11
2011/10/22 22,1,4
2011/10/22 23,1,4
2011/10/23 00,1,5
2011/10/23 01,1,3
2011/10/23 03,1,0
2011/10/23 04,1,0
2011/10/23 16,1,13
2011/10/23 18,1,22
2011/10/23 22,1,0
2011/10/23 23,1,1
2011/10/24 01,1,1
2011/10/24 02,2,1
2011/10/24 05,1,3
2011/10/24 06,1,3
2011/10/24 14,1,1
2011/10/24 15,2,4
2011/10/24 17,1,30
2011/10/24 18,1,14
2011/10/25 04,1,1
2011/10/25 10,1,0
2011/10/25 11,1,2
2011/10/25 12,1,2
2011/10/25 23,1,1
2011/10/26 06,1,7
2011/10/26 08,1,3
2011/10/26 13,1,1
2011/10/26 21,1,7
2011/10/26 22,1,9
2011/10/26 23,1,0
2011/10/27 22,1,0
2011/10/27 23,1,0
2011/10/29 12,2,2
2011/10/29 16,1,0
2011/10/29 18,1,2
2011/10/29 23,1,5
2011/10/30 00,1,5
2011/10/30 01,1,2
2011/10/30 02,1,0
2011/10/30 03,1,0
2011/10/30 04,1,1
2011/10/30 12,1,1
2011/10/30 14,1,6
2011/10/30 18,1,64
2011/10/30 19,1,0
2011/10/30 20,1,0
2011/10/30 21,1,0
2011/10/30 22,1,0
2011/10/30 23,2,291
2011/10/31 00,1,210
2011/10/31 01,1,173
2011/10/31 02,1,182
2011/10/31 04,1,1
2011/10/31 06,1,1
2011/10/31 22,1,2
2011/10/31 23,1,1
2011/11/01 00,1,0
2011/11/01 03,1,0
2011/11/01 13,1,5
2011/11/01 14,1,7
2011/11/01 15,1,7
2011/11/03 23,1,0
2011/11/04 00,1,0
2011/11/04 04,1,1
2011/11/04 05,1,2
2011/11/04 06,1,1
2011/11/04 22,1,0
2011/11/04 23,1,0
2011/11/05 16,1,0
2011/11/05 17,1,0
2011/11/05 18,2,0
2011/11/05 19,1,0
2011/11/05 20,1,3
2011/11/06 02,1,0
2011/11/06 03,1,8
2011/11/06 04,2,12
2011/11/06 05,2,17
2011/11/06 06,1,15
2011/11/06 07,1,14
2011/11/06 08,1,9
2011/11/06 09,1,18
2011/11/06 18,1,0
2011/11/06 19,1,1
2011/11/06 20,2,3
2011/11/07 01,1,1
2011/11/07 02,1,10
2011/11/07 03,1,9
2011/11/07 04,2,452
2011/11/07 05,1,26
2011/11/07 12,1,2
2011/11/07 23,1,4
2011/11/08 00,1,3
2011/11/08 03,1,4
2011/11/08 04,1,13
2011/11/08 22,1,4
2011/11/08 23,1,11
2011/11/09 00,1,10
2011/11/09 01,1,7
2011/11/09 02,1,5
2011/11/09 03,2,2
2011/11/09 04,1,0
2011/11/09 05,1,1
2011/11/09 16,1,1
2011/11/09 17,1,1
2011/11/09 19,1,1
2011/11/09 20,2,1
2011/11/09 21,1,6
2011/11/09 22,1,6
2011/11/09 23,1,5
2011/11/10 00,1,6
2011/11/10 01,2,5
2011/11/10 02,3,6
2011/11/10 03,1,5
2011/11/10 04,1,93
2011/11/10 05,1,118
2011/11/10 06,1,119
2011/11/11 00,1,0
2011/11/11 01,1,5
2011/11/11 02,1,3
2011/11/11 16,1,7
2011/11/11 17,1,5
2011/11/11 18,1,7
2011/11/11 19,1,4
2011/11/12 02,1,0
2011/11/12 03,1,0
2011/11/12 07,1,0
2011/11/12 08,1,0
2011/11/12 12,1,2
2011/11/12 15,1,6
2011/11/12 16,1,6
2011/11/12 17,1,4
2011/11/12 19,1,1
2011/11/12 20,1,0
2011/11/12 21,1,1
2011/11/12 22,1,1
2011/11/13 03,1,2
2011/11/13 04,2,3
2011/11/13 05,1,3
2011/11/13 06,1,1
2011/11/13 12,1,6
2011/11/13 13,1,15
2011/11/13 14,1,17
2011/11/13 15,1,67
2011/11/13 16,1,50
2011/11/13 17,1,29
2011/11/13 19,1,7
2011/11/13 21,1,0
2011/11/13 22,1,2
2011/11/14 00,1,1103
2011/11/14 01,1,1723
2011/11/14 02,1,2254
2011/11/14 03,1,1481
2011/11/14 09,1,1
2011/11/14 16,1,0
2011/11/14 22,1,5
2011/11/14 23,2,12
2011/11/15 00,1,1012
2011/11/15 01,1,1105
2011/11/15 02,2,1056
2011/11/15 03,2,4
2011/11/15 04,1,2
2011/11/15 05,1,3
2011/11/15 06,1,2
2011/11/15 18,1,0
2011/11/15 22,1,1
2011/11/15 23,1,5
2011/11/16 00,2,3039
2011/11/16 01,1,4169
2011/11/16 02,1,1
2011/11/16 03,1,1
2011/11/16 04,1,1
2011/11/16 05,1,1
2011/11/16 06,1,1
2011/11/16 07,1,1
2011/11/16 18,1,1
2011/11/16 19,1,1
2011/11/16 20,1,1
2011/11/16 21,1,1
2011/11/17 18,1,216
2011/11/17 19,1,306
2011/11/17 23,1,6
2011/11/18 00,1,1
2011/11/18 05,1,0
2011/11/18 20,1,12
2011/11/18 21,2,71
2011/11/18 22,1,3
2011/11/18 23,2,1
2011/11/19 00,2,4
2011/11/19 01,3,10
2011/11/19 02,1,4
2011/11/19 15,1,0
2011/11/19 16,1,0
2011/11/19 17,1,3
2011/11/19 18,1,3
2011/11/19 20,1,0
2011/11/19 23,1,1
2011/11/20 02,1,10
2011/11/20 03,1,7
2011/11/21 01,1,16
2011/11/21 02,1,17
2011/11/21 03,1,1
2011/11/21 14,1,16
2011/11/21 15,2,20
2011/11/21 16,1,4
2011/11/22 05,1,6
2011/11/22 06,1,3
2011/11/22 07,1,16
2011/11/22 08,1,15
2011/11/22 11,1,62
2011/11/22 12,1,55
2011/11/22 13,1,56
2011/11/22 14,1,70
2011/11/22 15,2,55
2011/11/22 19,2,8
2011/11/22 20,2,119
2011/11/22 21,1,139
2011/11/22 22,1,156
2011/11/23 10,1,2
2011/11/23 11,1,3
2011/11/23 14,1,1
2011/11/23 15,1,3
2011/11/23 16,1,4
2011/11/23 17,2,5
2011/11/23 18,2,13
2011/11/23 19,1,3
2011/11/23 20,1,1
2011/11/23 23,2,2
2011/11/24 00,1,2
2011/11/24 05,1,0
2011/11/24 12,1,88
2011/11/24 13,1,157
2011/11/24 14,1,416
2011/11/24 15,3,1421
2011/11/24 16,3,1477
2011/11/24 17,3,1854
2011/11/24 18,3,2102
2011/11/24 19,4,1755
2011/11/24 20,3,1702
2011/11/24 21,3,1527
2011/11/24 22,3,1617
2011/11/24 23,4,1477
2011/11/25 00,4,1310
2011/11/25 01,4,1163
2011/11/25 08,2,90
2011/11/25 09,3,649
2011/11/25 10,3,1234
2011/11/25 11,4,1372
2011/11/25 12,4,1879
2011/11/25 13,4,1756
2011/11/25 14,4,1860
2011/11/25 15,4,2083
2011/11/25 16,4,3632
2011/11/25 17,5,2707
2011/11/25 18,5,2194
2011/11/25 19,6,3703
2011/11/25 20,6,5002
2011/11/25 21,6,4669
2011/11/25 22,6,4394
2011/11/25 23,4,3451
2011/11/26 01,1,9
2011/11/26 02,2,8
2011/11/26 03,2,0
2011/11/26 05,1,4
2011/11/26 06,1,3
2011/11/26 07,1,0
2011/11/26 08,1,16
2011/11/26 09,3,810
2011/11/26 10,3,1734
2011/11/26 11,4,3060
2011/11/26 12,4,3708
2011/11/26 13,4,13871
2011/11/26 14,6,22803
2011/11/26 15,5,25751
2011/11/26 16,5,26775
2011/11/26 17,6,21870
2011/11/26 18,5,13277
2011/11/26 19,6,13461
2011/11/26 20,4,2257
2011/11/26 21,5,2012
2011/11/26 22,5,2017
2011/11/26 23,1,208
2011/11/27 00,1,216
2011/11/27 01,1,211
2011/11/27 03,2,0
2011/11/27 04,1,1
2011/11/27 05,2,3
2011/11/27 06,1,3
2011/11/27 07,2,3
2011/11/27 08,1,1
2011/11/27 09,2,2
2011/11/27 15,1,11
2011/11/27 16,2,25
2011/11/27 17,1,33
2011/11/27 18,1,21
2011/11/27 19,1,13
2011/11/27 20,2,16
2011/11/27 21,1,3
2011/11/27 23,1,1
2011/11/28 00,1,1
2011/11/28 01,2,9
2011/11/28 02,1,10
2011/11/28 03,1,9
2011/11/28 13,1,4
2011/11/28 15,1,1
2011/11/28 16,1,12
2011/11/28 19,2,2
2011/11/28 20,3,6
2011/11/28 21,2,164
2011/11/28 22,3,1571
2011/11/28 23,1,0
2011/11/29 01,1,1
2011/11/29 02,1,137
2011/11/29 03,1,153
2011/11/29 04,1,141
2011/11/29 05,1,15
2011/11/29 10,2,15
2011/11/29 11,2,10
2011/11/29 12,1,2
2011/11/29 15,1,14
2011/11/29 17,1,1
2011/11/29 19,2,45
2011/11/29 20,3,80
2011/11/29 21,2,99
2011/11/29 22,2,177
2011/11/29 23,1,1
2011/11/30 00,1,1
2011/11/30 13,1,13
2011/11/30 14,2,24
2011/11/30 15,1,0
2011/11/30 16,2,11
2011/11/30 17,2,41
2011/11/30 18,2,29
2011/11/30 19,2,1
2011/11/30 20,1,1
2011/11/30 23,1,2
2011/12/01 00,1,2
2011/12/01 04,1,0
2011/12/01 05,3,5
2011/12/01 06,1,4
2011/12/01 08,1,0
2011/12/01 09,1,1
2011/12/01 10,1,1
2011/12/01 17,1,1
2011/12/01 19,1,130
2011/12/01 20,1,187
2011/12/01 21,3,190
2011/12/01 22,2,186
2011/12/02 01,2,387
2011/12/02 02,2,368
2011/12/02 03,2,260
2011/12/02 04,1,182
2011/12/02 06,1,1
2011/12/02 13,1,3
2011/12/02 14,1,6
2011/12/02 15,1,11
2011/12/02 17,1,1
2011/12/02 18,1,5
2011/12/03 02,1,1
2011/12/03 07,1,1
2011/12/03 14,1,2
2011/12/03 15,2,7
2011/12/03 18,1,0
2011/12/03 19,1,37
2011/12/03 20,2,25
2011/12/03 23,1,3
2011/12/04 00,1,2
2011/12/04 02,1,1
2011/12/04 03,1,7
2011/12/04 04,1,3
2011/12/04 06,1,0
2011/12/04 07,1,0
2011/12/04 14,2,29
2011/12/04 15,1,27
2011/12/04 16,1,1
2011/12/04 18,1,0
2011/12/04 19,2,8
2011/12/04 21,1,127
2011/12/04 22,1,107
2011/12/04 23,1,3
2011/12/05 03,1,1
2011/12/05 05,1,1
2011/12/05 21,1,134
2011/12/05 22,2,160
2011/12/05 23,1,12
2011/12/06 02,1,4
2011/12/06 06,1,4
2011/12/06 10,1,2
2011/12/06 13,2,20
2011/12/06 14,1,27
2011/12/06 15,1,24
2011/12/06 16,1,15
2011/12/06 17,1,16
2011/12/06 19,1,0
2011/12/06 20,1,0
2011/12/06 23,2,8
2011/12/07 00,2,7
2011/12/07 01,1,1
2011/12/07 04,1,4
2011/12/07 08,1,1
2011/12/07 09,1,1
2011/12/07 10,1,1
2011/12/07 13,1,1
2011/12/07 15,1,5
2011/12/07 16,1,6
2011/12/07 17,1,5
2011/12/07 18,2,4
2011/12/07 19,1,4
2011/12/07 20,1,3
2011/12/07 21,2,4
2011/12/07 22,1,3
2011/12/07 23,1,4
2011/12/08 00,2,13
2011/12/08 13,1,0
2011/12/08 17,1,0
2011/12/08 19,2,79
2011/12/08 20,3,198
2011/12/08 21,3,254
2011/12/08 22,3,454
2011/12/08 23,3,68
2011/12/09 04,1,1
2011/12/09 05,1,6
2011/12/09 06,1,6
2011/12/09 07,1,6
2011/12/09 08,1,5
2011/12/09 13,1,0
2011/12/09 14,1,0
2011/12/09 18,1,1
2011/12/09 20,1,0
2011/12/10 01,1,7
2011/12/10 02,1,6
2011/12/10 05,1,1
2011/12/10 09,1,167
2011/12/10 15,1,20
2011/12/10 16,1,0
2011/12/10 17,2,21
2011/12/10 18,1,37
2011/12/10 19,1,13
2011/12/10 20,1,14
2011/12/10 21,1,13
2011/12/10 22,2,4
2011/12/10 23,2,4
2011/12/11 00,1,2
2011/12/11 01,1,2
2011/12/11 02,1,3
2011/12/11 07,1,1
2011/12/11 08,1,3
2011/12/11 09,1,4
2011/12/11 16,1,23
2011/12/11 17,2,141
2011/12/11 18,2,182
2011/12/11 19,2,204
2011/12/11 20,3,254
2011/12/11 21,3,308
2011/12/11 22,2,5
2011/12/11 23,1,3
2011/12/12 00,1,8
2011/12/12 04,1,0
2011/12/12 11,1,0
2011/12/12 12,2,1
2011/12/12 14,1,2
2011/12/12 15,1,8
2011/12/12 16,2,13
2011/12/12 17,2,9
2011/12/12 18,1,7
2011/12/12 19,2,13
2011/12/12 20,2,11
2011/12/12 21,2,11
2011/12/13 01,1,1
2011/12/13 04,2,1
2011/12/13 05,2,5
2011/12/13 06,1,2
2011/12/13 14,1,7
2011/12/13 15,1,5
2011/12/13 16,1,16
2011/12/13 17,2,38
2011/12/13 18,2,26
2011/12/13 19,1,1
2011/12/14 07,1,3
2011/12/14 08,1,2
2011/12/14 15,1,4
2011/12/14 16,1,4
2011/12/14 17,1,1
2011/12/14 18,2,6
2011/12/14 20,1,0
2011/12/14 22,2,162
2011/12/14 23,2,178
2011/12/15 00,1,5
2011/12/15 01,1,5
2011/12/15 02,1,1
2011/12/15 05,1,1
2011/12/15 16,2,18
2011/12/15 17,2,31
2011/12/15 18,1,14
2011/12/15 19,2,40
2011/12/15 20,2,156
2011/12/15 21,2,52
2011/12/15 22,1,28
2011/12/15 23,1,20
2011/12/16 00,2,11
2011/12/16 01,2,12
2011/12/16 02,2,10
2011/12/16 03,1,6
2011/12/16 06,1,2
2011/12/16 10,1,0
2011/12/16 16,1,3
2011/12/16 19,1,2
2011/12/16 20,3,13
2011/12/16 21,3,39
2011/12/16 22,2,32
2011/12/16 23,1,21
2011/12/17 00,2,8
2011/12/17 01,2,7
2011/12/17 03,1,2
2011/12/17 04,1,3
2011/12/17 10,1,9
2011/12/17 11,1,31
2011/12/17 12,1,40
2011/12/17 13,1,51
2011/12/17 14,1,48
2011/12/17 15,2,121
2011/12/17 16,2,186
2011/12/17 17,2,289
2011/12/17 18,3,338
2011/12/17 19,3,281
2011/12/17 20,3,292
2011/12/17 21,3,8
2011/12/17 22,4,16
2011/12/17 23,4,7
2011/12/18 00,2,9
2011/12/18 04,1,2
2011/12/18 05,2,3
2011/12/18 06,1,5
2011/12/18 07,1,3
2011/12/18 08,1,0
2011/12/18 10,1,9
2011/12/18 14,3,55
2011/12/18 15,2,114
2011/12/18 16,2,130
2011/12/18 17,2,129
2011/12/18 18,3,171
2011/12/18 19,2,206
2011/12/18 20,1,109
2011/12/18 21,1,127
2011/12/18 22,1,105
2011/12/18 23,1,95
2011/12/19 00,1,102
2011/12/19 02,1,1
2011/12/19 07,1,0
2011/12/19 08,1,1
2011/12/19 11,1,3
2011/12/19 12,1,2
2011/12/19 13,1,1
2011/12/19 14,1,2
2011/12/19 15,1,3
2011/12/19 16,1,4
2011/12/19 21,1,16
2011/12/19 22,2,32
2011/12/19 23,2,26
2011/12/20 00,1,3
2011/12/20 01,1,13
2011/12/20 02,1,12
2011/12/20 04,1,0
2011/12/20 05,2,4
2011/12/20 18,2,1
2011/12/20 19,2,0
2011/12/20 20,2,0
2011/12/20 21,1,0
2011/12/21 00,1,0
2011/12/21 04,1,9
2011/12/21 07,1,2
2011/12/21 08,1,3
2011/12/21 16,1,21
2011/12/21 19,1,1
2011/12/21 20,1,3
2011/12/21 21,2,12
2011/12/21 22,2,9
2011/12/21 23,1,3
2011/12/22 00,1,5
2011/12/22 01,1,3
2011/12/22 07,1,2
2011/12/22 08,1,1
2011/12/22 11,1,1
2011/12/22 12,1,1
2011/12/22 13,1,4
2011/12/22 14,1,3
2011/12/22 15,1,3
2011/12/22 16,1,3
2011/12/22 17,1,3
2011/12/22 18,1,4
2011/12/22 19,3,18
2011/12/22 20,1,2
2011/12/22 21,1,3
2011/12/22 22,1,2
2011/12/23 09,1,6
2011/12/23 10,1,6
2011/12/23 15,1,1
2011/12/23 17,1,1
2011/12/23 19,2,3
2011/12/23 20,2,4
2011/12/23 21,2,2
2011/12/23 22,1,1
2011/12/24 00,2,2
2011/12/24 01,1,3
2011/12/24 02,1,2
2011/12/24 03,1,0
2011/12/24 05,1,3
2011/12/24 06,2,12
2011/12/24 07,1,11
2011/12/24 11,1,3
2011/12/24 12,1,13
2011/12/24 13,2,24
2011/12/24 14,2,4
2011/12/24 16,1,0
2011/12/24 17,1,0
2011/12/24 18,1,0
2011/12/24 20,1,1
2011/12/24 21,1,2
2011/12/24 23,1,0
2011/12/25 03,1,0
2011/12/25 04,1,1
2011/12/25 05,1,1
2011/12/25 06,1,2
2011/12/25 07,1,1
2011/12/25 19,2,1
2011/12/25 20,1,1
2011/12/25 22,1,3
2011/12/25 23,1,2
2011/12/26 00,1,2
2011/12/26 01,1,2
2011/12/26 02,2,5
2011/12/26 03,1,6
2011/12/26 05,1,2
2011/12/26 14,1,2
2011/12/26 15,1,3
2011/12/26 16,1,2
2011/12/26 22,1,1
2011/12/26 23,1,3
2011/12/27 00,1,2
2011/12/27 02,1,1
2011/12/27 03,1,3
2011/12/27 07,2,23
2011/12/27 08,1,24
2011/12/27 09,1,10
2011/12/27 10,1,129
2011/12/27 12,1,4
2011/12/27 13,1,5
2011/12/27 18,1,2
2011/12/27 19,1,2
2011/12/27 20,1,76
2011/12/27 21,3,301
2011/12/27 22,3,409
2011/12/27 23,1,9
2011/12/28 00,1,5
2011/12/28 01,1,2
2011/12/28 02,1,1
2011/12/28 16,1,1
2011/12/28 22,1,0
2011/12/29 00,1,1
2011/12/29 01,1,2
2011/12/29 02,1,3
2011/12/29 03,1,3
2011/12/29 10,1,2
2011/12/29 11,1,2
2011/12/29 20,1,10
2011/12/29 21,1,65
2011/12/29 22,1,74
2011/12/29 23,1,31
2011/12/30 02,1,3
2011/12/30 03,1,3
2011/12/30 06,1,0
2011/12/30 07,1,1
2011/12/30 08,1,2
2011/12/30 09,1,2
2011/12/30 10,1,2
2011/12/30 13,1,2
2011/12/30 14,2,4
2011/12/30 15,2,5
2011/12/30 16,1,2
2011/12/30 17,2,6
2011/12/30 18,1,3
2011/12/30 20,2,28
2011/12/30 21,1,32
2011/12/31 01,1,4
2011/12/31 02,2,5
2011/12/31 03,2,5
2011/12/31 04,1,3
2011/12/31 09,1,2
2011/12/31 10,1,2
2011/12/31 14,1,5
2011/12/31 15,1,1
2011/12/31 16,3,5
2011/12/31 17,3,97
2011/12/31 18,2,4
2012/01/01 10,2,8
2012/01/01 11,1,2
2012/01/01 14,1,1
2012/01/01 18,1,0
2012/01/01 19,1,0
2012/01/01 22,1,1
2012/01/01 23,1,1
2012/01/02 00,1,1
2012/01/02 06,1,0
2012/01/02 07,1,0
2012/01/02 08,1,2
2012/01/02 09,2,4
2012/01/02 10,1,5
2012/01/02 14,1,1
2012/01/02 15,1,1
2012/01/02 16,1,6
2012/01/02 17,3,7
2012/01/02 18,2,3
2012/01/02 19,1,2
2012/01/02 20,1,1
2012/01/02 21,2,13
2012/01/02 22,2,2
2012/01/02 23,2,6
2012/01/03 00,3,8
2012/01/03 01,1,3
2012/01/03 16,1,1
2012/01/03 17,1,2
2012/01/03 18,1,3
2012/01/03 19,1,1
2012/01/03 20,3,4
2012/01/03 21,1,4
2012/01/03 22,1,1
2012/01/03 23,1,0
2012/01/04 01,2,4
2012/01/04 02,4,6
2012/01/04 03,2,8
2012/01/04 06,1,2
2012/01/04 07,1,3
2012/01/04 13,1,2
2012/01/04 14,1,3
2012/01/04 15,1,4
2012/01/04 16,2,10
2012/01/04 18,2,1
2012/01/04 19,2,16
2012/01/04 20,2,2
2012/01/04 21,1,2
2012/01/04 22,1,3
2012/01/04 23,2,123
2012/01/05 00,2,12
2012/01/05 01,1,2
2012/01/05 02,1,0
2012/01/05 03,1,1
2012/01/05 11,1,2
2012/01/05 12,1,4
2012/01/05 13,1,2
2012/01/05 14,1,2
2012/01/05 16,1,0
2012/01/05 17,1,1
2012/01/05 18,1,0
2012/01/05 19,2,2
2012/01/05 20,3,45
2012/01/05 21,3,39
2012/01/05 23,2,1
2012/01/06 00,2,2
2012/01/06 01,1,1
2012/01/06 02,3,7
2012/01/06 03,1,8
2012/01/06 04,1,5
2012/01/06 05,2,5
2012/01/06 06,2,6
2012/01/06 07,1,2
2012/01/06 08,1,1
2012/01/06 10,1,2
2012/01/06 11,2,4
2012/01/06 12,1,5
2012/01/06 13,1,4
2012/01/06 14,1,5
2012/01/06 15,1,2
2012/01/06 16,2,3
2012/01/06 17,2,43
2012/01/06 18,2,62
2012/01/06 19,3,5073
2012/01/06 20,2,5128
2012/01/06 21,2,18
2012/01/06 22,2,62
2012/01/06 23,2,47
2012/01/07 00,3,62
2012/01/07 01,3,173
2012/01/07 02,4,479
2012/01/07 03,5,336
2012/01/07 04,3,245
2012/01/07 07,1,0
2012/01/07 09,1,1
2012/01/07 10,1,1
2012/01/07 12,2,3
2012/01/07 13,2,6
2012/01/07 14,3,5
2012/01/07 15,1,1
2012/01/07 16,1,6
2012/01/07 19,4,30
2012/01/07 20,4,53
2012/01/07 21,4,11
2012/01/07 22,1,0
2012/01/07 23,2,3
2012/01/08 00,3,6
2012/01/08 01,4,23
2012/01/08 02,5,55
2012/01/08 03,2,3
2012/01/08 04,2,2
2012/01/08 05,1,1
2012/01/08 06,1,1
2012/01/08 07,2,3
2012/01/08 08,2,3
2012/01/08 09,2,8
2012/01/08 10,3,10
2012/01/08 11,2,6
2012/01/08 12,1,5
2012/01/08 13,2,3
2012/01/08 14,2,0
2012/01/08 16,1,8
2012/01/08 17,1,55
2012/01/08 18,2,88
2012/01/08 19,3,108
2012/01/08 20,4,113
2012/01/08 21,6,107
2012/01/08 22,5,101
2012/01/08 23,3,13
2012/01/09 00,3,3
2012/01/09 01,2,6
2012/01/09 02,3,154
2012/01/09 03,2,120
2012/01/09 07,2,2
2012/01/09 08,1,3
2012/01/09 09,1,1
2012/01/09 10,1,1
2012/01/09 11,1,3
2012/01/09 12,1,4
2012/01/09 13,1,5
2012/01/09 14,1,5
2012/01/09 15,1,3
