2011/10/05 11,1,4
2011/10/05 12,1,3
2011/10/12 04,1,1
2011/10/14 20,1,14
2011/10/14 21,1,24
2011/10/14 22,1,15
2011/10/17 06,1,3
2011/10/17 16,1,1
2011/10/17 17,1,1
2011/10/17 18,1,3
2011/10/23 14,1,2
2011/10/23 15,1,4
2011/10/23 22,1,1
2011/11/05 14,1,35
2011/11/05 15,1,47
2011/11/05 16,1,51
2011/11/05 17,1,47
2011/11/05 18,1,61
2011/11/05 19,1,58
2011/11/06 00,1,44
2011/11/06 01,1,44
2011/11/09 06,1,1
2011/11/09 07,1,1
2011/12/01 02,1,1
2011/12/01 03,1,0
2011/12/19 01,1,15
2011/12/19 02,1,12
2011/12/22 02,1,10
2011/12/22 03,1,11
2012/01/02 19,1,1
2012/01/03 18,1,0
2012/01/04 14,1,7
2012/01/04 15,1,4
