2011/10/03 03,1,8
2011/10/03 04,1,4
2011/10/03 05,1,4
2011/10/04 11,1,0
2011/10/09 12,1,2
2011/10/10 15,1,2
2011/10/23 16,1,2
2011/10/23 17,1,4
2011/10/23 18,1,8
2011/10/23 19,1,7
2011/10/23 20,1,9
2011/10/23 21,1,6
2011/10/30 19,1,13
2011/10/30 20,1,15
2011/10/30 21,1,15
2011/10/30 23,1,6
2011/10/31 00,1,7
2011/11/04 00,1,0
2011/11/05 21,1,0
2011/11/06 07,1,16
2011/11/06 08,1,18
2011/11/06 09,1,8
2011/11/18 23,1,1
2011/11/19 00,1,1
2011/12/01 00,1,2
2011/12/01 01,1,1
2011/12/01 22,1,1
2011/12/04 01,1,3
2011/12/04 02,1,2
2011/12/04 03,1,4
2011/12/04 04,1,4
2011/12/04 07,1,2
2011/12/04 08,1,1
2011/12/04 09,1,1
2011/12/04 12,1,1
2011/12/06 16,1,7
2011/12/06 17,1,5
