2011/10/06 19,1,1
2011/10/18 22,1,0
2011/10/21 18,1,2
2011/10/22 23,1,1
2011/10/30 12,1,1
2011/10/30 13,1,2
2011/10/30 14,1,0
2011/10/31 23,1,2
2011/11/03 19,1,1
2011/11/03 20,1,1
2011/11/06 14,1,1
2011/11/06 15,1,1
2011/11/06 16,1,2
2011/11/07 11,1,1
2011/11/14 14,1,2
2011/11/14 15,1,4
2011/11/14 16,1,1
2011/11/22 03,1,0
2011/11/22 04,1,2
2011/11/22 05,1,2
2011/11/27 22,1,1
2011/11/27 23,1,1
2011/11/28 04,1,0
2011/11/29 03,1,0
2011/11/29 16,1,0
2011/11/30 15,1,0
2011/11/30 16,1,2
2011/11/30 17,1,5
2011/11/30 18,1,5
2011/11/30 19,1,4
2011/12/01 01,1,1
2011/12/02 01,1,1
2011/12/02 02,1,2
2011/12/02 03,1,1
2011/12/02 04,1,1
2011/12/02 05,1,0
2011/12/02 14,1,1
2011/12/02 15,1,1
2011/12/02 16,1,2
2011/12/02 17,1,3
2011/12/02 18,1,3
2011/12/02 19,1,2
2011/12/05 14,1,0
2011/12/05 15,1,0
2011/12/06 15,1,1
2011/12/06 16,1,0
2011/12/07 01,1,1
2011/12/07 02,1,4
2011/12/07 03,1,3
2011/12/07 04,1,2
2011/12/07 18,1,1
2011/12/07 19,1,2
2011/12/07 20,1,1
2011/12/07 21,1,0
2011/12/08 03,1,0
2011/12/08 04,1,3
2011/12/08 05,1,2
2011/12/08 13,1,1
2011/12/08 14,1,2
2011/12/08 15,1,4
2011/12/08 16,1,5
2011/12/08 17,1,4
2011/12/08 18,1,4
2011/12/09 00,1,0
2011/12/09 01,1,0
2011/12/09 02,1,0
2011/12/09 03,1,0
2011/12/20 23,1,0
2011/12/21 00,1,0
2011/12/22 23,1,0
2011/12/23 00,1,0
2011/12/23 04,1,1
2011/12/23 08,1,2
2011/12/23 09,1,1
2011/12/23 10,1,3
2011/12/23 11,1,4
2011/12/23 12,1,3
2011/12/23 13,1,1
2011/12/23 15,1,128
2011/12/23 16,1,276
2011/12/23 22,1,0
2011/12/23 23,1,1
2011/12/24 08,1,1
2011/12/24 09,1,5
2011/12/24 10,1,6
2011/12/24 11,1,4
2011/12/24 19,1,0
2011/12/24 20,1,0
2011/12/24 21,1,0
2011/12/24 22,1,3
2011/12/25 00,1,1
2011/12/25 01,1,2
2011/12/25 02,1,3
2011/12/25 06,1,2
2011/12/25 07,1,5
2011/12/25 08,1,6
2011/12/26 01,1,4
2011/12/26 02,1,4
2011/12/26 03,1,3
2011/12/26 06,1,2
2011/12/26 07,1,1
2011/12/26 11,1,5
2011/12/26 12,1,3
2011/12/26 13,1,2
2011/12/27 08,1,1
2011/12/27 11,1,2
2011/12/27 12,1,1
2011/12/28 00,1,6
2011/12/28 01,1,11
2011/12/28 02,1,12
2011/12/28 03,1,16
2011/12/28 04,1,16
2011/12/28 05,1,23
2011/12/28 06,2,17
2011/12/28 07,1,5
2011/12/28 08,1,5
2011/12/28 09,2,5
2011/12/28 10,1,2
2011/12/28 11,1,1
2011/12/28 12,1,0
2011/12/28 20,1,2
2011/12/28 21,1,7
2011/12/28 22,1,4
2011/12/29 09,1,0
2011/12/29 10,1,1
2011/12/29 11,1,0
2011/12/29 17,1,2
2011/12/29 18,1,2
2011/12/29 19,1,3
2011/12/29 20,1,3
2011/12/29 21,1,5
2011/12/30 06,1,1
2011/12/30 18,1,1
2011/12/30 19,1,4
2012/01/01 15,1,1
2012/01/01 16,1,1
2012/01/01 23,1,3
2012/01/02 00,1,3
2012/01/02 04,1,0
2012/01/02 05,1,2
2012/01/02 06,1,3
2012/01/02 07,1,6
2012/01/02 08,1,1
2012/01/02 09,1,1
2012/01/02 10,1,0
2012/01/04 18,1,0
2012/01/05 00,1,1
2012/01/05 01,1,1
2012/01/08 21,1,1
2012/01/08 22,1,0
