2011/10/26 23,1,3
2011/10/27 00,1,4
2011/10/27 01,1,4
2011/10/27 02,1,4
2011/10/27 03,1,5
2011/10/27 12,1,0
2011/10/27 23,1,1
2011/10/28 00,1,1
2011/10/28 01,1,3
2011/10/28 02,1,2
2011/10/28 23,1,2
2011/10/29 00,1,3
2011/10/29 01,1,4
2011/10/29 02,1,4
2011/10/29 23,1,5
2011/10/30 00,1,5
2011/10/30 01,1,7
2011/10/30 02,1,4
2011/10/30 20,1,3
2011/10/30 21,1,6
2011/10/30 22,1,7
2011/10/30 23,1,4
2011/10/31 00,1,4
2011/10/31 01,1,4
2011/10/31 02,1,9
2011/10/31 03,1,8
2011/11/18 13,1,0
2011/11/18 14,1,3
2011/11/18 15,1,3
2011/11/18 16,1,3
