2011/09/30 22,5,31
2011/09/30 23,4,24
2011/10/01 00,5,37
2011/10/01 01,5,50
2011/10/01 02,3,46
2011/10/01 03,3,36
2011/10/01 04,3,47
2011/10/01 05,3,43
2011/10/01 06,1,8
2011/10/01 07,3,7
2011/10/01 08,3,10
2011/10/01 09,3,20
2011/10/01 10,3,24
2011/10/01 11,2,16
2011/10/01 12,2,11
2011/10/01 13,2,99
2011/10/01 14,2,118
2011/10/01 15,2,132
2011/10/01 16,3,174
2011/10/01 17,5,154
2011/10/01 18,5,17
2011/10/01 19,4,37
2011/10/01 20,4,33
2011/10/01 21,2,15
2011/10/01 22,4,123
2011/10/01 23,6,126
2011/10/02 00,6,119
2011/10/02 01,4,37
2011/10/02 02,8,49
2011/10/02 03,5,43
2011/10/02 04,5,34
2011/10/02 05,2,21
2011/10/02 06,5,28
2011/10/02 07,4,29
2011/10/02 08,3,14
2011/10/02 09,2,16
2011/10/02 10,3,18
2011/10/02 11,2,6
2011/10/02 12,1,11
2011/10/02 13,1,10
2011/10/02 14,4,23
2011/10/02 15,3,32
2011/10/02 16,4,41
2011/10/02 17,2,34
2011/10/02 18,3,33
2011/10/02 19,6,38
2011/10/02 20,7,49
2011/10/02 21,6,44
2011/10/02 22,7,50
2011/10/02 23,4,54
2011/10/03 00,7,55
2011/10/03 01,4,23
2011/10/03 02,4,25
2011/10/03 03,4,17
2011/10/03 04,1,2
2011/10/03 05,2,2
2011/10/03 09,1,4
2011/10/03 10,1,6
2011/10/03 12,1,4
2011/10/03 13,1,14
2011/10/03 14,1,18
2011/10/03 15,3,18
2011/10/03 16,2,17
2011/10/03 17,1,3
2011/10/03 18,1,8
2011/10/03 19,1,8
2011/10/03 20,1,4
2011/10/03 22,2,26
2011/10/03 23,3,10
2011/10/04 00,5,35
2011/10/04 01,9,72
2011/10/04 02,6,73
2011/10/04 03,3,50
2011/10/04 04,3,42
2011/10/04 05,3,5
2011/10/04 06,1,5
2011/10/04 07,1,4
2011/10/04 08,1,12
2011/10/04 09,2,17
2011/10/04 15,1,6
2011/10/04 16,2,9
2011/10/04 17,2,9
2011/10/04 18,3,23
2011/10/04 19,1,8
2011/10/04 20,2,4
2011/10/04 21,2,13
2011/10/04 22,3,20
2011/10/04 23,2,43
2011/10/05 00,2,35
2011/10/05 01,6,64
2011/10/05 02,3,32
2011/10/05 03,4,23
2011/10/05 04,3,25
2011/10/05 05,3,19
2011/10/05 06,2,14
2011/10/05 07,3,17
2011/10/05 08,2,12
2011/10/05 09,2,9
2011/10/05 10,1,8
2011/10/05 12,1,2
2011/10/05 13,2,1
2011/10/05 14,3,11
2011/10/05 15,1,15
2011/10/05 16,2,13
2011/10/05 17,1,2
2011/10/05 18,1,1
2011/10/05 19,1,10
2011/10/05 20,3,14
2011/10/05 21,2,10
2011/10/05 22,3,21
2011/10/05 23,3,36
2011/10/06 00,4,22
2011/10/06 01,3,16
2011/10/06 02,2,11
2011/10/06 03,2,18
2011/10/06 04,2,14
2011/10/06 05,4,26
2011/10/06 06,3,21
2011/10/06 07,3,14
2011/10/06 08,2,13
2011/10/06 09,1,5
2011/10/06 10,1,5
2011/10/06 13,1,2
2011/10/06 14,2,8
2011/10/06 15,3,47
2011/10/06 16,2,95
2011/10/06 17,1,88
2011/10/06 18,2,89
2011/10/06 19,4,161
2011/10/06 20,6,154
2011/10/06 21,5,157
2011/10/06 22,2,17
2011/10/06 23,3,19
2011/10/07 00,3,30
2011/10/07 01,3,27
2011/10/07 02,2,23
2011/10/07 03,1,12
2011/10/07 04,2,8
2011/10/07 05,1,2
2011/10/07 06,2,8
2011/10/07 07,2,12
2011/10/07 08,1,14
2011/10/07 09,2,15
2011/10/07 10,1,1
2011/10/07 12,2,12
2011/10/07 13,3,34
2011/10/07 14,3,49
2011/10/07 15,4,45
2011/10/07 16,5,55
2011/10/07 17,2,19
2011/10/07 18,5,34
2011/10/07 19,4,65
2011/10/07 20,4,62
2011/10/07 21,4,138
2011/10/07 22,6,177
2011/10/07 23,4,161
2011/10/08 00,5,128
2011/10/08 01,4,69
2011/10/08 02,3,51
2011/10/08 03,4,46
2011/10/08 04,3,17
2011/10/08 05,1,10
2011/10/08 06,2,13
2011/10/08 07,1,16
2011/10/08 08,3,26
2011/10/08 09,3,22
2011/10/08 10,1,3
2011/10/08 11,1,4
2011/10/08 12,1,4
2011/10/08 13,1,1
2011/10/08 14,1,1
2011/10/08 16,4,91
2011/10/08 17,4,113
2011/10/08 18,6,121
2011/10/08 19,5,108
2011/10/08 20,4,81
2011/10/08 21,3,64
2011/10/08 22,5,62
2011/10/08 23,5,43
2011/10/09 00,4,52
2011/10/09 01,2,19
2011/10/09 02,2,25
2011/10/09 03,2,19
2011/10/09 04,2,21
2011/10/09 05,2,13
2011/10/09 06,2,27
2011/10/09 07,2,28
2011/10/09 08,2,50
2011/10/09 09,3,47
2011/10/09 10,2,3
2011/10/09 11,2,8
2011/10/09 12,1,5
2011/10/09 13,3,11
2011/10/09 14,3,19
2011/10/09 15,2,8
2011/10/09 16,2,7
2011/10/09 18,2,10
2011/10/09 19,4,22
2011/10/09 20,4,39
2011/10/09 21,5,60
2011/10/09 22,4,25
2011/10/09 23,1,14
2011/10/10 00,1,13
2011/10/10 01,2,118
2011/10/10 02,3,123
2011/10/10 03,2,72
2011/10/10 04,1,52
2011/10/10 11,1,5
2011/10/10 12,2,20
2011/10/10 13,2,18
2011/10/10 14,2,13
2011/10/10 15,3,24
2011/10/10 16,5,61
2011/10/10 17,4,60
2011/10/10 21,3,60
2011/10/10 22,6,81
2011/10/10 23,6,93
2011/10/11 00,5,94
2011/10/11 01,6,95
2011/10/11 02,4,42
2011/10/11 03,2,30
2011/10/11 04,2,26
2011/10/11 09,1,1
2011/10/11 15,1,4
2011/10/11 16,1,2
2011/10/11 17,1,33
2011/10/11 18,2,119
2011/10/11 19,2,113
2011/10/11 22,2,8
2011/10/11 23,3,12
2011/10/12 00,3,14
2011/10/12 02,1,10
2011/10/12 03,2,21
2011/10/12 04,3,18
2011/10/12 05,2,15
2011/10/12 06,2,18
2011/10/12 07,1,9
2011/10/12 08,1,10
2011/10/12 09,1,10
2011/10/12 12,1,16
2011/10/12 13,1,1
2011/10/12 14,2,7
2011/10/12 15,4,14
2011/10/12 16,2,14
2011/10/12 17,4,20
2011/10/12 18,3,35
2011/10/12 19,3,34
2011/10/12 20,2,14
2011/10/12 21,2,18
2011/10/12 22,3,37
2011/10/12 23,4,35
2011/10/13 00,4,44
2011/10/13 01,2,42
2011/10/13 02,6,54
2011/10/13 03,3,44
2011/10/13 04,2,35
2011/10/13 05,1,35
2011/10/13 06,1,30
2011/10/13 07,2,28
2011/10/13 08,2,27
2011/10/13 09,1,21
2011/10/13 12,1,0
2011/10/13 16,1,11
2011/10/13 17,1,13
2011/10/13 18,1,26
2011/10/13 19,3,22
2011/10/13 20,6,51
2011/10/13 21,3,73
2011/10/13 22,3,59
2011/10/13 23,2,49
2011/10/14 00,6,72
2011/10/14 01,5,68
2011/10/14 02,5,73
2011/10/14 03,5,62
2011/10/14 04,4,61
2011/10/14 05,3,15
2011/10/14 06,3,21
2011/10/14 07,2,17
2011/10/14 08,2,20
2011/10/14 09,1,18
2011/10/14 10,1,14
2011/10/14 13,1,4
2011/10/14 14,1,11
2011/10/14 15,1,8
2011/10/14 16,2,11
2011/10/14 17,2,15
2011/10/14 18,1,20
2011/10/14 19,1,4
2011/10/14 20,3,7
2011/10/14 21,3,30
2011/10/14 22,3,44
2011/10/14 23,2,37
2011/10/15 00,1,39
2011/10/15 01,4,50
2011/10/15 02,5,59
2011/10/15 03,5,61
2011/10/15 04,7,35
2011/10/15 05,6,43
2011/10/15 06,5,39
2011/10/15 07,3,23
2011/10/15 10,1,1
2011/10/15 11,1,1
2011/10/15 13,1,5
2011/10/15 14,2,33
2011/10/15 15,1,36
2011/10/15 16,1,48
2011/10/15 17,2,31
2011/10/15 18,3,14
2011/10/15 19,3,33
2011/10/15 20,5,112
2011/10/15 21,6,140
2011/10/15 22,5,139
2011/10/15 23,5,111
2011/10/16 00,6,90
2011/10/16 01,5,54
2011/10/16 02,7,64
2011/10/16 03,6,73
2011/10/16 04,5,71
2011/10/16 05,4,53
2011/10/16 06,5,57
2011/10/16 07,3,43
2011/10/16 08,3,42
2011/10/16 09,2,35
2011/10/16 10,1,6
2011/10/16 11,1,12
2011/10/16 12,1,15
2011/10/16 13,2,31
2011/10/16 14,2,36
2011/10/16 15,2,19
2011/10/16 16,1,19
2011/10/16 17,2,54
2011/10/16 18,3,40
2011/10/16 19,5,51
2011/10/16 20,5,34
2011/10/16 21,3,25
2011/10/16 22,3,35
2011/10/16 23,3,51
2011/10/17 00,1,44
2011/10/17 01,2,54
2011/10/17 02,2,63
2011/10/17 03,5,71
2011/10/17 04,3,40
2011/10/17 05,2,33
2011/10/17 06,1,14
2011/10/17 07,1,13
2011/10/17 08,1,3
2011/10/17 09,1,1
2011/10/17 10,1,7
2011/10/17 11,1,6
2011/10/17 12,2,9
2011/10/17 13,1,1
2011/10/17 14,1,1
2011/10/17 15,1,6
2011/10/17 16,2,7
2011/10/17 17,1,5
2011/10/17 18,3,12
2011/10/17 19,2,12
2011/10/17 20,3,21
2011/10/17 21,4,26
2011/10/17 22,4,52
2011/10/17 23,5,73
2011/10/18 00,3,75
2011/10/18 01,1,36
2011/10/18 02,1,35
2011/10/18 03,2,5
2011/10/18 04,2,19
2011/10/18 05,2,17
2011/10/18 06,2,17
2011/10/18 07,1,14
2011/10/18 11,1,5
2011/10/18 12,1,8
2011/10/18 13,1,10
2011/10/18 14,1,14
2011/10/18 15,1,11
2011/10/18 16,3,20
2011/10/18 17,3,32
2011/10/18 18,3,23
2011/10/18 19,3,13
2011/10/18 20,5,37
2011/10/18 21,3,43
2011/10/18 22,2,16
2011/10/18 23,2,22
2011/10/19 00,3,25
2011/10/19 01,3,23
2011/10/19 02,3,28
2011/10/19 03,3,30
2011/10/19 04,1,17
2011/10/19 05,2,18
2011/10/19 07,1,11
2011/10/19 08,1,11
2011/10/19 11,1,4
2011/10/19 12,2,12
2011/10/19 13,2,14
2011/10/19 14,1,11
2011/10/19 15,2,16
2011/10/19 16,1,3
2011/10/19 17,2,10
2011/10/19 18,3,12
2011/10/19 19,5,33
2011/10/19 20,5,62
2011/10/19 21,6,77
2011/10/19 22,3,58
2011/10/19 23,3,104
2011/10/20 00,3,131
2011/10/20 01,4,148
2011/10/20 02,4,26
2011/10/20 03,2,16
2011/10/20 04,3,25
2011/10/20 05,3,37
2011/10/20 06,4,38
2011/10/20 07,3,31
2011/10/20 08,3,23
2011/10/20 09,2,3
2011/10/20 10,2,9
2011/10/20 11,2,12
2011/10/20 12,1,9
2011/10/20 13,1,11
2011/10/20 14,1,11
2011/10/20 15,1,10
2011/10/20 16,2,6
2011/10/20 17,1,9
2011/10/20 18,3,26
2011/10/20 19,4,48
2011/10/20 20,5,66
2011/10/20 21,7,84
2011/10/20 22,5,41
2011/10/20 23,7,100
2011/10/21 00,6,210
2011/10/21 01,4,175
2011/10/21 02,3,146
2011/10/21 03,1,24
2011/10/21 04,3,38
2011/10/21 05,2,14
2011/10/21 06,3,20
2011/10/21 07,2,19
2011/10/21 08,1,19
2011/10/21 09,1,21
2011/10/21 10,1,17
2011/10/21 11,1,11
2011/10/21 13,1,8
2011/10/21 14,1,2
2011/10/21 15,3,15
2011/10/21 16,3,22
2011/10/21 17,3,22
2011/10/21 19,2,1
2011/10/21 20,3,23
2011/10/21 21,6,30
2011/10/21 22,2,25
2011/10/21 23,6,43
2011/10/22 00,5,42
2011/10/22 01,7,50
2011/10/22 02,4,53
2011/10/22 03,3,73
2011/10/22 04,5,57
2011/10/22 05,5,28
2011/10/22 06,2,6
2011/10/22 07,1,7
2011/10/22 08,2,7
2011/10/22 09,2,2
2011/10/22 10,1,2
2011/10/22 11,1,3
2011/10/22 12,2,19
2011/10/22 13,4,13
2011/10/22 14,2,17
2011/10/22 15,3,44
2011/10/22 16,2,36
2011/10/22 17,3,53
2011/10/22 18,5,66
2011/10/22 19,3,30
2011/10/22 20,4,31
2011/10/22 21,4,39
2011/10/22 22,3,44
2011/10/22 23,3,49
2011/10/23 00,6,39
2011/10/23 01,3,18
2011/10/23 02,3,23
2011/10/23 03,5,23
2011/10/23 04,5,36
2011/10/23 05,4,30
2011/10/23 06,3,40
2011/10/23 07,2,14
2011/10/23 08,2,18
2011/10/23 09,3,15
2011/10/23 10,5,24
2011/10/23 11,5,26
2011/10/23 12,5,33
2011/10/23 13,4,28
2011/10/23 14,4,49
2011/10/23 15,5,64
2011/10/23 16,6,52
2011/10/23 17,5,55
2011/10/23 18,6,57
2011/10/23 19,6,63
2011/10/23 20,5,70
2011/10/23 21,4,66
2011/10/23 22,2,63
2011/10/23 23,3,70
2011/10/24 00,3,42
2011/10/24 01,6,72
2011/10/24 02,5,68
2011/10/24 03,6,84
2011/10/24 04,2,51
2011/10/24 05,3,43
2011/10/24 06,3,37
2011/10/24 07,3,38
2011/10/24 08,1,1
2011/10/24 09,2,4
2011/10/24 11,1,7
2011/10/24 12,2,11
2011/10/24 13,1,3
2011/10/24 14,2,32
2011/10/24 15,2,37
2011/10/24 16,1,27
2011/10/24 17,1,31
2011/10/24 18,2,11
2011/10/24 19,4,29
2011/10/24 20,4,30
2011/10/24 21,7,48
2011/10/24 22,7,42
2011/10/24 23,6,61
2011/10/25 00,5,78
2011/10/25 01,5,106
2011/10/25 02,5,91
2011/10/25 03,6,73
2011/10/25 04,5,61
2011/10/25 05,4,50
2011/10/25 06,4,33
2011/10/25 07,3,13
2011/10/25 08,3,11
2011/10/25 09,1,7
2011/10/25 10,1,8
2011/10/25 11,1,6
2011/10/25 13,3,6
2011/10/25 14,3,16
2011/10/25 15,5,19
2011/10/25 16,4,14
2011/10/25 17,4,61
2011/10/25 18,5,97
2011/10/25 19,6,106
2011/10/25 20,6,46
2011/10/25 21,3,43
2011/10/25 22,2,51
2011/10/25 23,4,42
2011/10/26 00,6,54
2011/10/26 01,6,66
2011/10/26 02,4,64
2011/10/26 03,5,72
2011/10/26 04,2,23
2011/10/26 05,1,11
2011/10/26 06,2,18
2011/10/26 07,2,21
2011/10/26 08,2,17
2011/10/26 09,2,9
2011/10/26 10,2,13
2011/10/26 11,2,8
2011/10/26 12,2,3
2011/10/26 13,2,8
2011/10/26 14,2,8
2011/10/26 16,1,3
2011/10/26 17,2,10
2011/10/26 19,1,24
2011/10/26 20,1,30
2011/10/26 21,2,31
2011/10/26 22,3,43
2011/10/26 23,3,48
2011/10/27 00,3,66
2011/10/27 01,2,46
2011/10/27 02,3,41
2011/10/27 03,3,38
2011/10/27 04,4,45
2011/10/27 05,3,35
2011/10/27 06,3,31
2011/10/27 07,2,7
2011/10/27 08,1,5
2011/10/27 09,2,11
2011/10/27 10,1,11
2011/10/27 11,2,9
2011/10/27 15,1,2
2011/10/27 17,1,1
2011/10/27 18,1,3
2011/10/27 19,2,5
2011/10/27 20,1,4
2011/10/27 21,7,40
2011/10/27 22,8,46
2011/10/27 23,7,46
2011/10/28 00,5,69
2011/10/28 01,6,69
2011/10/28 02,7,65
2011/10/28 03,5,34
2011/10/28 04,4,32
2011/10/28 05,3,33
2011/10/28 06,4,28
2011/10/28 07,4,31
2011/10/28 08,5,22
2011/10/28 09,3,13
2011/10/28 10,3,17
2011/10/28 11,3,13
2011/10/28 12,3,8
2011/10/28 13,5,8
2011/10/28 14,4,20
2011/10/28 15,4,19
2011/10/28 16,3,12
2011/10/28 17,2,18
2011/10/28 18,1,22
2011/10/28 19,2,29
2011/10/28 20,4,27
2011/10/28 21,3,19
2011/10/28 22,4,43
2011/10/28 23,3,43
2011/10/29 00,4,41
2011/10/29 01,3,42
2011/10/29 02,3,41
2011/10/29 03,3,41
2011/10/29 04,4,50
2011/10/29 05,3,46
2011/10/29 06,2,45
2011/10/29 07,1,7
2011/10/29 08,1,13
2011/10/29 10,2,1
2011/10/29 11,3,10
2011/10/29 12,5,19
2011/10/29 13,3,27
2011/10/29 14,2,34
2011/10/29 15,3,38
2011/10/29 16,5,37
2011/10/29 17,6,56
2011/10/29 18,8,87
2011/10/29 19,6,45
2011/10/29 20,2,47
2011/10/29 21,5,59
2011/10/29 22,3,50
2011/10/29 23,4,63
2011/10/30 00,6,64
2011/10/30 01,3,50
2011/10/30 02,3,58
2011/10/30 03,5,65
2011/10/30 04,3,55
2011/10/30 05,4,51
2011/10/30 06,4,25
2011/10/30 07,3,27
2011/10/30 08,3,22
2011/10/30 09,3,17
2011/10/30 10,1,8
2011/10/30 11,3,9
2011/10/30 12,3,9
2011/10/30 13,3,25
2011/10/30 14,3,28
2011/10/30 15,3,28
2011/10/30 16,5,50
2011/10/30 17,7,59
2011/10/30 18,6,51
2011/10/30 19,3,39
2011/10/30 20,5,29
2011/10/30 21,6,60
2011/10/30 22,9,71
2011/10/30 23,8,100
2011/10/31 00,8,98
2011/10/31 01,4,91
2011/10/31 02,3,37
2011/10/31 03,5,43
2011/10/31 04,4,37
2011/10/31 05,3,26
2011/10/31 06,3,24
2011/10/31 07,4,72
2011/10/31 08,3,28
2011/10/31 09,3,22
2011/10/31 10,3,18
2011/10/31 11,3,23
2011/10/31 12,1,14
2011/10/31 13,1,20
2011/10/31 14,1,14
2011/10/31 15,1,9
2011/10/31 16,1,25
2011/10/31 17,2,64
2011/10/31 18,4,83
2011/10/31 19,5,94
2011/10/31 20,4,140
2011/10/31 21,5,78
2011/10/31 22,4,29
2011/10/31 23,2,19
2011/11/01 00,1,12
2011/11/01 01,3,77
2011/11/01 02,5,71
2011/11/01 03,3,19
2011/11/01 04,4,26
2011/11/01 05,1,12
2011/11/01 06,1,11
2011/11/01 07,1,12
2011/11/01 08,1,11
2011/11/01 09,1,8
2011/11/01 11,2,15
2011/11/01 12,1,20
2011/11/01 13,2,24
2011/11/01 14,2,18
2011/11/01 15,4,48
2011/11/01 16,3,203
2011/11/03 15,1,28
2011/11/03 16,4,50
2011/11/03 17,5,64
2011/11/03 18,5,57
2011/11/03 19,6,57
2011/11/03 20,5,45
2011/11/03 21,6,62
2011/11/03 22,6,67
2011/11/03 23,5,72
2011/11/04 00,7,52
2011/11/04 01,5,44
2011/11/04 02,5,43
2011/11/04 03,6,38
2011/11/04 04,6,38
2011/11/04 05,5,26
2011/11/04 06,3,20
2011/11/04 07,5,17
2011/11/04 08,3,7
2011/11/04 09,2,8
2011/11/04 10,3,11
2011/11/04 11,3,17
2011/11/04 12,2,19
2011/11/04 13,3,27
2011/11/04 14,3,31
2011/11/04 15,6,55
2011/11/04 16,6,51
2011/11/04 17,4,28
2011/11/04 18,5,60
2011/11/04 19,4,73
2011/11/04 20,5,59
2011/11/04 21,3,48
2011/11/04 22,2,50
2011/11/04 23,6,35
2011/11/05 00,8,42
2011/11/05 01,6,55
2011/11/05 02,5,57
2011/11/05 03,5,62
2011/11/05 04,4,41
2011/11/05 05,5,46
2011/11/05 06,5,37
2011/11/05 07,3,29
2011/11/05 08,1,16
2011/11/05 09,1,18
2011/11/05 10,1,18
2011/11/05 11,1,21
2011/11/05 13,1,7
2011/11/05 14,2,29
2011/11/05 15,2,33
2011/11/05 16,2,36
2011/11/05 17,2,46
2011/11/05 18,3,53
2011/11/05 19,5,42
2011/11/05 20,3,42
2011/11/05 21,6,68
2011/11/05 22,8,85
2011/11/05 23,7,75
2011/11/06 00,7,94
2011/11/06 01,5,90
2011/11/06 02,8,129
2011/11/06 03,7,66
2011/11/06 04,9,69
2011/11/06 05,8,76
2011/11/06 06,8,64
2011/11/06 07,5,30
2011/11/06 08,5,29
2011/11/06 09,5,29
2011/11/06 10,2,20
2011/11/06 11,1,17
2011/11/06 12,3,28
2011/11/06 13,2,13
2011/11/06 14,1,20
2011/11/06 15,5,42
2011/11/06 16,3,58
2011/11/06 17,3,62
2011/11/06 18,7,47
2011/11/06 19,6,53
2011/11/06 20,5,54
2011/11/06 21,5,62
2011/11/06 22,5,79
2011/11/06 23,4,66
2011/11/07 00,7,171
2011/11/07 01,7,134
2011/11/07 02,10,126
2011/11/07 03,12,101
2011/11/07 04,9,76
2011/11/07 05,4,28
2011/11/07 06,4,28
2011/11/07 07,4,27
2011/11/07 08,2,11
2011/11/07 09,3,23
2011/11/07 10,1,10
2011/11/07 15,1,5
2011/11/07 16,3,14
2011/11/07 17,3,28
2011/11/07 18,4,36
2011/11/07 19,5,58
2011/11/07 20,6,59
2011/11/07 21,4,39
2011/11/07 22,3,5
2011/11/07 23,2,18
2011/11/08 00,4,42
2011/11/08 01,7,74
2011/11/08 02,6,56
2011/11/08 03,9,55
2011/11/08 04,7,49
2011/11/08 05,8,35
2011/11/08 06,2,23
2011/11/08 07,1,14
2011/11/08 12,1,2
2011/11/08 13,1,5
2011/11/08 14,3,14
2011/11/08 15,2,16
2011/11/08 16,3,26
2011/11/08 17,4,16
2011/11/08 18,3,20
2011/11/08 19,2,19
2011/11/08 20,3,18
2011/11/08 21,3,15
2011/11/08 22,3,21
2011/11/08 23,3,25
2011/11/09 00,3,40
2011/11/09 01,2,43
2011/11/09 02,3,38
2011/11/09 03,3,27
2011/11/09 04,2,13
2011/11/09 05,6,33
2011/11/09 06,4,36
2011/11/09 07,4,46
2011/11/09 08,2,25
2011/11/09 09,2,17
2011/11/09 10,3,13
2011/11/09 11,1,4
2011/11/09 12,2,7
2011/11/09 13,1,6
2011/11/09 14,2,10
2011/11/09 15,3,21
2011/11/09 16,2,15
2011/11/09 17,3,20
2011/11/09 18,1,11
2011/11/09 19,2,22
2011/11/09 20,2,15
2011/11/09 22,2,14
2011/11/09 23,4,37
2011/11/10 00,5,64
2011/11/10 01,10,193
2011/11/10 02,7,168
2011/11/10 03,5,61
2011/11/10 04,5,61
2011/11/10 05,6,64
2011/11/10 06,8,60
2011/11/10 07,5,53
2011/11/10 08,4,55
2011/11/10 09,2,30
2011/11/10 10,2,19
2011/11/10 11,1,18
2011/11/10 12,1,20
2011/11/10 13,1,14
2011/11/10 16,2,2
2011/11/10 17,2,17
2011/11/10 18,1,21
2011/11/10 19,1,9
2011/11/10 20,2,6
2011/11/10 21,2,10
2011/11/10 22,3,20
2011/11/10 23,2,24
2011/11/11 00,2,19
2011/11/11 01,3,27
2011/11/11 02,4,19
2011/11/11 03,5,30
2011/11/11 04,4,26
2011/11/11 05,4,24
2011/11/11 06,7,36
2011/11/11 07,4,31
2011/11/11 08,3,17
2011/11/11 09,2,7
2011/11/11 10,4,19
2011/11/11 11,4,12
2011/11/11 12,2,14
2011/11/11 13,2,9
2011/11/11 14,2,17
2011/11/11 15,3,14
2011/11/11 16,1,12
2011/11/11 17,3,28
2011/11/11 18,5,56
2011/11/11 19,5,53
2011/11/11 20,4,35
2011/11/11 21,5,42
2011/11/11 22,9,58
2011/11/11 23,8,35
2011/11/12 00,7,57
2011/11/12 01,11,62
2011/11/12 02,7,39
2011/11/12 03,5,43
2011/11/12 04,3,18
2011/11/12 05,5,34
2011/11/12 06,4,29
2011/11/12 07,3,19
2011/11/12 08,1,22
2011/11/12 09,1,20
2011/11/12 11,1,1
2011/11/12 15,1,10
2011/11/12 16,2,17
2011/11/12 17,3,18
2011/11/12 18,3,13
2011/11/12 19,3,17
2011/11/12 20,5,30
2011/11/12 21,4,33
2011/11/12 22,6,45
2011/11/12 23,6,49
2011/11/13 00,5,28
2011/11/13 01,6,45
2011/11/13 02,6,38
2011/11/13 03,3,21
2011/11/13 04,2,19
2011/11/13 05,3,30
2011/11/13 06,4,29
2011/11/13 07,2,29
2011/11/13 08,2,15
2011/11/13 15,1,1
2011/11/13 16,1,7
2011/11/13 17,3,33
2011/11/13 18,4,44
2011/11/13 19,4,43
2011/11/13 20,6,41
2011/11/13 21,4,30
2011/11/13 22,3,21
2011/11/13 23,3,30
2011/11/14 00,2,21
2011/11/14 05,1,1
2011/11/14 06,1,9
2011/11/14 07,2,1
2011/11/14 08,2,7
2011/11/14 09,1,8
2011/11/14 10,1,14
2011/11/14 11,1,12
2011/11/14 12,1,8
2011/11/14 14,1,5
2011/11/14 15,1,4
2011/11/14 16,1,5
2011/11/14 17,1,0
2011/11/14 18,2,5
2011/11/14 19,1,1
2011/11/14 20,1,2
2011/11/14 21,2,5
2011/11/14 22,1,1
2011/11/14 23,2,7
2011/11/15 00,3,20
2011/11/15 01,3,27
2011/11/15 02,2,12
2011/11/15 04,1,4
2011/11/15 05,1,12
2011/11/15 06,1,14
2011/11/15 07,1,12
2011/11/15 17,1,3
2011/11/15 18,2,16
2011/11/15 19,4,32
2011/11/15 20,4,22
2011/11/15 21,1,9
2011/11/16 01,1,2
2011/11/16 02,3,9
2011/11/16 03,3,27
2011/11/16 04,2,17
2011/11/16 05,1,13
2011/11/16 06,1,9
2011/11/16 07,1,4
2011/11/16 08,1,5
2011/11/16 17,1,5
2011/11/16 18,1,21
2011/11/16 19,2,19
2011/11/16 20,1,9
2011/11/16 21,3,18
2011/11/16 22,4,25
2011/11/16 23,2,21
2011/11/17 00,1,6
2011/11/17 06,1,3
2011/11/17 07,1,5
2011/11/17 08,1,6
2011/11/17 13,1,20
2011/11/17 14,2,73
2011/11/17 15,1,74
2011/11/17 16,1,67
2011/11/17 17,3,84
2011/11/17 18,2,9
2011/11/17 19,3,21
2011/11/17 20,3,21
2011/11/17 21,4,28
2011/11/17 22,3,38
2011/11/17 23,2,19
2011/11/18 00,1,18
2011/11/18 01,1,15
2011/11/18 03,1,1
2011/11/18 04,2,8
2011/11/18 05,4,25
2011/11/18 06,5,26
2011/11/18 07,2,14
2011/11/18 08,1,12
2011/11/18 09,1,12
2011/11/18 10,1,10
2011/11/18 11,1,1
2011/11/18 12,2,11
2011/11/18 13,2,10
2011/11/18 14,2,18
2011/11/18 15,4,23
2011/11/18 16,4,27
2011/11/18 17,3,10
2011/11/18 18,3,28
2011/11/18 19,3,34
2011/11/18 20,2,34
2011/11/18 21,3,29
2011/11/18 22,3,20
2011/11/18 23,3,32
2011/11/19 00,5,39
2011/11/19 01,5,64
2011/11/19 02,5,70
2011/11/19 03,4,59
2011/11/19 04,4,66
2011/11/19 05,4,63
2011/11/19 06,4,54
2011/11/19 07,3,28
2011/11/19 08,2,24
2011/11/19 09,2,31
2011/11/19 10,2,24
2011/11/19 11,2,21
2011/11/19 12,1,3
2011/11/19 13,1,13
2011/11/19 14,2,22
2011/11/19 15,1,29
2011/11/19 16,2,36
2011/11/19 17,2,30
2011/11/19 18,1,7
2011/11/19 19,4,43
2011/11/19 20,7,56
2011/11/19 21,4,41
2011/11/19 22,4,42
2011/11/19 23,3,30
2011/11/20 00,2,20
2011/11/20 01,2,13
2011/11/20 02,3,13
2011/11/20 03,5,34
2011/11/20 04,6,44
2011/11/20 05,5,50
2011/11/20 06,5,43
2011/11/20 07,5,44
2011/11/20 08,2,22
2011/11/20 09,1,13
2011/11/20 10,2,18
2011/11/20 11,2,24
2011/11/20 12,3,26
2011/11/20 13,2,24
2011/11/20 14,3,39
2011/11/20 15,2,69
2011/11/20 16,2,41
2011/11/20 17,2,14
2011/11/20 18,3,22
2011/11/20 19,4,84
2011/11/20 20,6,39
2011/11/20 21,3,35
2011/11/20 22,4,37
2011/11/20 23,7,42
2011/11/21 00,5,42
2011/11/21 01,5,61
2011/11/21 02,5,84
2011/11/21 03,6,70
2011/11/21 04,5,37
2011/11/21 05,2,20
2011/11/21 06,4,37
2011/11/21 07,4,21
2011/11/21 08,3,18
2011/11/21 09,2,14
2011/11/21 11,1,1
2011/11/21 12,2,12
2011/11/21 13,4,27
2011/11/21 14,3,31
2011/11/21 15,3,28
2011/11/21 16,2,43
2011/11/21 17,3,56
2011/11/21 18,3,62
2011/11/21 19,4,42
2011/11/21 20,5,34
2011/11/21 21,4,38
2011/11/21 22,5,35
2011/11/21 23,4,38
2011/11/22 00,3,30
2011/11/22 01,2,27
2011/11/22 02,3,31
2011/11/22 03,2,15
2011/11/22 04,2,37
2011/11/22 05,2,24
2011/11/22 06,3,32
2011/11/22 07,3,38
2011/11/22 08,1,31
2011/11/22 09,1,23
2011/11/22 10,1,3
2011/11/22 12,1,1
2011/11/22 13,1,4
2011/11/22 14,2,14
2011/11/22 15,1,7
2011/11/22 16,1,1
2011/11/22 17,2,12
2011/11/22 18,2,13
2011/11/22 19,3,24
2011/11/22 20,5,29
2011/11/22 21,7,43
2011/11/22 22,4,53
2011/11/22 23,4,53
2011/11/23 00,3,54
2011/11/23 01,2,44
2011/11/23 02,3,45
2011/11/23 03,4,39
2011/11/23 04,5,57
2011/11/23 05,3,36
2011/11/23 06,3,35
2011/11/23 07,3,33
2011/11/23 08,4,29
2011/11/23 09,1,24
2011/11/23 10,1,23
2011/11/23 11,2,14
2011/11/23 12,1,1
2011/11/23 13,3,21
2011/11/23 14,4,28
2011/11/23 15,4,34
2011/11/23 16,3,28
2011/11/23 17,3,33
2011/11/23 18,4,37
2011/11/23 19,5,43
2011/11/23 20,5,33
2011/11/23 21,6,36
2011/11/23 22,4,43
2011/11/23 23,4,122
2011/11/24 00,6,140
2011/11/24 01,5,143
2011/11/24 02,7,140
2011/11/24 03,8,88
2011/11/24 04,5,41
2011/11/24 05,3,39
2011/11/24 06,3,33
2011/11/24 07,2,16
2011/11/24 08,1,10
2011/11/24 09,3,18
2011/11/24 10,3,23
2011/11/24 11,3,28
2011/11/24 12,2,26
2011/11/24 13,1,15
2011/11/24 14,3,28
2011/11/24 15,2,33
2011/11/24 16,2,37
2011/11/24 17,2,36
2011/11/24 18,3,47
2011/11/24 19,1,30
2011/11/24 20,1,33
2011/11/24 21,6,41
2011/11/24 22,7,64
2011/11/24 23,4,55
2011/11/25 00,3,48
2011/11/25 01,1,30
2011/11/25 02,2,27
2011/11/25 03,2,23
2011/11/25 04,3,25
2011/11/25 05,2,8
2011/11/25 06,2,14
2011/11/25 07,4,35
2011/11/25 08,4,47
2011/11/25 09,3,35
2011/11/25 10,2,32
2011/11/25 11,3,34
2011/11/25 12,2,18
2011/11/25 13,3,26
2011/11/25 14,3,27
2011/11/25 15,4,28
2011/11/25 16,2,31
2011/11/25 17,2,49
2011/11/25 18,1,40
2011/11/25 19,2,38
2011/11/25 20,3,36
2011/11/25 21,5,43
2011/11/25 22,10,66
2011/11/25 23,7,67
2011/11/26 00,8,64
2011/11/26 01,8,73
2011/11/26 02,5,54
2011/11/26 03,4,48
2011/11/26 04,2,34
2011/11/26 05,3,31
2011/11/26 06,3,32
2011/11/26 07,5,42
2011/11/26 08,4,38
2011/11/26 09,3,37
2011/11/26 10,3,39
2011/11/26 11,6,45
2011/11/26 12,4,29
2011/11/26 13,3,32
2011/11/26 14,1,1
2011/11/26 15,1,1
2011/11/26 16,3,16
2011/11/26 17,3,25
2011/11/26 18,4,39
2011/11/26 19,7,170
2011/11/26 20,4,152
2011/11/26 21,3,146
2011/11/26 22,4,139
2011/11/26 23,3,73
2011/11/27 00,3,43
2011/11/27 01,7,67
2011/11/27 02,5,60
2011/11/27 03,5,85
2011/11/27 04,5,111
2011/11/27 05,5,108
2011/11/27 06,4,67
2011/11/27 07,4,49
2011/11/27 08,3,42
2011/11/27 09,2,29
2011/11/27 10,1,25
2011/11/27 11,1,21
2011/11/27 13,2,10
2011/11/27 14,2,17
2011/11/27 15,2,34
2011/11/27 16,4,37
2011/11/27 17,4,68
2011/11/27 18,4,52
2011/11/27 19,6,64
2011/11/27 20,5,53
2011/11/27 21,7,56
2011/11/27 22,5,41
2011/11/27 23,8,69
2011/11/28 00,7,79
2011/11/28 01,7,107
2011/11/28 02,5,55
2011/11/28 03,7,59
2011/11/28 04,5,50
2011/11/28 05,6,57
2011/11/28 06,4,44
2011/11/28 07,4,40
2011/11/28 08,2,35
2011/11/28 09,2,23
2011/11/28 10,2,27
2011/11/28 11,3,36
2011/11/28 12,4,30
2011/11/28 13,5,35
2011/11/28 14,4,35
2011/11/28 15,5,35
2011/11/28 16,5,67
2011/11/28 17,5,66
2011/11/28 18,5,51
2011/11/28 19,2,40
2011/11/28 20,4,36
2011/11/28 21,8,87
2011/11/28 22,7,107
2011/11/28 23,7,87
2011/11/29 00,7,106
2011/11/29 01,7,68
2011/11/29 02,9,81
2011/11/29 03,7,71
2011/11/29 04,5,80
2011/11/29 05,5,64
2011/11/29 06,2,41
2011/11/29 07,4,40
2011/11/29 08,2,26
2011/11/29 09,2,29
2011/11/29 10,1,25
2011/11/29 11,2,26
2011/11/29 12,2,7
2011/11/29 13,3,17
2011/11/29 14,7,33
2011/11/29 15,5,21
2011/11/29 16,5,37
2011/11/29 17,7,65
2011/11/29 18,7,87
2011/11/29 19,5,36
2011/11/29 20,4,37
2011/11/29 21,3,36
2011/11/29 22,6,65
2011/11/29 23,11,92
2011/11/30 00,10,103
2011/11/30 01,8,63
2011/11/30 02,8,158
2011/11/30 03,8,144
2011/11/30 04,6,67
2011/11/30 05,6,66
2011/11/30 06,3,45
2011/11/30 07,5,54
2011/11/30 08,4,25
2011/11/30 09,3,18
2011/11/30 10,2,20
2011/11/30 11,4,53
2011/11/30 12,5,59
2011/11/30 13,4,26
2011/11/30 14,4,26
2011/11/30 15,2,25
2011/11/30 16,2,24
2011/11/30 17,1,13
2011/11/30 18,3,19
2011/11/30 19,3,20
2011/11/30 20,1,2
2011/11/30 21,1,7
2011/11/30 22,3,24
2011/11/30 23,5,46
2011/12/01 00,5,59
2011/12/01 01,6,101
2011/12/01 02,6,63
2011/12/01 03,7,89
2011/12/01 04,7,73
2011/12/01 05,5,51
2011/12/01 06,2,30
2011/12/01 07,2,15
2011/12/01 08,2,25
2011/12/01 09,3,29
2011/12/01 10,2,28
2011/12/01 11,2,22
2011/12/01 12,1,25
2011/12/01 13,1,19
2011/12/01 14,1,2
2011/12/01 15,2,12
2011/12/01 16,4,26
2011/12/01 17,4,20
2011/12/01 18,6,24
2011/12/01 19,3,19
2011/12/01 20,1,18
2011/12/01 21,3,20
2011/12/01 22,8,73
2011/12/01 23,7,91
2011/12/02 00,6,82
2011/12/02 01,5,56
2011/12/02 02,6,42
2011/12/02 03,5,44
2011/12/02 04,4,41
2011/12/02 05,3,30
2011/12/02 06,4,34
2011/12/02 07,5,43
2011/12/02 08,6,32
2011/12/02 09,6,30
2011/12/02 10,4,21
2011/12/02 11,3,19
2011/12/02 12,2,17
2011/12/02 13,1,17
2011/12/02 14,3,11
2011/12/02 15,4,14
2011/12/02 16,4,26
2011/12/02 17,5,35
2011/12/02 18,4,33
2011/12/02 19,5,28
2011/12/02 20,4,27
2011/12/02 21,3,32
2011/12/02 22,5,61
2011/12/02 23,8,133
2011/12/03 00,8,178
2011/12/03 01,8,182
2011/12/03 02,7,161
2011/12/03 03,4,56
2011/12/03 04,7,59
2011/12/03 05,8,83
2011/12/03 06,8,82
2011/12/03 07,10,94
2011/12/03 08,8,61
2011/12/03 09,6,52
2011/12/03 10,5,37
2011/12/03 11,5,29
2011/12/03 12,4,41
2011/12/03 13,3,37
2011/12/03 14,6,47
2011/12/03 15,5,51
2011/12/03 16,5,54
2011/12/03 17,4,25
2011/12/03 18,4,65
2011/12/03 19,5,75
2011/12/03 20,7,89
2011/12/03 21,11,212
2011/12/03 22,10,239
2011/12/03 23,11,239
2011/12/04 00,9,175
2011/12/04 01,8,168
2011/12/04 02,7,114
2011/12/04 03,9,89
2011/12/04 04,9,96
2011/12/04 05,7,101
2011/12/04 06,7,79
2011/12/04 07,8,88
2011/12/04 08,4,53
2011/12/04 09,7,58
2011/12/04 10,7,55
2011/12/04 11,5,48
2011/12/04 12,4,31
2011/12/04 13,6,43
2011/12/04 14,4,33
2011/12/04 15,3,24
2011/12/04 16,2,18
2011/12/04 17,1,9
2011/12/04 18,2,182
2011/12/04 19,5,163
2011/12/04 20,7,212
2011/12/04 21,6,201
2011/12/04 22,5,225
2011/12/04 23,7,136
2011/12/05 00,6,134
2011/12/05 01,7,109
2011/12/05 02,4,58
2011/12/05 03,6,69
2011/12/05 04,6,66
2011/12/05 05,5,54
2011/12/05 06,5,46
2011/12/05 07,3,34
2011/12/05 08,3,30
2011/12/05 09,2,23
2011/12/05 10,5,25
2011/12/05 11,7,30
2011/12/05 12,5,32
2011/12/05 13,4,33
2011/12/05 14,4,35
2011/12/05 15,4,42
2011/12/05 16,4,32
2011/12/05 17,3,22
2011/12/05 18,2,23
2011/12/05 19,2,22
2011/12/05 20,5,43
2011/12/05 21,6,34
2011/12/05 22,6,29
2011/12/05 23,10,71
2011/12/06 00,11,107
2011/12/06 01,9,90
2011/12/06 02,7,88
2011/12/06 03,7,81
2011/12/06 04,5,55
2011/12/06 05,4,49
2011/12/06 06,4,37
2011/12/06 07,4,30
2011/12/06 08,2,21
2011/12/06 09,3,18
2011/12/06 10,3,11
2011/12/06 11,2,3
2011/12/06 13,2,10
2011/12/06 14,5,20
2011/12/06 15,4,21
2011/12/06 16,5,32
2011/12/06 17,3,23
2011/12/06 18,3,32
2011/12/06 19,4,29
2011/12/06 20,1,11
2011/12/06 21,2,19
2011/12/06 22,5,76
2011/12/06 23,3,80
2011/12/07 00,5,109
2011/12/07 01,4,61
2011/12/07 02,5,59
2011/12/07 03,4,72
2011/12/07 04,5,50
2011/12/07 05,5,36
2011/12/07 06,5,46
2011/12/07 07,5,37
2011/12/07 08,4,33
2011/12/07 09,2,19
2011/12/07 12,2,9
2011/12/07 13,4,20
2011/12/07 14,3,17
2011/12/07 15,4,25
2011/12/07 16,4,32
2011/12/07 17,3,22
2011/12/07 18,2,20
2011/12/07 19,2,21
2011/12/07 20,6,56
2011/12/07 21,5,51
2011/12/07 22,4,41
2011/12/07 23,7,69
2011/12/08 00,7,90
2011/12/08 01,8,96
2011/12/08 02,6,77
2011/12/08 03,5,68
2011/12/08 04,4,70
2011/12/08 05,4,33
2011/12/08 06,3,30
2011/12/08 07,4,39
2011/12/08 08,4,25
2011/12/08 09,3,32
2011/12/08 10,1,14
2011/12/08 11,1,16
2011/12/08 12,1,11
2011/12/08 13,1,11
2011/12/08 14,1,7
2011/12/08 15,2,14
2011/12/08 16,4,32
2011/12/08 17,3,29
2011/12/08 18,5,47
2011/12/08 19,3,22
2011/12/08 20,3,23
2011/12/08 21,4,33
2011/12/08 22,3,44
2011/12/08 23,3,35
2011/12/09 00,5,59
2011/12/09 01,5,60
2011/12/09 02,7,73
2011/12/09 03,9,76
2011/12/09 04,5,57
2011/12/09 05,5,58
2011/12/09 06,4,48
2011/12/09 07,3,41
2011/12/09 08,2,25
2011/12/09 09,1,17
2011/12/09 10,1,10
2011/12/09 11,2,17
2011/12/09 12,1,18
2011/12/09 13,1,20
2011/12/09 14,1,29
2011/12/09 15,4,40
2011/12/09 16,5,55
2011/12/09 17,4,57
2011/12/09 18,3,18
2011/12/09 19,4,34
2011/12/09 20,4,31
2011/12/09 21,2,29
2011/12/09 22,4,56
2011/12/09 23,5,72
2011/12/10 00,5,66
2011/12/10 01,4,82
2011/12/10 02,10,177
2011/12/10 03,11,223
2011/12/10 04,11,239
2011/12/10 05,9,216
2011/12/10 06,9,189
2011/12/10 07,5,119
2011/12/10 08,2,82
2011/12/10 09,1,19
2011/12/10 10,2,24
2011/12/10 11,2,23
2011/12/10 12,2,23
2011/12/10 13,1,4
2011/12/10 15,1,2
2011/12/10 16,4,28
2011/12/10 17,7,52
2011/12/10 18,7,115
2011/12/10 19,6,137
2011/12/10 20,9,108
2011/12/10 21,5,74
2011/12/10 22,8,67
2011/12/10 23,8,65
2011/12/11 00,6,45
2011/12/11 01,8,49
2011/12/11 02,8,50
2011/12/11 03,7,56
2011/12/11 04,8,69
2011/12/11 05,7,68
2011/12/11 06,7,74
2011/12/11 07,6,61
2011/12/11 08,4,53
2011/12/11 09,5,57
2011/12/11 10,3,32
2011/12/11 11,4,31
2011/12/11 12,2,11
2011/12/11 13,4,21
2011/12/11 14,3,22
2011/12/11 15,4,32
2011/12/11 16,5,29
2011/12/11 17,3,21
2011/12/11 18,4,50
2011/12/11 19,5,255
2011/12/11 20,10,242
2011/12/11 21,7,278
2011/12/11 22,7,261
2011/12/11 23,7,69
2011/12/12 00,8,86
2011/12/12 01,6,75
2011/12/12 02,9,93
2011/12/12 03,8,85
2011/12/12 04,8,104
2011/12/12 05,4,69
2011/12/12 06,5,73
2011/12/12 07,6,61
2011/12/12 08,5,62
2011/12/12 09,2,10
2011/12/12 10,2,11
2011/12/12 11,3,14
2011/12/12 12,2,11
2011/12/12 13,2,16
2011/12/12 14,1,9
2011/12/12 15,1,10
2011/12/12 17,3,8
2011/12/12 18,5,24
2011/12/12 19,4,30
2011/12/12 20,3,29
2011/12/12 21,5,46
2011/12/12 22,5,58
2011/12/12 23,6,83
2011/12/13 00,6,102
2011/12/13 01,5,79
2011/12/13 02,7,86
2011/12/13 03,10,86
2011/12/13 04,7,87
2011/12/13 05,4,83
2011/12/13 06,2,62
2011/12/13 07,3,56
2011/12/13 08,2,44
2011/12/13 09,2,32
2011/12/13 10,2,27
2011/12/13 14,2,5
2011/12/13 15,1,7
2011/12/13 17,2,3
2011/12/13 18,1,3
2011/12/13 19,1,1
2011/12/13 20,3,23
2011/12/13 21,5,46
2011/12/13 22,6,62
2011/12/13 23,6,76
2011/12/14 00,6,75
2011/12/14 01,6,84
2011/12/14 02,5,73
2011/12/14 03,9,85
2011/12/14 04,8,88
2011/12/14 05,6,69
2011/12/14 06,6,74
2011/12/14 07,4,37
2011/12/14 08,2,30
2011/12/14 09,2,31
2011/12/14 10,2,32
2011/12/14 11,2,30
2011/12/14 12,1,7
2011/12/14 13,2,8
2011/12/14 14,2,10
2011/12/14 15,2,10
2011/12/14 16,4,27
2011/12/14 17,6,48
2011/12/14 18,6,46
2011/12/14 19,4,34
2011/12/14 20,5,35
2011/12/14 21,5,43
2011/12/14 22,6,56
2011/12/14 23,8,63
2011/12/15 00,9,82
2011/12/15 01,11,110
2011/12/15 02,12,82
2011/12/15 03,9,80
2011/12/15 04,7,82
2011/12/15 05,6,82
2011/12/15 06,6,72
2011/12/15 07,5,74
2011/12/15 08,4,47
2011/12/15 09,4,57
2011/12/15 10,3,36
2011/12/15 11,3,29
2011/12/15 12,3,26
2011/12/15 13,3,28
2011/12/15 14,3,23
2011/12/15 15,4,85
2011/12/15 16,3,29
2011/12/15 17,4,33
2011/12/15 18,4,26
2011/12/15 19,4,47
2011/12/15 20,4,41
2011/12/15 21,6,72
2011/12/15 22,7,91
2011/12/15 23,6,83
2011/12/16 00,3,82
2011/12/16 01,4,66
2011/12/16 02,8,94
2011/12/16 03,9,179
2011/12/16 04,6,182
2011/12/16 05,3,43
2011/12/16 06,3,57
2011/12/16 07,6,62
2011/12/16 08,5,44
2011/12/16 09,3,24
2011/12/16 10,4,31
2011/12/16 11,3,22
2011/12/16 12,2,17
2011/12/16 13,2,17
2011/12/16 14,6,36
2011/12/16 15,3,14
2011/12/16 16,8,31
2011/12/16 17,8,40
2011/12/16 18,9,44
2011/12/16 19,8,40
2011/12/16 20,8,150
2011/12/16 21,9,182
2011/12/16 22,10,179
2011/12/16 23,13,166
2011/12/17 00,11,176
2011/12/17 01,9,131
2011/12/17 02,8,97
2011/12/17 03,7,80
2011/12/17 04,11,96
2011/12/17 05,10,76
2011/12/17 06,8,70
2011/12/17 07,11,82
2011/12/17 08,8,56
2011/12/17 09,8,56
2011/12/17 10,7,51
2011/12/17 11,7,43
2011/12/17 12,5,51
2011/12/17 13,5,52
2011/12/17 14,4,46
2011/12/17 15,5,47
2011/12/17 16,5,49
2011/12/17 17,8,66
2011/12/17 18,7,61
2011/12/17 19,7,72
2011/12/17 20,8,277
2011/12/17 21,9,255
2011/12/17 22,11,156
2011/12/17 23,11,102
2011/12/18 00,9,102
2011/12/18 01,10,99
2011/12/18 02,10,93
2011/12/18 03,7,64
2011/12/18 04,8,124
2011/12/18 05,8,142
2011/12/18 06,11,158
2011/12/18 07,8,74
2011/12/18 08,7,70
2011/12/18 09,6,50
2011/12/18 10,5,57
2011/12/18 11,7,63
2011/12/18 12,7,69
2011/12/18 13,4,62
2011/12/18 14,8,80
2011/12/18 15,7,58
2011/12/18 16,6,44
2011/12/18 17,5,61
2011/12/18 18,7,307
2011/12/18 19,12,358
2011/12/18 20,8,250
2011/12/18 21,12,266
2011/12/18 22,13,99
2011/12/18 23,11,133
2011/12/19 00,14,202
2011/12/19 01,10,182
2011/12/19 02,10,160
2011/12/19 03,8,141
2011/12/19 04,11,143
2011/12/19 05,10,108
2011/12/19 06,7,93
2011/12/19 07,8,102
2011/12/19 08,5,49
2011/12/19 09,2,44
2011/12/19 10,2,40
2011/12/19 11,2,26
2011/12/19 12,2,30
2011/12/19 13,6,40
2011/12/19 14,9,62
2011/12/19 15,7,59
2011/12/19 16,11,107
2011/12/19 17,16,92
2011/12/19 18,15,140
2011/12/19 19,14,115
2011/12/19 20,16,166
2011/12/19 21,17,126
2011/12/19 22,19,145
2011/12/19 23,18,144
2011/12/20 00,18,197
2011/12/20 01,16,180
2011/12/20 02,10,158
2011/12/20 03,9,133
2011/12/20 04,8,144
2011/12/20 05,8,138
2011/12/20 06,7,97
2011/12/20 07,6,63
2011/12/20 08,4,56
2011/12/20 09,5,44
2011/12/20 10,8,51
2011/12/20 11,6,52
2011/12/20 12,5,47
2011/12/20 13,6,59
2011/12/20 14,5,67
2011/12/20 15,6,66
2011/12/20 16,7,62
2011/12/20 17,9,79
2011/12/20 18,7,91
2011/12/20 19,7,86
2011/12/20 20,9,95
2011/12/20 21,13,101
2011/12/20 22,12,97
2011/12/20 23,11,100
2011/12/21 00,13,162
2011/12/21 01,12,128
2011/12/21 02,14,138
2011/12/21 03,11,109
2011/12/21 04,11,106
2011/12/21 05,13,86
2011/12/21 06,11,85
2011/12/21 07,7,81
2011/12/21 08,5,69
2011/12/21 09,7,59
2011/12/21 10,7,51
2011/12/21 11,4,35
2011/12/21 12,4,29
2011/12/21 13,4,42
2011/12/21 14,6,48
2011/12/21 15,7,60
2011/12/21 16,7,72
2011/12/21 17,11,89
2011/12/21 18,12,72
2011/12/21 19,14,89
2011/12/21 20,12,72
2011/12/21 21,16,88
2011/12/21 22,12,78
2011/12/21 23,11,85
2011/12/22 00,13,108
2011/12/22 01,12,83
2011/12/22 02,12,109
2011/12/22 03,10,84
2011/12/22 04,9,146
2011/12/22 05,7,75
2011/12/22 06,7,203
2011/12/22 07,6,74
2011/12/22 08,7,46
2011/12/22 09,7,49
2011/12/22 10,9,55
2011/12/22 11,7,55
2011/12/22 12,5,43
2011/12/22 13,6,39
2011/12/22 14,6,43
2011/12/22 15,8,50
2011/12/22 16,9,65
2011/12/22 17,10,77
2011/12/22 18,11,103
2011/12/22 19,13,130
2011/12/22 20,12,118
2011/12/22 21,12,97
2011/12/22 22,12,163
2011/12/22 23,7,107
2011/12/23 00,11,126
2011/12/23 01,9,167
2011/12/23 02,10,92
2011/12/23 03,11,109
2011/12/23 04,11,180
2011/12/23 05,11,218
2011/12/23 06,12,237
2011/12/23 07,13,221
2011/12/23 08,9,155
2011/12/23 09,9,65
2011/12/23 10,6,42
2011/12/23 11,4,31
2011/12/23 12,5,27
2011/12/23 13,5,33
2011/12/23 14,2,19
2011/12/23 15,4,23
2011/12/23 16,4,84
2011/12/23 17,5,70
2011/12/23 18,9,45
2011/12/23 19,5,47
2011/12/23 20,9,135
2011/12/23 21,10,151
2011/12/23 22,13,345
2011/12/23 23,13,278
2011/12/24 00,12,286
2011/12/24 01,10,147
2011/12/24 02,5,89
2011/12/24 03,8,95
2011/12/24 04,9,247
2011/12/24 05,10,356
2011/12/24 06,11,310
2011/12/24 07,8,89
2011/12/24 08,11,86
2011/12/24 09,9,62
2011/12/24 10,3,37
2011/12/24 11,3,34
2011/12/24 12,6,47
2011/12/24 13,5,55
2011/12/24 14,6,46
2011/12/24 15,3,34
2011/12/24 16,3,45
2011/12/24 17,5,53
2011/12/24 18,8,41
2011/12/24 19,6,47
2011/12/24 20,7,50
2011/12/24 21,10,66
2011/12/24 22,12,97
2011/12/24 23,13,112
2011/12/25 00,12,101
2011/12/25 01,10,93
2011/12/25 02,10,105
2011/12/25 03,10,117
2011/12/25 04,11,158
2011/12/25 05,11,247
2011/12/25 06,6,153
2011/12/25 07,4,47
2011/12/25 08,3,45
2011/12/25 09,2,46
2011/12/25 10,4,48
2011/12/25 11,4,34
2011/12/25 12,1,29
2011/12/25 13,1,13
2011/12/25 14,2,15
2011/12/25 15,2,24
2011/12/25 16,3,28
2011/12/25 17,2,22
2011/12/25 18,5,44
2011/12/25 19,7,56
2011/12/25 20,10,60
2011/12/25 21,8,59
2011/12/25 22,11,83
2011/12/25 23,11,163
2011/12/26 00,8,79
2011/12/26 01,4,63
2011/12/26 02,7,95
2011/12/26 03,9,79
2011/12/26 04,7,100
2011/12/26 05,6,108
2011/12/26 06,4,66
2011/12/26 07,6,74
2011/12/26 08,6,56
2011/12/26 09,2,46
2011/12/26 10,2,43
2011/12/26 11,2,40
2011/12/26 12,4,36
2011/12/26 13,2,19
2011/12/26 14,1,23
2011/12/26 15,1,22
2011/12/26 16,3,23
2011/12/26 17,6,35
2011/12/26 18,7,66
2011/12/26 19,9,81
2011/12/26 20,7,82
2011/12/26 21,9,76
2011/12/26 22,10,68
2011/12/26 23,16,95
2011/12/27 00,18,117
2011/12/27 01,14,117
2011/12/27 02,14,119
2011/12/27 03,12,127
2011/12/27 04,9,111
2011/12/27 05,12,152
2011/12/27 06,10,244
2011/12/27 07,9,195
2011/12/27 08,6,69
2011/12/27 09,6,84
2011/12/27 10,6,83
2011/12/27 11,6,62
2011/12/27 12,5,59
2011/12/27 13,7,59
2011/12/27 14,8,48
2011/12/27 15,8,53
2011/12/27 16,11,56
2011/12/27 17,7,51
2011/12/27 18,9,95
2011/12/27 19,9,77
2011/12/27 20,9,94
2011/12/27 21,8,88
2011/12/27 22,10,108
2011/12/27 23,15,144
2011/12/28 00,16,153
2011/12/28 01,15,263
2011/12/28 02,8,120
2011/12/28 03,10,114
2011/12/28 04,13,130
2011/12/28 05,12,148
2011/12/28 06,12,152
2011/12/28 07,9,110
2011/12/28 08,8,129
2011/12/28 09,6,68
2011/12/28 10,9,78
2011/12/28 11,8,68
2011/12/28 12,9,70
2011/12/28 13,9,73
2011/12/28 14,9,62
2011/12/28 15,9,117
2011/12/28 16,9,70
2011/12/28 17,9,58
2011/12/28 18,15,91
2011/12/28 19,10,81
2011/12/28 20,9,97
2011/12/28 21,12,94
2011/12/28 22,12,112
2011/12/28 23,15,149
2011/12/29 00,13,158
2011/12/29 01,12,169
2011/12/29 02,9,73
2011/12/29 03,14,105
2011/12/29 04,12,203
2011/12/29 05,14,247
2011/12/29 06,11,220
2011/12/29 07,9,184
2011/12/29 08,7,164
2011/12/29 09,2,54
2011/12/29 10,3,35
2011/12/29 11,4,38
2011/12/29 12,4,38
2011/12/29 13,5,61
2011/12/29 14,4,37
2011/12/29 15,5,42
2011/12/29 16,6,44
2011/12/29 17,6,46
2011/12/29 18,11,79
2011/12/29 19,10,80
2011/12/29 20,7,119
2011/12/29 21,8,119
2011/12/29 22,11,124
2011/12/29 23,10,138
2011/12/30 00,18,198
2011/12/30 01,17,132
2011/12/30 02,14,131
2011/12/30 03,14,116
2011/12/30 04,10,308
2011/12/30 05,10,86
2011/12/30 06,13,120
2011/12/30 07,14,91
2011/12/30 08,13,112
2011/12/30 09,10,93
2011/12/30 10,8,106
2011/12/30 11,7,69
2011/12/30 12,5,56
2011/12/30 13,5,62
2011/12/30 14,6,55
2011/12/30 15,7,52
2011/12/30 16,5,64
2011/12/30 17,7,93
2011/12/30 18,7,53
2011/12/30 19,8,58
2011/12/30 20,15,93
2011/12/30 21,14,117
2011/12/30 22,12,141
2011/12/30 23,12,100
2011/12/31 00,12,124
2011/12/31 01,9,119
2011/12/31 02,8,116
2011/12/31 03,9,104
2011/12/31 04,13,101
2011/12/31 05,14,94
2011/12/31 06,12,116
2011/12/31 07,12,96
2011/12/31 08,6,67
2011/12/31 09,4,66
2011/12/31 10,4,59
2011/12/31 11,3,72
2011/12/31 12,4,134
2011/12/31 13,7,52
2011/12/31 14,5,46
2011/12/31 15,5,44
2011/12/31 16,6,49
2011/12/31 17,8,57
2011/12/31 18,8,76
2011/12/31 19,7,86
2011/12/31 20,7,91
2011/12/31 21,9,109
2011/12/31 22,11,116
2011/12/31 23,12,253
2012/01/01 00,9,278
2012/01/01 01,8,59
2012/01/01 02,6,77
2012/01/01 03,9,75
2012/01/01 04,6,98
2012/01/01 05,6,76
2012/01/01 06,8,240
2012/01/01 07,7,100
2012/01/01 08,10,1027
2012/01/01 09,10,1103
2012/01/01 10,7,86
2012/01/01 11,5,84
2012/01/01 12,6,80
2012/01/01 13,4,68
2012/01/01 14,4,61
2012/01/01 15,3,61
2012/01/01 16,4,74
2012/01/01 17,5,227
2012/01/01 18,9,347
2012/01/01 19,10,720
2012/01/01 20,11,645
2012/01/01 21,13,485
2012/01/01 22,17,413
2012/01/01 23,15,360
2012/01/02 00,13,205
2012/01/02 01,14,142
2012/01/02 02,10,164
2012/01/02 03,13,192
2012/01/02 04,12,201
2012/01/02 05,9,146
2012/01/02 06,9,146
2012/01/02 07,9,167
2012/01/02 08,5,130
2012/01/02 09,5,127
2012/01/02 10,4,137
2012/01/02 11,3,46
2012/01/02 12,6,74
2012/01/02 13,6,72
2012/01/02 14,7,70
2012/01/02 15,4,47
2012/01/02 16,4,45
2012/01/02 17,7,50
2012/01/02 18,12,92
2012/01/02 19,6,83
2012/01/02 20,8,70
2012/01/02 21,11,156
2012/01/02 22,12,302
2012/01/02 23,9,256
2012/01/03 00,15,361
2012/01/03 01,15,225
2012/01/03 02,14,239
2012/01/03 03,10,156
2012/01/03 04,8,114
2012/01/03 05,6,86
2012/01/03 06,8,106
2012/01/03 07,7,107
2012/01/03 08,3,60
2012/01/03 09,3,64
2012/01/03 10,3,69
2012/01/03 11,2,17
2012/01/03 12,3,31
2012/01/03 13,2,46
2012/01/03 14,3,24
2012/01/03 15,5,43
2012/01/03 16,7,52
2012/01/03 17,6,85
2012/01/03 18,9,113
2012/01/03 19,12,140
2012/01/03 20,11,114
2012/01/03 21,9,688
2012/01/03 22,11,837
2012/01/03 23,10,842
2012/01/04 00,12,246
2012/01/04 01,17,273
2012/01/04 02,16,266
2012/01/04 03,14,261
2012/01/04 04,13,284
2012/01/04 05,9,129
2012/01/04 06,9,162
2012/01/04 07,7,76
2012/01/04 08,7,48
2012/01/04 09,5,26
2012/01/04 10,5,40
2012/01/04 11,2,25
2012/01/04 12,5,32
2012/01/04 13,3,125
2012/01/04 14,7,40
2012/01/04 15,7,36
2012/01/04 16,10,47
2012/01/04 17,11,94
2012/01/04 18,7,66
2012/01/04 19,6,164
2012/01/04 20,10,108
2012/01/04 21,16,156
2012/01/04 22,14,175
2012/01/04 23,13,192
2012/01/05 00,14,232
2012/01/05 01,12,170
2012/01/05 02,14,166
2012/01/05 03,13,148
2012/01/05 04,12,161
2012/01/05 05,14,118
2012/01/05 06,10,125
2012/01/05 07,7,58
2012/01/05 08,5,65
2012/01/05 09,6,58
2012/01/05 10,6,50
2012/01/05 11,6,156
2012/01/05 12,8,54
2012/01/05 13,8,73
2012/01/05 14,9,78
2012/01/05 15,9,79
2012/01/05 16,10,98
2012/01/05 17,9,105
2012/01/05 18,10,99
2012/01/05 19,8,153
2012/01/05 20,11,88
2012/01/05 21,16,114
2012/01/05 22,8,172
2012/01/05 23,11,132
2012/01/06 00,13,170
2012/01/06 01,14,182
2012/01/06 02,13,259
2012/01/06 03,17,200
2012/01/06 04,13,200
2012/01/06 05,14,127
2012/01/06 06,14,98
2012/01/06 07,10,108
2012/01/06 08,7,71
2012/01/06 09,4,326
2012/01/06 10,4,70
2012/01/06 11,6,45
2012/01/06 12,7,51
2012/01/06 13,7,69
2012/01/06 14,7,96
2012/01/06 15,5,46
2012/01/06 16,5,80
2012/01/06 17,6,154
2012/01/06 18,12,94
2012/01/06 19,10,113
2012/01/06 20,11,119
2012/01/06 21,12,94
2012/01/06 22,14,332
2012/01/06 23,11,138
2012/01/07 00,12,262
2012/01/07 01,14,182
2012/01/07 02,14,161
2012/01/07 03,11,224
2012/01/07 04,5,325
2012/01/07 05,5,204
2012/01/07 06,7,208
2012/01/07 07,6,71
2012/01/07 08,6,43
2012/01/07 09,6,46
2012/01/07 10,6,70
2012/01/07 11,8,74
2012/01/07 12,9,86
2012/01/07 13,9,115
2012/01/07 14,10,115
2012/01/07 15,12,136
2012/01/07 16,12,139
2012/01/07 17,16,182
2012/01/07 18,14,376
2012/01/07 19,15,683
2012/01/07 20,17,805
2012/01/07 21,19,998
2012/01/07 22,18,649
2012/01/07 23,15,594
2012/01/08 00,13,596
2012/01/08 01,10,154
2012/01/08 02,11,233
2012/01/08 03,16,167
2012/01/08 04,16,177
2012/01/08 05,9,148
2012/01/08 06,12,142
2012/01/08 07,7,102
2012/01/08 08,9,97
2012/01/08 09,11,99
2012/01/08 10,7,171
2012/01/08 11,9,81
2012/01/08 12,9,113
2012/01/08 13,7,258
2012/01/08 14,9,432
2012/01/08 15,6,448
2012/01/08 16,8,511
2012/01/08 17,11,143
2012/01/08 18,15,215
2012/01/08 19,13,182
2012/01/08 20,13,163
2012/01/08 21,11,172
2012/01/08 22,14,255
2012/01/08 23,17,229
2012/01/09 00,13,162
2012/01/09 01,12,231
2012/01/09 02,13,278
2012/01/09 03,11,275
2012/01/09 04,13,195
2012/01/09 05,8,170
2012/01/09 06,6,123
2012/01/09 07,12,110
2012/01/09 08,11,128
2012/01/09 09,8,111
2012/01/09 10,8,140
2012/01/09 11,7,28
2012/01/09 12,9,60
2012/01/09 13,7,57
2012/01/09 14,7,66
2012/01/09 15,4,38
