2011/10/01 21,1,4
2011/10/01 22,1,2
2011/10/01 23,1,5
2011/10/02 00,2,105
2011/10/02 01,2,169
2011/10/02 02,2,158
2011/10/02 10,1,0
2011/10/02 11,1,1
2011/10/02 12,1,2
2011/10/02 13,1,1
2011/10/02 14,1,1
2011/10/02 15,1,3
2011/10/02 20,1,4
2011/10/02 21,1,2
2011/10/02 22,2,4
2011/10/02 23,2,4
2011/10/03 00,2,1
2011/10/03 01,1,1
2011/10/03 02,1,1
2011/10/03 03,1,1
2011/10/04 02,1,47
2011/10/04 03,1,78
2011/10/04 04,1,77
2011/10/04 08,1,1
2011/10/04 09,1,1
2011/10/04 10,1,1
2011/10/05 03,1,51
2011/10/05 04,1,82
2011/10/05 05,1,53
2011/10/06 03,1,3
2011/10/06 04,1,4
2011/10/06 05,1,6
2011/10/06 06,1,4
2011/10/06 13,1,3
2011/10/06 23,1,134
2011/10/07 00,1,169
2011/10/07 01,1,149
2011/10/07 12,1,3
2011/10/07 13,1,2
2011/10/07 16,2,23
2011/10/07 17,1,1
2011/10/07 18,1,1
2011/10/07 19,1,1
2011/10/07 20,1,1
2011/10/07 21,1,1
2011/10/07 22,1,1
2011/10/08 03,1,377
2011/10/08 04,2,303
2011/10/08 05,2,270
2011/10/08 06,1,200
2011/10/08 10,1,4
2011/10/08 11,1,6
2011/10/08 12,1,4
2011/10/08 13,1,4
2011/10/08 21,1,1
2011/10/09 19,1,14
2011/10/09 20,2,12
2011/10/09 21,1,10
2011/10/09 22,1,11
2011/10/09 23,1,9
2011/10/10 00,1,7
2011/10/10 14,1,2
2011/10/10 15,1,2
2011/10/10 21,1,1
2011/10/12 04,1,8
2011/10/12 05,1,8
2011/10/12 09,1,3
2011/10/12 10,1,6
2011/10/13 12,1,55
2011/10/13 13,1,61
2011/10/13 14,2,48
2011/10/13 15,1,3
2011/10/13 16,1,4
2011/10/13 17,1,3
2011/10/13 19,1,4
2011/10/13 20,1,4
2011/10/14 03,1,71
2011/10/14 04,1,31
2011/10/14 05,1,11
2011/10/14 06,1,15
2011/10/14 12,1,1
2011/10/16 05,1,0
2011/10/16 06,1,1
2011/10/17 10,1,6
2011/10/18 21,1,2
2011/10/18 22,1,3
2011/10/18 23,1,1
2011/10/19 12,1,0
2011/10/19 13,1,1
2011/10/19 14,1,0
2011/10/20 23,1,1
2011/10/21 00,1,1
2011/10/21 01,2,5
2011/10/21 02,2,4
2011/10/21 03,1,3
2011/10/21 04,1,4
2011/10/21 11,1,5
2011/10/21 12,1,8
2011/10/21 13,1,9
2011/10/21 14,1,5
2011/10/21 15,1,3
2011/10/21 16,1,6
2011/10/21 17,1,10
2011/10/21 18,1,6
2011/10/21 19,1,5
2011/10/21 20,1,5
2011/10/22 03,1,3
2011/10/22 04,1,6
2011/10/22 05,1,8
2011/10/22 06,1,7
2011/10/22 07,2,9
2011/10/22 08,1,0
2011/10/22 09,1,1
2011/10/22 11,1,57
2011/10/22 12,1,99
2011/10/22 13,1,78
2011/10/22 19,1,5
2011/10/22 20,2,10
2011/10/22 21,1,11
2011/10/23 01,1,2
2011/10/23 02,1,1
2011/10/23 03,1,1
2011/10/23 04,2,3
2011/10/23 05,1,4
2011/10/23 06,1,1
2011/10/23 07,1,1
2011/10/23 08,1,0
2011/10/23 19,1,6
2011/10/23 20,1,7
2011/10/23 23,1,1
2011/10/24 00,1,2
2011/10/24 02,1,2
2011/10/24 03,1,2
2011/10/24 06,1,2
2011/10/24 07,1,2
2011/10/24 13,1,1
2011/10/24 14,1,1
2011/10/24 18,1,2
2011/10/24 19,2,2
2011/10/24 20,1,2
2011/10/24 21,1,1
2011/10/25 11,1,2
2011/10/25 12,1,0
2011/10/25 20,1,2
2011/10/25 21,1,1
2011/10/25 22,1,1
2011/10/25 23,1,75
2011/10/26 00,1,176
2011/10/26 01,1,190
2011/10/26 02,1,125
2011/10/26 03,1,310
2011/10/26 04,3,191
2011/10/26 05,2,131
2011/10/26 06,1,2
2011/10/26 07,1,3
2011/10/26 22,1,128
2011/10/26 23,2,189
2011/10/27 00,2,169
2011/10/27 01,3,63
2011/10/27 02,3,93
2011/10/27 03,2,5
2011/10/27 04,1,7
2011/10/27 08,1,4
2011/10/27 09,1,8
2011/10/27 15,1,2
2011/10/27 16,2,6
2011/10/27 17,1,5
2011/10/27 18,1,4
2011/10/27 23,1,3
2011/10/28 04,1,3
2011/10/28 05,2,9
2011/10/28 06,4,61
2011/10/28 07,3,79
2011/10/28 08,3,76
2011/10/28 09,2,6
2011/10/28 10,1,4
2011/10/28 11,1,3
2011/10/28 12,1,4
2011/10/28 13,1,3
2011/10/28 16,1,3
2011/10/28 17,1,2
2011/10/28 20,1,3
2011/10/28 21,1,4
2011/10/29 01,1,4
2011/10/29 02,2,8
2011/10/29 03,2,4
2011/10/29 04,2,21
2011/10/29 11,1,15
2011/10/29 12,1,18
2011/10/29 13,1,7
2011/10/29 14,1,2
2011/10/29 19,1,0
2011/10/29 20,1,6
2011/10/29 21,2,9
2011/10/29 22,2,5
2011/10/29 23,1,8
2011/10/30 00,2,7
2011/10/30 01,1,4
2011/10/30 02,1,2
2011/10/30 06,1,6
2011/10/30 07,1,1
2011/10/30 08,1,2
2011/10/30 09,1,1
2011/10/30 13,1,1
2011/10/30 14,1,1
2011/10/30 17,1,1
2011/10/30 20,1,28
2011/10/30 21,1,53
2011/10/31 00,2,2
2011/10/31 01,4,24
2011/10/31 02,1,1
2011/10/31 16,1,105
2011/10/31 17,1,105
2011/10/31 19,2,121
2011/10/31 20,2,75
2011/10/31 21,1,10
2011/10/31 22,1,5
2011/11/01 05,1,1
2011/11/01 06,1,0
2011/11/01 14,1,1
2011/11/03 20,1,16
2011/11/03 21,1,17
2011/11/03 22,1,2
2011/11/03 23,1,2
2011/11/04 00,1,3
2011/11/04 03,1,4
2011/11/04 04,3,134
2011/11/04 05,2,450
2011/11/04 06,2,151
2011/11/04 07,1,14
2011/11/04 13,1,1
2011/11/04 14,1,1
2011/11/04 17,1,13
2011/11/04 18,2,14
2011/11/04 19,2,21
2011/11/04 20,2,16
2011/11/04 21,2,9
2011/11/04 22,2,6
2011/11/04 23,2,5
2011/11/05 00,1,3
2011/11/05 01,1,4
2011/11/05 02,1,5
2011/11/05 03,2,184
2011/11/05 04,2,291
2011/11/05 05,2,381
2011/11/05 06,2,451
2011/11/05 07,2,18
2011/11/05 10,1,240
2011/11/05 13,1,3
2011/11/05 14,2,236
2011/11/05 16,1,2
2011/11/05 17,2,282
2011/11/05 18,2,5
2011/11/05 19,1,2
2011/11/05 20,1,1
2011/11/05 22,1,19
2011/11/05 23,2,193
2011/11/06 00,3,434
2011/11/06 01,3,459
2011/11/06 02,2,304
2011/11/06 03,2,6
2011/11/06 04,2,9
2011/11/06 05,1,5
2011/11/06 06,1,3
2011/11/06 07,1,2
2011/11/06 16,1,9
2011/11/06 17,2,34
2011/11/06 18,1,28
2011/11/06 19,2,5
2011/11/06 20,2,9
2011/11/06 21,2,7
2011/11/06 22,1,6
2011/11/06 23,3,28
2011/11/07 00,2,26
2011/11/07 01,1,5
2011/11/07 02,1,2
2011/11/07 03,2,1030
2011/11/07 04,1,1102
2011/11/07 06,2,45
2011/11/07 07,3,35
2011/11/07 08,3,33
2011/11/07 13,1,2
2011/11/07 14,1,3
2011/11/07 15,1,7
2011/11/07 20,1,8
2011/11/07 21,1,13
2011/11/07 22,1,11
2011/11/07 23,1,1
2011/11/08 00,1,1
2011/11/08 01,1,10
2011/11/08 02,2,102
2011/11/08 03,1,72
2011/11/08 04,1,69
2011/11/08 05,1,85
2011/11/08 06,1,3
2011/11/08 07,1,6
2011/11/08 11,1,2
2011/11/09 02,2,3
2011/11/09 03,3,7
2011/11/09 04,3,6
2011/11/09 05,6,186
2011/11/09 06,4,173
2011/11/09 07,3,214
2011/11/09 08,3,193
2011/11/09 09,3,129
2011/11/09 10,1,5
2011/11/09 19,1,4
2011/11/09 20,1,6
2011/11/09 21,1,4
2011/11/09 22,1,2
2011/11/10 00,1,281
2011/11/10 01,1,995
2011/11/10 02,1,1903
2011/11/10 03,1,2020
2011/11/10 04,1,1258
2011/11/10 05,1,1169
2011/11/10 09,1,2
2011/11/10 10,1,1
2011/11/10 11,1,1
2011/11/10 14,1,7
2011/11/10 15,1,6
2011/11/10 20,1,1
2011/11/10 21,1,3
2011/11/10 22,1,11
2011/11/10 23,1,6
2011/11/11 00,1,11
2011/11/11 01,1,19
2011/11/11 04,1,1
2011/11/11 05,3,10
2011/11/11 06,4,76
2011/11/11 07,5,67
2011/11/11 08,4,56
2011/11/11 09,1,1
2011/11/11 12,1,1
2011/11/11 13,1,7
2011/11/12 11,2,63
2011/11/12 12,2,483
2011/11/12 13,1,53
2011/11/12 14,1,47
2011/11/12 15,2,50
2011/11/12 16,2,45
2011/11/12 17,3,32
2011/11/12 18,1,7
2011/11/13 04,1,1
2011/11/13 06,1,6
2011/11/13 07,1,8
2011/11/13 08,1,11
2011/11/13 12,1,23
2011/11/13 13,1,36
2011/11/13 14,1,45
2011/11/13 18,1,4
2011/11/13 19,1,9
2011/11/13 20,1,12
2011/11/13 21,1,34
2011/11/13 23,1,993
2011/11/14 00,1,1161
2011/11/14 01,1,1282
2011/11/14 02,1,1201
2011/11/14 07,2,8
2011/11/14 08,1,38
2011/11/14 09,1,36
2011/11/14 12,1,9
2011/11/14 13,1,16
2011/11/14 14,1,19
2011/11/14 15,1,23
2011/11/14 16,2,34
2011/11/14 19,1,2
2011/11/14 20,1,5
2011/11/14 22,1,1
2011/11/14 23,1,4
2011/11/15 00,1,10
2011/11/15 01,1,19
2011/11/15 02,1,5
2011/11/15 03,2,43
2011/11/15 04,5,257
2011/11/15 05,23,832
2011/11/15 06,29,1200
2011/11/15 07,31,1733
2011/11/15 08,27,1416
2011/11/15 09,23,1302
2011/11/15 10,18,1287
2011/11/15 11,15,1083
2011/11/15 12,13,905
2011/11/15 13,11,722
2011/11/15 14,10,281
2011/11/15 15,12,424
2011/11/15 16,13,524
2011/11/15 17,17,577
2011/11/15 18,20,565
2011/11/15 19,19,658
2011/11/15 20,21,678
2011/11/15 21,23,988
2011/11/15 22,25,3576
2011/11/15 23,27,1948
2011/11/16 00,34,1375
2011/11/16 01,35,1357
2011/11/16 02,32,1011
2011/11/16 03,41,1696
2011/11/16 04,34,2233
2011/11/16 05,39,2209
2011/11/16 06,31,1601
2011/11/16 07,25,1162
2011/11/16 08,18,674
2011/11/16 09,14,635
2011/11/16 10,10,523
2011/11/16 11,10,333
2011/11/16 12,9,187
2011/11/16 13,10,208
2011/11/16 14,13,256
2011/11/16 15,13,317
2011/11/16 16,9,295
2011/11/16 17,9,299
2011/11/16 18,10,128
2011/11/16 19,10,158
2011/11/16 20,16,242
2011/11/16 21,14,263
2011/11/16 22,17,612
2011/11/16 23,17,1012
2011/11/17 00,18,1077
2011/11/17 01,20,1035
2011/11/17 02,23,986
2011/11/17 03,26,1716
2011/11/17 04,26,1177
2011/11/17 05,25,630
2011/11/17 06,22,594
2011/11/17 07,19,365
2011/11/17 08,13,90
2011/11/17 09,11,105
2011/11/17 10,14,123
2011/11/17 11,14,107
2011/11/17 12,13,158
2011/11/17 13,10,145
2011/11/17 14,10,185
2011/11/17 15,9,188
2011/11/17 16,14,257
2011/11/17 17,13,292
2011/11/17 18,14,362
2011/11/17 19,14,281
2011/11/17 20,22,641
2011/11/17 21,21,445
2011/11/17 22,20,442
2011/11/17 23,16,409
2011/11/18 00,21,806
2011/11/18 01,23,734
2011/11/18 02,23,751
2011/11/18 03,26,1701
2011/11/18 04,22,1630
2011/11/18 05,18,796
2011/11/18 06,17,516
2011/11/18 07,11,246
2011/11/18 08,8,187
2011/11/18 09,6,174
2011/11/18 10,5,75
2011/11/18 11,7,86
2011/11/18 12,7,106
2011/11/18 13,11,221
2011/11/18 14,12,248
2011/11/18 15,17,233
2011/11/18 16,18,424
2011/11/18 17,20,535
2011/11/18 18,22,729
2011/11/18 19,20,920
2011/11/18 20,22,1047
2011/11/18 21,28,1282
2011/11/18 22,26,1627
2011/11/18 23,25,2069
2011/11/19 00,24,1597
2011/11/19 01,22,947
2011/11/19 02,21,848
2011/11/19 03,18,409
2011/11/19 04,17,324
2011/11/19 05,23,695
2011/11/19 06,21,752
2011/11/19 07,18,859
2011/11/19 08,22,849
2011/11/19 09,19,827
2011/11/19 10,12,295
2011/11/19 11,14,278
2011/11/19 12,9,165
2011/11/19 13,12,131
2011/11/19 14,12,291
2011/11/19 15,20,448
2011/11/19 16,20,600
2011/11/19 17,15,655
2011/11/19 18,16,718
2011/11/19 19,20,745
2011/11/19 20,22,773
2011/11/19 21,17,393
2011/11/19 22,18,397
2011/11/19 23,20,435
2011/11/20 00,18,177
2011/11/20 01,17,351
2011/11/20 02,15,167
2011/11/20 03,16,368
2011/11/20 04,17,376
2011/11/20 05,15,389
2011/11/20 06,14,676
2011/11/20 07,13,424
2011/11/20 08,10,408
2011/11/20 09,8,356
2011/11/20 10,8,313
2011/11/20 11,7,120
2011/11/20 12,4,129
2011/11/20 13,6,202
2011/11/20 14,5,191
2011/11/20 15,5,350
2011/11/20 16,6,868
2011/11/20 17,8,1002
2011/11/20 18,10,1022
2011/11/20 19,8,913
2011/11/20 20,12,938
2011/11/20 21,13,1017
2011/11/20 22,16,1121
2011/11/20 23,12,1145
2011/11/21 00,14,1252
2011/11/21 01,12,1223
2011/11/21 02,11,1180
2011/11/21 03,11,550
2011/11/21 04,11,565
2011/11/21 05,13,679
2011/11/21 06,14,1350
2011/11/21 07,14,1439
2011/11/21 08,11,1217
2011/11/21 09,11,545
2011/11/21 10,12,414
2011/11/21 11,10,421
2011/11/21 12,7,411
2011/11/21 13,6,420
2011/11/21 14,6,323
2011/11/21 15,4,45
2011/11/21 16,11,107
2011/11/21 17,10,86
2011/11/21 18,9,101
2011/11/21 19,5,85
2011/11/21 20,7,39
2011/11/21 21,11,190
2011/11/21 22,13,143
2011/11/21 23,13,164
2011/11/22 00,15,485
2011/11/22 01,16,779
2011/11/22 02,10,806
2011/11/22 03,18,904
2011/11/22 04,17,572
2011/11/22 05,12,141
2011/11/22 06,11,127
2011/11/22 07,6,82
2011/11/22 08,5,83
2011/11/22 09,5,76
2011/11/22 10,5,102
2011/11/22 11,6,103
2011/11/22 12,5,67
2011/11/22 13,6,102
2011/11/22 14,7,57
2011/11/22 15,9,80
2011/11/22 16,10,84
2011/11/22 17,13,136
2011/11/22 18,16,141
2011/11/22 19,15,166
2011/11/22 20,13,168
2011/11/22 21,16,151
2011/11/22 22,16,208
2011/11/22 23,13,272
2011/11/23 00,11,635
2011/11/23 01,15,1051
2011/11/23 02,19,1259
2011/11/23 03,22,1719
2011/11/23 04,17,1728
2011/11/23 05,10,1549
2011/11/23 06,9,1386
2011/11/23 07,9,1176
2011/11/23 08,8,100
2011/11/23 09,5,87
2011/11/23 10,5,56
2011/11/23 11,6,64
2011/11/23 12,6,76
2011/11/23 13,6,86
2011/11/23 14,8,121
2011/11/23 15,9,188
2011/11/23 16,11,118
2011/11/23 17,12,194
2011/11/23 18,14,232
2011/11/23 19,14,205
2011/11/23 20,14,277
2011/11/23 21,12,260
2011/11/23 22,11,197
2011/11/23 23,14,169
2011/11/24 00,16,241
2011/11/24 01,11,233
2011/11/24 02,12,229
2011/11/24 03,12,212
2011/11/24 04,13,242
2011/11/24 05,10,91
2011/11/24 06,9,241
2011/11/24 07,7,155
2011/11/24 08,6,108
2011/11/24 09,5,85
2011/11/24 10,7,100
2011/11/24 11,6,78
2011/11/24 12,4,55
2011/11/24 13,5,46
2011/11/24 14,10,71
2011/11/24 15,9,92
2011/11/24 16,9,109
2011/11/24 17,11,56
2011/11/24 18,11,134
2011/11/24 19,9,132
2011/11/24 20,11,149
2011/11/24 21,8,158
2011/11/24 22,7,70
2011/11/24 23,11,56
2011/11/25 00,14,375
2011/11/25 01,6,328
2011/11/25 02,7,339
2011/11/25 03,9,1200
2011/11/25 04,11,1329
2011/11/25 05,8,1310
2011/11/25 06,7,1247
2011/11/25 07,5,1232
2011/11/25 08,7,1046
2011/11/25 09,7,935
2011/11/25 10,5,297
2011/11/25 11,6,74
2011/11/25 12,3,39
2011/11/25 13,2,35
2011/11/25 14,6,43
2011/11/25 15,7,66
2011/11/25 16,5,56
2011/11/25 17,4,37
2011/11/25 18,6,53
2011/11/25 19,6,53
2011/11/25 20,10,85
2011/11/25 21,9,100
2011/11/25 22,8,94
2011/11/25 23,13,221
2011/11/26 00,13,95
2011/11/26 01,12,94
2011/11/26 02,12,93
2011/11/26 03,10,818
2011/11/26 04,10,984
2011/11/26 05,11,1149
2011/11/26 06,13,1268
2011/11/26 07,13,1032
2011/11/26 08,11,1342
2011/11/26 09,14,1088
2011/11/26 10,11,534
2011/11/26 11,6,487
2011/11/26 12,4,453
2011/11/26 13,5,459
2011/11/26 14,4,501
2011/11/26 15,3,570
2011/11/26 16,3,608
2011/11/26 17,2,595
2011/11/26 18,5,601
2011/11/26 19,3,639
2011/11/26 20,4,684
2011/11/26 21,5,651
2011/11/26 22,11,721
2011/11/26 23,10,135
2011/11/27 00,8,91
2011/11/27 01,9,87
2011/11/27 02,10,106
2011/11/27 03,12,119
2011/11/27 04,10,397
2011/11/27 05,12,619
2011/11/27 06,12,644
2011/11/27 07,10,688
2011/11/27 08,10,559
2011/11/27 09,8,398
2011/11/27 10,7,355
2011/11/27 11,4,213
2011/11/27 12,4,79
2011/11/27 13,3,101
2011/11/27 14,3,78
2011/11/27 15,3,48
2011/11/27 16,5,72
2011/11/27 17,4,159
2011/11/27 18,4,453
2011/11/27 19,5,170
2011/11/27 20,7,135
2011/11/27 21,8,399
2011/11/27 22,11,520
2011/11/27 23,12,1171
2011/11/28 00,12,1188
2011/11/28 01,17,1183
2011/11/28 02,14,1202
2011/11/28 03,18,1396
2011/11/28 04,15,729
2011/11/28 05,14,696
2011/11/28 06,12,508
2011/11/28 07,11,453
2011/11/28 08,8,98
2011/11/28 09,4,99
2011/11/28 10,4,84
2011/11/28 11,2,75
2011/11/28 12,1,3
2011/11/28 14,1,35
2011/11/28 15,3,46
2011/11/28 16,3,48
2011/11/28 17,1,45
2011/11/28 18,2,106
2011/11/28 19,4,142
2011/11/28 20,7,23
2011/11/28 21,6,17
2011/11/28 22,6,53
2011/11/28 23,7,145
2011/11/29 00,10,155
2011/11/29 01,14,362
2011/11/29 02,16,391
2011/11/29 03,17,239
2011/11/29 04,11,405
2011/11/29 05,8,404
2011/11/29 06,11,464
2011/11/29 07,10,424
2011/11/29 08,7,26
2011/11/29 09,5,32
2011/11/29 10,6,38
2011/11/29 11,6,20
2011/11/29 12,1,4
2011/11/29 15,2,9
2011/11/29 16,4,8
2011/11/29 17,5,54
2011/11/29 18,3,54
2011/11/29 19,5,130
2011/11/29 20,5,26
2011/11/29 21,4,18
2011/11/29 22,5,21
2011/11/29 23,6,60
2011/11/30 00,6,203
2011/11/30 01,4,289
2011/11/30 02,6,355
2011/11/30 03,10,341
2011/11/30 04,10,556
2011/11/30 05,10,543
2011/11/30 06,6,419
2011/11/30 07,4,330
2011/11/30 08,5,289
2011/11/30 09,3,17
2011/11/30 10,3,9
2011/11/30 11,2,4
2011/11/30 12,2,9
2011/11/30 13,3,12
2011/11/30 14,4,123
2011/11/30 15,1,112
2011/11/30 16,5,364
2011/11/30 17,5,251
2011/11/30 18,6,222
2011/11/30 19,6,202
2011/11/30 20,2,185
2011/11/30 21,2,148
2011/11/30 22,5,247
2011/11/30 23,7,462
2011/12/01 00,5,391
2011/12/01 01,2,33
2011/12/01 02,5,55
2011/12/01 03,7,32
2011/12/01 04,5,140
2011/12/01 05,7,491
2011/12/01 06,7,359
2011/12/01 07,4,333
2011/12/01 08,4,13
2011/12/01 09,4,22
2011/12/01 10,3,14
2011/12/01 11,3,9
2011/12/01 12,1,4
2011/12/01 13,4,13
2011/12/01 14,5,52
2011/12/01 15,8,94
2011/12/01 16,6,75
2011/12/01 17,5,59
2011/12/01 18,6,59
2011/12/01 19,6,48
2011/12/01 20,6,24
2011/12/01 21,6,18
2011/12/01 22,4,44
2011/12/01 23,4,57
2011/12/02 00,6,88
2011/12/02 01,6,57
2011/12/02 02,6,55
2011/12/02 03,5,44
2011/12/02 04,6,217
2011/12/02 05,6,442
2011/12/02 06,7,337
2011/12/02 07,6,359
2011/12/02 08,7,322
2011/12/02 09,2,39
2011/12/02 10,3,229
2011/12/02 11,4,277
2011/12/02 12,4,135
2011/12/02 13,1,16
2011/12/02 14,2,11
2011/12/02 15,4,8
2011/12/02 16,6,28
2011/12/02 17,7,29
2011/12/02 18,6,35
2011/12/02 19,7,33
2011/12/02 20,6,24
2011/12/02 21,7,27
2011/12/02 22,9,82
2011/12/02 23,8,93
2011/12/03 00,7,86
2011/12/03 01,3,69
2011/12/03 02,5,17
2011/12/03 03,9,38
2011/12/03 04,9,54
2011/12/03 05,8,98
2011/12/03 06,10,262
2011/12/03 07,10,160
2011/12/03 08,9,137
2011/12/03 09,7,143
2011/12/03 10,5,409
2011/12/03 11,3,85
2011/12/03 12,3,48
2011/12/03 13,1,7
2011/12/03 14,4,25
2011/12/03 15,2,20
2011/12/03 16,5,19
2011/12/03 17,4,77
2011/12/03 18,4,71
2011/12/03 19,2,61
2011/12/03 20,5,121
2011/12/03 21,10,94
2011/12/03 22,11,104
2011/12/03 23,8,111
2011/12/04 00,15,997
2011/12/04 01,11,1005
2011/12/04 02,13,1028
2011/12/04 03,7,116
2011/12/04 04,10,97
2011/12/04 05,10,368
2011/12/04 06,11,490
2011/12/04 07,9,440
2011/12/04 08,8,403
2011/12/04 09,7,156
2011/12/04 10,6,164
2011/12/04 11,1,1
2011/12/04 12,2,8
2011/12/04 13,4,31
2011/12/04 14,6,136
2011/12/04 15,5,21
2011/12/04 16,5,22
2011/12/04 17,4,23
2011/12/04 18,6,29
2011/12/04 19,5,473
2011/12/04 20,7,571
2011/12/04 21,10,605
2011/12/04 22,10,570
2011/12/04 23,9,110
2011/12/05 00,11,1084
2011/12/05 01,9,1250
2011/12/05 02,9,1293
2011/12/05 03,5,1253
2011/12/05 04,6,233
2011/12/05 05,5,278
2011/12/05 06,7,390
2011/12/05 07,4,253
2011/12/05 08,4,13
2011/12/05 09,4,9
2011/12/05 10,1,2
2011/12/05 11,1,5
2011/12/05 12,1,4
2011/12/05 13,1,4
2011/12/05 14,2,6
2011/12/05 15,4,14
2011/12/05 16,4,63
2011/12/05 17,4,118
2011/12/05 18,3,150
2011/12/05 19,3,12
2011/12/05 20,4,9
2011/12/05 21,5,3595
2011/12/05 22,7,4425
2011/12/05 23,10,4378
2011/12/06 00,10,3801
2011/12/06 01,9,85
2011/12/06 02,14,109
2011/12/06 03,10,75
2011/12/06 04,7,71
2011/12/06 05,5,94
2011/12/06 06,7,90
2011/12/06 07,11,424
2011/12/06 08,7,387
2011/12/06 09,4,333
2011/12/06 10,3,263
2011/12/06 11,1,3
2011/12/06 12,2,5
2011/12/06 13,2,4
2011/12/06 14,1,3
2011/12/06 15,3,10
2011/12/06 16,2,16
2011/12/06 17,4,32
2011/12/06 18,7,119
2011/12/06 19,8,133
2011/12/06 20,9,123
2011/12/06 21,13,120
2011/12/06 22,8,107
2011/12/06 23,8,108
2011/12/07 00,11,90
2011/12/07 01,12,269
2011/12/07 02,9,498
2011/12/07 03,13,573
2011/12/07 04,12,45
2011/12/07 05,8,45
2011/12/07 06,6,30
2011/12/07 07,5,30
2011/12/07 08,8,46
2011/12/07 09,5,90
2011/12/07 10,3,111
2011/12/07 11,2,187
2011/12/07 12,3,5
2011/12/07 14,1,8
2011/12/07 15,3,64
2011/12/07 16,5,109
2011/12/07 17,5,79
2011/12/07 18,6,18
2011/12/07 19,3,17
2011/12/07 20,6,23
2011/12/07 21,6,88
2011/12/07 22,5,93
2011/12/07 23,8,51
2011/12/08 00,5,53
2011/12/08 01,5,68
2011/12/08 02,9,88
2011/12/08 03,11,75
2011/12/08 04,11,84
2011/12/08 05,7,57
2011/12/08 06,5,20
2011/12/08 07,4,11
2011/12/08 08,2,12
2011/12/08 09,1,9
2011/12/08 10,1,7
2011/12/08 11,2,25
2011/12/08 12,2,10
2011/12/08 13,3,45
2011/12/08 14,2,48
2011/12/08 15,3,53
2011/12/08 16,4,16
2011/12/08 17,5,29
2011/12/08 18,5,45
2011/12/08 19,3,11
2011/12/08 20,3,24
2011/12/08 21,3,9
2011/12/08 22,3,11
2011/12/08 23,5,30
2011/12/09 00,6,48
2011/12/09 01,7,47
2011/12/09 02,10,51
2011/12/09 03,8,50
2011/12/09 04,6,44
2011/12/09 05,4,30
2011/12/09 06,4,19
2011/12/09 07,5,323
2011/12/09 08,5,326
2011/12/09 09,2,282
2011/12/09 10,1,9
2011/12/09 11,1,7
2011/12/09 12,3,7
2011/12/09 13,3,6
2011/12/09 14,3,6
2011/12/09 15,2,16
2011/12/09 16,2,20
2011/12/09 17,4,58
2011/12/09 18,4,83
2011/12/09 19,5,85
2011/12/09 20,6,57
2011/12/09 21,6,54
2011/12/09 22,8,63
2011/12/09 23,11,266
2011/12/10 00,12,335
2011/12/10 01,11,361
2011/12/10 02,9,462
2011/12/10 03,8,106
2011/12/10 04,8,98
2011/12/10 05,11,654
2011/12/10 06,10,698
2011/12/10 07,8,557
2011/12/10 08,5,574
2011/12/10 09,6,403
2011/12/10 10,4,358
2011/12/10 11,4,342
2011/12/10 12,4,267
2011/12/10 13,5,203
2011/12/10 14,6,207
2011/12/10 15,6,252
2011/12/10 16,9,271
2011/12/10 17,7,261
2011/12/10 18,7,29
2011/12/10 19,9,65
2011/12/10 20,10,66
2011/12/10 21,6,55
2011/12/10 22,7,110
2011/12/10 23,10,84
2011/12/11 00,12,185
2011/12/11 01,14,193
2011/12/11 02,10,533
2011/12/11 03,15,686
2011/12/11 04,15,690
2011/12/11 05,17,435
2011/12/11 06,12,557
2011/12/11 07,12,306
2011/12/11 08,9,81
2011/12/11 09,5,62
2011/12/11 10,7,67
2011/12/11 11,4,49
2011/12/11 12,3,91
2011/12/11 13,6,91
2011/12/11 14,5,104
2011/12/11 15,6,48
2011/12/11 16,7,222
2011/12/11 17,6,290
2011/12/11 18,8,251
2011/12/11 19,8,245
2011/12/11 20,11,260
2011/12/11 21,13,1430
2011/12/11 22,8,766
2011/12/11 23,9,366
2011/12/12 00,14,107
2011/12/12 01,9,73
2011/12/12 02,9,74
2011/12/12 03,12,75
2011/12/12 04,11,108
2011/12/12 05,11,119
2011/12/12 06,6,106
2011/12/12 07,8,149
2011/12/12 08,8,73
2011/12/12 09,6,63
2011/12/12 10,3,9
2011/12/12 11,4,14
2011/12/12 12,2,10
2011/12/12 13,1,7
2011/12/12 14,1,7
2011/12/12 15,1,11
2011/12/12 16,1,15
2011/12/12 17,3,17
2011/12/12 18,4,28
2011/12/12 19,4,39
2011/12/12 20,5,51
2011/12/12 21,8,52
2011/12/12 22,6,27
2011/12/12 23,6,29
2011/12/13 00,7,161
2011/12/13 01,7,155
2011/12/13 02,7,137
2011/12/13 03,12,36
2011/12/13 04,13,89
2011/12/13 05,11,234
2011/12/13 06,8,167
2011/12/13 07,8,70
2011/12/13 08,4,20
2011/12/13 09,2,5
2011/12/13 10,2,4
2011/12/13 11,2,6
2011/12/13 16,3,5
2011/12/13 17,4,14
2011/12/13 19,1,6
2011/12/13 20,2,3
2011/12/13 21,4,3312
2011/12/13 22,7,4526
2011/12/13 23,6,4292
2011/12/14 00,11,3731
2011/12/14 01,10,3143
2011/12/14 02,6,94
2011/12/14 03,6,90
2011/12/14 04,6,159
2011/12/14 05,7,101
2011/12/14 06,4,14
2011/12/14 07,4,12
2011/12/14 08,3,8
2011/12/14 09,3,7
2011/12/14 10,1,3
2011/12/14 11,1,2
2011/12/14 12,2,5
2011/12/14 13,4,13
2011/12/14 14,5,175
2011/12/14 15,4,10
2011/12/14 16,3,24
2011/12/14 17,3,26
2011/12/14 18,3,5
2011/12/14 19,3,8
2011/12/14 20,3,13
2011/12/14 21,7,26
2011/12/14 22,10,40
2011/12/14 23,8,33
2011/12/15 00,9,34
2011/12/15 01,8,67
2011/12/15 02,8,65
2011/12/15 03,7,54
2011/12/15 04,9,85
2011/12/15 05,9,45
2011/12/15 06,7,25
2011/12/15 07,4,15
2011/12/15 08,3,7
2011/12/15 09,2,7
2011/12/15 10,2,4
2011/12/15 11,4,9
2011/12/15 12,2,11
2011/12/15 13,2,14
2011/12/15 14,1,14
2011/12/15 15,2,14
2011/12/15 16,1,3
2011/12/15 17,1,9
2011/12/15 18,2,11
2011/12/15 19,2,7
2011/12/15 20,3,17
2011/12/15 21,4,24
2011/12/15 22,7,48
2011/12/15 23,5,42
2011/12/16 00,6,33
2011/12/16 01,5,30
2011/12/16 02,10,48
2011/12/16 03,11,49
2011/12/16 04,7,28
2011/12/16 05,7,33
2011/12/16 06,6,25
2011/12/16 07,5,7
2011/12/16 08,4,8
2011/12/16 09,3,9
2011/12/16 10,3,11
2011/12/16 11,1,7
2011/12/16 12,1,19
2011/12/16 13,2,19
2011/12/16 14,1,34
2011/12/16 16,2,4
2011/12/16 17,2,29
2011/12/16 18,4,98
2011/12/16 19,4,87
2011/12/16 20,6,39
2011/12/16 21,3,25
2011/12/16 22,3,48
2011/12/16 23,6,22
2011/12/17 00,8,942
2011/12/17 01,6,1102
2011/12/17 02,7,2118
2011/12/17 03,5,2330
2011/12/17 04,8,130
2011/12/17 05,6,198
2011/12/17 06,9,245
2011/12/17 07,6,147
2011/12/17 08,3,116
2011/12/17 09,1,2
2011/12/17 11,1,1
2011/12/17 12,2,4
2011/12/17 13,2,10
2011/12/17 14,4,9
2011/12/17 15,4,11
2011/12/17 16,3,15
2011/12/17 17,5,22
2011/12/17 18,4,17
2011/12/17 19,6,806
2011/12/17 20,4,920
2011/12/17 21,4,930
2011/12/17 22,8,31
2011/12/17 23,11,539
2011/12/18 00,12,1473
2011/12/18 01,10,1485
2011/12/18 02,11,1383
2011/12/18 03,9,794
2011/12/18 04,7,221
2011/12/18 05,7,95
2011/12/18 06,6,85
2011/12/18 07,3,68
2011/12/18 08,4,63
2011/12/18 09,3,58
2011/12/18 10,3,16
2011/12/18 11,3,8
2011/12/18 12,3,12
2011/12/18 13,2,10
2011/12/18 14,1,8
2011/12/18 15,2,11
2011/12/18 16,2,11
2011/12/18 17,3,20
2011/12/18 18,3,35
2011/12/18 19,4,38
2011/12/18 20,8,52
2011/12/18 21,5,50
2011/12/18 22,4,30
2011/12/18 23,4,15
2011/12/19 00,5,65
2011/12/19 01,4,57
2011/12/19 02,4,56
2011/12/19 03,3,56
2011/12/19 04,5,59
2011/12/19 05,5,47
2011/12/19 06,4,34
2011/12/19 07,2,10
2011/12/19 08,2,10
2011/12/19 09,3,7
2011/12/19 10,1,5
2011/12/19 11,2,5
2011/12/19 12,3,12
2011/12/19 13,3,10
2011/12/19 14,4,13
2011/12/19 15,4,15
2011/12/19 16,4,23
2011/12/19 17,5,23
2011/12/19 18,4,23
2011/12/19 19,3,23
2011/12/19 20,6,37
2011/12/19 21,9,57
2011/12/19 22,6,50
2011/12/19 23,5,41
2011/12/20 00,5,19
2011/12/20 01,4,25
2011/12/20 02,4,20
2011/12/20 03,5,25
2011/12/20 04,7,36
2011/12/20 05,7,53
2011/12/20 06,5,40
2011/12/20 07,4,45
2011/12/20 08,4,34
2011/12/20 09,5,34
2011/12/20 10,3,19
2011/12/20 11,3,14
2011/12/20 12,1,4
2011/12/20 13,2,17
2011/12/20 14,2,18
2011/12/20 15,3,25
2011/12/20 16,1,2
2011/12/20 17,1,3
2011/12/20 18,1,2
2011/12/20 19,2,4
2011/12/20 20,4,11
2011/12/20 21,2,16
2011/12/20 22,2,21
2011/12/20 23,4,25
2011/12/21 00,5,36
2011/12/21 01,5,263
2011/12/21 02,3,85
2011/12/21 03,5,125
2011/12/21 04,8,142
2011/12/21 05,6,327
2011/12/21 06,7,311
2011/12/21 07,8,296
2011/12/21 08,7,40
2011/12/21 09,6,33
2011/12/21 10,5,23
2011/12/21 11,3,17
2011/12/21 12,2,22
2011/12/21 13,3,45
2011/12/21 14,3,53
2011/12/21 15,4,39
2011/12/21 16,4,22
2011/12/21 17,3,13
2011/12/21 18,1,17
2011/12/21 19,1,42
2011/12/21 20,2,24
2011/12/21 21,3,37
2011/12/21 22,3,38
2011/12/21 23,3,25
2011/12/22 00,4,17
2011/12/22 01,1,6
2011/12/22 02,3,4
2011/12/22 03,4,12
2011/12/22 04,4,17
2011/12/22 05,7,23
2011/12/22 06,6,21
2011/12/22 07,4,22
2011/12/22 08,4,32
2011/12/22 09,4,26
2011/12/22 10,1,4
2011/12/22 11,2,7
2011/12/22 12,2,7
2011/12/22 13,1,5
2011/12/22 15,1,3
2011/12/22 16,2,6
2011/12/22 17,4,15
2011/12/22 18,5,48
2011/12/22 19,6,35
2011/12/22 20,4,40
2011/12/22 21,8,54
2011/12/22 22,7,51
2011/12/22 23,8,49
2011/12/23 00,6,66
2011/12/23 01,5,67
2011/12/23 02,4,59
2011/12/23 03,5,45
2011/12/23 04,3,40
2011/12/23 05,4,42
2011/12/23 06,3,18
2011/12/23 07,2,16
2011/12/23 08,1,13
2011/12/23 09,3,20
2011/12/23 10,4,17
2011/12/23 11,2,11
2011/12/23 14,2,4
2011/12/23 15,2,6
2011/12/23 16,1,0
2011/12/23 17,4,6
2011/12/23 18,4,9
2011/12/23 19,2,1
2011/12/23 20,2,6
2011/12/23 21,4,14
2011/12/23 22,5,17
2011/12/23 23,6,33
2011/12/24 00,8,48
2011/12/24 01,6,386
2011/12/24 02,3,428
2011/12/24 03,5,89
2011/12/24 04,4,25
2011/12/24 05,1,20
2011/12/24 06,2,21
2011/12/24 07,3,8
2011/12/24 08,2,5
2011/12/24 09,1,1
2011/12/24 10,2,50
2011/12/24 11,4,68
2011/12/24 12,4,178
2011/12/24 13,3,95
2011/12/24 14,2,89
2011/12/24 15,1,78
2011/12/24 16,1,73
2011/12/24 17,2,111
2011/12/24 18,4,92
2011/12/24 19,5,102
2011/12/24 20,5,209
2011/12/24 21,3,181
2011/12/24 22,5,79
2011/12/24 23,4,84
2011/12/25 00,4,131
2011/12/25 01,5,79
2011/12/25 02,7,25
2011/12/25 03,10,83
2011/12/25 04,7,111
2011/12/25 05,6,102
2011/12/25 06,7,102
2011/12/25 07,6,89
2011/12/25 08,5,100
2011/12/25 09,4,105
2011/12/25 10,3,112
2011/12/25 11,3,133
2011/12/25 12,3,122
2011/12/25 13,6,173
2011/12/25 14,5,114
2011/12/25 15,4,190
2011/12/25 16,5,209
2011/12/25 17,5,186
2011/12/25 18,5,207
2011/12/25 19,5,232
2011/12/25 20,6,219
2011/12/25 21,7,87
2011/12/25 22,8,123
2011/12/25 23,9,100
2011/12/26 00,9,105
2011/12/26 01,10,137
2011/12/26 02,6,52
2011/12/26 03,9,125
2011/12/26 04,8,56
2011/12/26 05,14,74
2011/12/26 06,7,59
2011/12/26 07,6,52
2011/12/26 08,4,33
2011/12/26 09,5,27
2011/12/26 10,4,20
2011/12/26 11,3,20
2011/12/26 12,3,18
2011/12/26 13,2,78
2011/12/26 14,3,103
2011/12/26 15,1,70
2011/12/26 16,1,88
2011/12/26 17,4,165
2011/12/26 18,5,44
2011/12/26 19,4,42
2011/12/26 20,5,18
2011/12/26 21,4,12
2011/12/26 22,9,85
2011/12/26 23,11,140
2011/12/27 00,12,214
2011/12/27 01,9,132
2011/12/27 02,11,120
2011/12/27 03,10,76
2011/12/27 04,11,125
2011/12/27 05,8,92
2011/12/27 06,8,86
2011/12/27 07,7,105
2011/12/27 08,7,105
2011/12/27 09,6,237
2011/12/27 10,6,472
2011/12/27 11,7,91
2011/12/27 12,5,106
2011/12/27 13,5,100
2011/12/27 14,3,113
2011/12/27 15,4,123
2011/12/27 16,4,24
2011/12/27 17,7,105
2011/12/27 18,6,97
2011/12/27 19,4,21
2011/12/27 20,8,27
2011/12/27 21,11,24
2011/12/27 22,10,36
2011/12/27 23,14,50
2011/12/28 00,11,215
2011/12/28 01,12,165
2011/12/28 02,10,152
2011/12/28 03,9,117
2011/12/28 04,10,122
2011/12/28 05,10,126
2011/12/28 06,9,47
2011/12/28 07,6,67
2011/12/28 08,7,74
2011/12/28 09,7,141
2011/12/28 10,6,66
2011/12/28 11,4,47
2011/12/28 12,1,32
2011/12/28 13,3,81
2011/12/28 14,3,45
2011/12/28 15,3,61
2011/12/28 16,4,38
2011/12/28 17,6,89
2011/12/28 18,8,134
2011/12/28 19,10,133
2011/12/28 20,12,123
2011/12/28 21,13,135
2011/12/28 22,13,119
2011/12/28 23,12,127
2011/12/29 00,12,139
2011/12/29 01,12,208
2011/12/29 02,11,246
2011/12/29 03,11,221
2011/12/29 04,12,345
2011/12/29 05,11,203
2011/12/29 06,11,221
2011/12/29 07,10,187
2011/12/29 08,10,176
2011/12/29 09,8,152
2011/12/29 10,6,161
2011/12/29 11,3,134
2011/12/29 12,4,89
2011/12/29 13,4,62
2011/12/29 14,3,87
2011/12/29 15,3,89
2011/12/29 16,3,75
2011/12/29 17,3,62
2011/12/29 18,4,149
2011/12/29 19,5,139
2011/12/29 20,6,197
2011/12/29 21,9,160
2011/12/29 22,11,164
2011/12/29 23,10,171
2011/12/30 00,10,190
2011/12/30 01,8,168
2011/12/30 02,6,463
2011/12/30 03,13,133
2011/12/30 04,16,585
2011/12/30 05,10,294
2011/12/30 06,9,246
2011/12/30 07,6,150
2011/12/30 08,5,173
2011/12/30 09,6,209
2011/12/30 10,5,120
2011/12/30 11,2,107
2011/12/30 12,4,87
2011/12/30 13,5,76
2011/12/30 14,2,9
2011/12/30 15,2,7
2011/12/30 16,1,5
2011/12/30 17,1,3
2011/12/30 18,1,6
2011/12/30 19,2,9
2011/12/30 20,2,13
2011/12/30 21,4,17
2011/12/30 22,10,39
2011/12/30 23,8,75
2011/12/31 00,9,428
2011/12/31 01,12,165
2011/12/31 02,9,307
2011/12/31 03,7,244
2011/12/31 04,10,152
2011/12/31 05,9,163
2011/12/31 06,7,277
2011/12/31 07,10,117
2011/12/31 08,7,86
2011/12/31 09,2,87
2011/12/31 10,2,32
2011/12/31 11,3,8
2011/12/31 12,2,6
2011/12/31 14,1,85
2011/12/31 15,1,14
2011/12/31 16,1,3
2011/12/31 17,4,30
2011/12/31 18,7,61
2011/12/31 19,3,58
2011/12/31 20,3,75
2011/12/31 21,4,45
2011/12/31 22,5,53
2011/12/31 23,2,34
2012/01/01 00,1,0
2012/01/01 01,6,214
2012/01/01 02,8,109
2012/01/01 03,4,24
2012/01/01 04,6,263
2012/01/01 05,6,226
2012/01/01 06,4,69
2012/01/01 07,3,51
2012/01/01 08,2,11
2012/01/01 09,3,42
2012/01/01 10,2,15
2012/01/01 11,2,38
2012/01/01 12,1,33
2012/01/01 13,1,26
2012/01/01 14,1,21
2012/01/01 15,2,23
2012/01/01 16,3,174
2012/01/01 17,3,134
2012/01/01 18,4,144
2012/01/01 19,4,172
2012/01/01 20,4,165
2012/01/01 21,6,153
2012/01/01 22,3,19
2012/01/01 23,2,36
2012/01/02 00,2,82
2012/01/02 01,3,72
2012/01/02 02,8,89
2012/01/02 03,8,104
2012/01/02 04,5,106
2012/01/02 05,6,82
2012/01/02 06,3,63
2012/01/02 07,4,69
2012/01/02 08,2,19
2012/01/02 09,3,24
2012/01/02 10,3,123
2012/01/02 11,2,112
2012/01/02 12,1,2
2012/01/02 13,1,2
2012/01/02 14,1,2
2012/01/02 15,2,4
2012/01/02 16,3,10
2012/01/02 17,6,25
2012/01/02 18,10,46
2012/01/02 19,7,25
2012/01/02 20,8,1047
2012/01/02 21,9,990
2012/01/02 22,6,975
2012/01/02 23,6,304
2012/01/03 00,7,397
2012/01/03 01,9,310
2012/01/03 02,6,160
2012/01/03 03,6,113
2012/01/03 04,7,121
2012/01/03 05,8,131
2012/01/03 06,8,133
2012/01/03 07,5,24
2012/01/03 08,6,34
2012/01/03 09,5,20
2012/01/03 10,2,4
2012/01/03 11,1,4
2012/01/03 12,1,5
2012/01/03 13,2,6
2012/01/03 14,3,14
2012/01/03 15,4,39
2012/01/03 16,2,27
2012/01/03 17,1,26
2012/01/03 18,4,31
2012/01/03 20,1,3
2012/01/03 21,3,6
2012/01/03 22,1,4
2012/01/03 23,2,7
2012/01/04 00,2,4
2012/01/04 01,2,6
2012/01/04 02,4,16
2012/01/04 03,3,13
2012/01/04 04,3,31
2012/01/04 05,3,36
2012/01/04 06,5,42
2012/01/04 07,3,18
2012/01/04 08,1,13
2012/01/04 09,3,16
2012/01/04 10,4,49
2012/01/04 11,4,33
2012/01/04 12,3,35
2012/01/04 13,5,32
2012/01/04 14,3,8
2012/01/04 15,2,7
2012/01/04 16,3,7
2012/01/04 17,3,13
2012/01/04 18,3,21
2012/01/04 19,2,33
2012/01/04 20,3,33
2012/01/04 21,5,30
2012/01/04 22,6,41
2012/01/04 23,3,15
2012/01/05 00,6,51
2012/01/05 01,7,22
2012/01/05 02,4,12
2012/01/05 03,8,25
2012/01/05 04,8,30
2012/01/05 05,4,24
2012/01/05 06,6,52
2012/01/05 07,7,61
2012/01/05 08,5,273
2012/01/05 09,3,11
2012/01/05 10,3,14
2012/01/05 11,2,6
2012/01/05 12,1,3
2012/01/05 13,1,5
2012/01/05 14,1,0
2012/01/05 15,2,9
2012/01/05 16,3,10
2012/01/05 17,2,9
2012/01/05 18,3,39
2012/01/05 19,5,42
2012/01/05 20,2,12
2012/01/05 21,4,18
2012/01/05 22,1,12
2012/01/05 23,4,26
2012/01/06 00,6,31
2012/01/06 01,6,37
2012/01/06 02,5,38
2012/01/06 03,5,27
2012/01/06 04,4,22
2012/01/06 05,6,34
2012/01/06 06,7,69
2012/01/06 07,7,65
2012/01/06 08,5,53
2012/01/06 09,5,78
2012/01/06 10,1,38
2012/01/06 11,2,294
2012/01/06 12,3,148
2012/01/06 13,4,153
2012/01/06 14,2,87
2012/01/06 15,1,2
2012/01/06 16,2,28
2012/01/06 17,1,28
2012/01/06 18,2,28
2012/01/06 19,2,40
2012/01/06 20,2,28
2012/01/06 21,2,6
2012/01/06 22,5,10
2012/01/06 23,8,22
2012/01/07 00,7,26
2012/01/07 01,6,24
2012/01/07 02,3,18
2012/01/07 03,3,89
2012/01/07 04,4,107
2012/01/07 05,1,96
2012/01/07 06,2,2
2012/01/07 07,3,4
2012/01/07 08,4,7
2012/01/07 09,3,9
2012/01/07 10,2,13
2012/01/07 11,2,9
2012/01/07 12,2,5
2012/01/07 13,2,8
2012/01/07 14,2,3
2012/01/07 15,3,2
2012/01/07 16,3,6
2012/01/07 17,1,0
2012/01/07 18,1,1
2012/01/07 19,2,87
2012/01/07 20,4,103
2012/01/07 21,5,14
2012/01/07 22,9,26
2012/01/07 23,9,31
2012/01/08 00,9,29
2012/01/08 01,7,23
2012/01/08 02,6,17
2012/01/08 03,4,20
2012/01/08 04,3,18
2012/01/08 05,3,5
2012/01/08 06,6,26
2012/01/08 07,5,142
2012/01/08 08,4,35
2012/01/08 09,4,49
2012/01/08 10,5,408
2012/01/08 11,5,385
2012/01/08 12,4,42
2012/01/08 13,3,38
2012/01/08 14,3,24
2012/01/08 15,1,3
2012/01/08 16,1,3
2012/01/08 17,5,19
2012/01/08 18,4,20
2012/01/08 19,5,26
2012/01/08 20,3,14
2012/01/08 21,5,10
2012/01/08 22,5,12
2012/01/08 23,7,69
2012/01/09 00,5,19
2012/01/09 01,6,23
2012/01/09 02,8,26
2012/01/09 03,6,20
2012/01/09 04,4,16
2012/01/09 05,3,5
2012/01/09 06,5,25
2012/01/09 07,4,32
2012/01/09 08,4,51
2012/01/09 09,4,759
2012/01/09 10,4,54
2012/01/09 11,3,25
2012/01/09 12,3,19
2012/01/09 13,4,42
2012/01/09 14,5,57
2012/01/09 15,1,1
