2011/10/11 15,1,3
2011/10/11 16,1,5
2011/10/11 17,1,3
2011/10/11 18,1,3
2011/10/16 05,1,4
2011/10/16 06,1,5
2011/10/21 13,1,0
2011/10/21 14,1,0
2011/10/26 17,1,4
2011/10/26 18,1,0
2011/10/29 00,1,1
2011/10/29 01,1,3
2011/10/29 02,1,8
2011/10/29 03,1,8
2011/11/04 02,1,1
2011/11/04 03,1,1
2011/11/05 21,1,7
2011/11/05 22,1,8
2011/11/05 23,1,6
2011/11/06 00,1,5
2011/11/14 22,1,3
2011/11/16 13,1,2
2011/11/16 14,1,1
2011/11/16 21,1,3
2011/11/25 22,1,3
2011/11/25 23,1,2
2011/11/30 23,1,1
2011/12/06 01,1,1
2011/12/06 18,1,1
2011/12/08 01,1,0
2012/01/01 20,1,1
2012/01/01 21,1,1
