2011/10/08 01,1,0
2011/10/21 21,1,1
2011/10/22 10,1,43
2011/10/22 11,1,43
2011/10/22 23,1,1
2011/10/23 00,1,1
2011/10/23 03,1,1
2011/10/23 04,1,1
2011/10/29 19,1,1
2011/10/29 20,1,1
2011/10/30 17,1,40
2011/10/30 18,1,73
2011/10/30 19,1,89
2011/10/30 22,1,51
2011/10/30 23,1,48
2011/11/04 22,1,2
2011/11/04 23,1,1
2011/11/05 01,1,1
2011/11/05 02,1,1
2011/11/05 03,1,1
2011/11/05 04,1,1
2011/11/05 05,1,2
2011/11/05 06,1,2
2011/11/05 19,1,2
2011/11/05 20,1,1
2011/11/06 23,1,1
2011/11/07 00,1,1
2011/11/07 01,1,1
2011/11/07 04,1,1
2011/11/07 05,1,1
2011/11/12 19,1,1
2011/11/12 20,1,2
2011/11/12 21,1,2
2011/11/13 00,1,1
2011/11/13 01,1,1
2011/11/13 23,1,1
2011/11/14 00,1,1
2011/11/14 01,1,1
2011/11/14 02,1,1
2011/11/14 03,1,1
2011/11/14 04,1,1
2011/11/24 23,1,1
2011/11/25 00,1,1
2011/11/25 02,1,1
2011/11/25 03,1,1
2011/11/25 04,1,1
2011/11/25 23,1,1
2011/11/26 00,1,1
2011/11/26 02,1,1
2011/11/26 03,1,2
2011/11/26 04,1,2
2011/11/26 05,1,2
2011/11/26 19,1,1
2011/11/26 20,1,1
