2011/09/30 22,120,15118
2011/09/30 23,119,16374
2011/10/01 00,121,14881
2011/10/01 01,122,18659
2011/10/01 02,113,19562
2011/10/01 03,127,21869
2011/10/01 04,126,12276
2011/10/01 05,113,11456
2011/10/01 06,103,12807
2011/10/01 07,79,7750
2011/10/01 08,69,7781
2011/10/01 09,62,9104
2011/10/01 10,63,7182
2011/10/01 11,69,10063
2011/10/01 12,80,8199
2011/10/01 13,85,9038
2011/10/01 14,85,11142
2011/10/01 15,90,5682
2011/10/01 16,122,7265
2011/10/01 17,142,18848
2011/10/01 18,153,18694
2011/10/01 19,175,21709
2011/10/01 20,170,14871
2011/10/01 21,150,18607
2011/10/01 22,131,19819
2011/10/01 23,127,18732
2011/10/02 00,118,21268
2011/10/02 01,109,23648
2011/10/02 02,106,21325
2011/10/02 03,126,19421
2011/10/02 04,125,14006
2011/10/02 05,96,11169
2011/10/02 06,91,7277
2011/10/02 07,97,4434
2011/10/02 08,88,4749
2011/10/02 09,95,6068
2011/10/02 10,82,7035
2011/10/02 11,71,7803
2011/10/02 12,82,9521
2011/10/02 13,85,10940
2011/10/02 14,92,12204
2011/10/02 15,106,11304
2011/10/02 16,110,12089
2011/10/02 17,112,26428
2011/10/02 18,118,26519
2011/10/02 19,126,22483
2011/10/02 20,127,16868
2011/10/02 21,125,17825
2011/10/02 22,126,17454
2011/10/02 23,126,12548
2011/10/03 00,151,14259
2011/10/03 01,125,17751
2011/10/03 02,111,17501
2011/10/03 03,99,18005
2011/10/03 04,98,8695
2011/10/03 05,86,7313
2011/10/03 06,66,6474
2011/10/03 07,62,5803
2011/10/03 08,57,6658
2011/10/03 09,60,6907
2011/10/03 10,56,6515
2011/10/03 11,55,8869
2011/10/03 12,56,9733
2011/10/03 13,66,7933
2011/10/03 14,71,11043
2011/10/03 15,70,11588
2011/10/03 16,73,14583
2011/10/03 17,88,20415
2011/10/03 18,90,19813
2011/10/03 19,97,23390
2011/10/03 20,118,17324
2011/10/03 21,120,22740
2011/10/03 22,111,12476
2011/10/03 23,111,15254
2011/10/04 00,107,14154
2011/10/04 01,114,8723
2011/10/04 02,116,8327
2011/10/04 03,110,16600
2011/10/04 04,107,3497
2011/10/04 05,96,4394
2011/10/04 06,75,3790
2011/10/04 07,63,4107
2011/10/04 08,56,6929
2011/10/04 09,56,7766
2011/10/04 10,55,8285
2011/10/04 11,39,8278
2011/10/04 12,44,7092
2011/10/04 13,50,8800
2011/10/04 14,53,5468
2011/10/04 15,57,6189
2011/10/04 16,67,8232
2011/10/04 17,82,9306
2011/10/04 18,114,8809
2011/10/04 19,124,10933
2011/10/04 20,129,12915
2011/10/04 21,122,14753
2011/10/04 22,117,17295
2011/10/04 23,111,24600
2011/10/05 00,115,24536
2011/10/05 01,111,16346
2011/10/05 02,112,4216
2011/10/05 03,117,17079
2011/10/05 04,96,20025
2011/10/05 05,73,17947
2011/10/05 06,54,6756
2011/10/05 07,58,6249
2011/10/05 08,59,6835
2011/10/05 09,55,1687
2011/10/05 10,42,1693
2011/10/05 11,47,1898
2011/10/05 12,43,2177
2011/10/05 13,52,2636
2011/10/05 14,72,4741
2011/10/05 15,68,5823
2011/10/05 16,89,7047
2011/10/05 17,103,9188
2011/10/05 18,102,11472
2011/10/05 19,115,10716
2011/10/05 20,130,14510
2011/10/05 21,120,14244
2011/10/05 22,120,19357
2011/10/05 23,119,10708
2011/10/06 00,107,17369
2011/10/06 01,116,12342
2011/10/06 02,130,12205
2011/10/06 03,121,10228
2011/10/06 04,106,10766
2011/10/06 05,96,8980
2011/10/06 06,86,9740
2011/10/06 07,65,7228
2011/10/06 08,63,6988
2011/10/06 09,47,8510
2011/10/06 10,52,11341
2011/10/06 11,62,6255
2011/10/06 12,63,7684
2011/10/06 13,64,15516
2011/10/06 14,69,15686
2011/10/06 15,57,15356
2011/10/06 16,72,30769
2011/10/06 17,72,36771
2011/10/06 18,74,31885
2011/10/06 19,66,37733
2011/10/06 20,80,41003
2011/10/06 21,70,36564
2011/10/06 22,81,36266
2011/10/06 23,103,37818
2011/10/07 00,106,36603
2011/10/07 01,113,27427
2011/10/07 02,111,18539
2011/10/07 03,92,16001
2011/10/07 04,86,11205
2011/10/07 05,87,12970
2011/10/07 06,69,8711
2011/10/07 07,60,9700
2011/10/07 08,57,11113
2011/10/07 09,47,6969
2011/10/07 10,59,8615
2011/10/07 11,70,8386
2011/10/07 12,74,9868
2011/10/07 13,79,14954
2011/10/07 14,91,12523
2011/10/07 15,110,15393
2011/10/07 16,122,23280
2011/10/07 17,109,33025
2011/10/07 18,111,36450
2011/10/07 19,115,45710
2011/10/07 20,118,36882
2011/10/07 21,112,40924
2011/10/07 22,125,37276
2011/10/07 23,125,39312
2011/10/08 00,120,37742
2011/10/08 01,112,37827
2011/10/08 02,118,8186
2011/10/08 03,111,9229
2011/10/08 04,81,6043
2011/10/08 05,72,5791
2011/10/08 06,61,3395
2011/10/08 07,66,4421
2011/10/08 08,66,6658
2011/10/08 09,78,8473
2011/10/08 10,77,9275
2011/10/08 11,80,15480
2011/10/08 12,76,29738
2011/10/08 13,89,36275
2011/10/08 14,93,51690
2011/10/08 15,100,61565
2011/10/08 16,115,47165
2011/10/08 17,130,48288
2011/10/08 18,118,50879
2011/10/08 19,94,52201
2011/10/08 20,78,52106
2011/10/08 21,89,47804
2011/10/08 22,77,46101
2011/10/08 23,82,45747
2011/10/09 00,98,35803
2011/10/09 01,102,27100
2011/10/09 02,108,9751
2011/10/09 03,111,9739
2011/10/09 04,92,9979
2011/10/09 05,84,8595
2011/10/09 06,73,9209
2011/10/09 07,60,5026
2011/10/09 08,73,6352
2011/10/09 09,68,6619
2011/10/09 10,76,13536
2011/10/09 11,73,39859
2011/10/09 12,70,45350
2011/10/09 13,73,52361
2011/10/09 14,76,57627
2011/10/09 15,92,69913
2011/10/09 16,85,69027
2011/10/09 17,89,71729
2011/10/09 18,85,68124
2011/10/09 19,105,59134
2011/10/09 20,112,24703
2011/10/09 21,107,35824
2011/10/09 22,86,47869
2011/10/09 23,71,52384
2011/10/10 00,98,9292
2011/10/10 01,112,13484
2011/10/10 02,94,13733
2011/10/10 03,74,8073
2011/10/10 04,64,8791
2011/10/10 05,58,3830
2011/10/10 06,53,3941
2011/10/10 07,48,4007
2011/10/10 08,46,3685
2011/10/10 09,57,4741
2011/10/10 10,77,6852
2011/10/10 11,88,5743
2011/10/10 12,100,8131
2011/10/10 13,113,14281
2011/10/10 14,116,12248
2011/10/10 15,126,13704
2011/10/10 16,135,12757
2011/10/10 17,93,11954
2011/10/10 21,96,14058
2011/10/10 22,135,19086
2011/10/10 23,127,21533
2011/10/11 00,126,22488
2011/10/11 01,137,22091
2011/10/11 02,122,12725
2011/10/11 03,114,4451
2011/10/11 04,109,7319
2011/10/11 05,102,7673
2011/10/11 06,96,9688
2011/10/11 07,71,5023
2011/10/11 08,54,5332
2011/10/11 09,48,4254
2011/10/11 10,43,2339
2011/10/11 11,44,4113
2011/10/11 12,56,4512
2011/10/11 13,71,5571
2011/10/11 14,77,5903
2011/10/11 15,84,8289
2011/10/11 16,74,10520
2011/10/11 17,99,12127
2011/10/11 18,112,14823
2011/10/11 19,125,13589
2011/10/11 20,114,14084
2011/10/11 21,121,19261
2011/10/11 22,117,11241
2011/10/11 23,123,11822
2011/10/12 00,140,13682
2011/10/12 01,129,14442
2011/10/12 02,133,12715
2011/10/12 03,133,10772
2011/10/12 04,106,12977
2011/10/12 05,103,12101
2011/10/12 06,91,9493
2011/10/12 07,71,8351
2011/10/12 08,54,8652
2011/10/12 09,52,5583
2011/10/12 10,44,5471
2011/10/12 11,48,3198
2011/10/12 12,53,5571
2011/10/12 13,65,6476
2011/10/12 14,63,6648
2011/10/12 15,79,8035
2011/10/12 16,87,10715
2011/10/12 17,86,7539
2011/10/12 18,108,7755
2011/10/12 19,117,9195
2011/10/12 20,110,12304
2011/10/12 21,118,13496
2011/10/12 22,123,16729
2011/10/12 23,127,18976
2011/10/13 00,143,20510
2011/10/13 01,134,18864
2011/10/13 02,122,14274
2011/10/13 03,127,15445
2011/10/13 04,113,8862
2011/10/13 05,105,10203
2011/10/13 06,95,5750
2011/10/13 07,79,7542
2011/10/13 08,70,3112
2011/10/13 09,57,3560
2011/10/13 10,53,3872
2011/10/13 11,55,5487
2011/10/13 12,63,5541
2011/10/13 13,71,6395
2011/10/13 14,77,5720
2011/10/13 15,84,7318
2011/10/13 16,89,10490
2011/10/13 17,88,15134
2011/10/13 18,93,26323
2011/10/13 19,108,30118
2011/10/13 20,114,26878
2011/10/13 21,124,27153
2011/10/13 22,110,12794
2011/10/13 23,127,16398
2011/10/14 00,130,14975
2011/10/14 01,129,17626
2011/10/14 02,121,15976
2011/10/14 03,132,16004
2011/10/14 04,119,11158
2011/10/14 05,114,8962
2011/10/14 06,94,5893
2011/10/14 07,78,6007
2011/10/14 08,59,6676
2011/10/14 09,46,3862
2011/10/14 10,51,4429
2011/10/14 11,42,4903
2011/10/14 12,52,5351
2011/10/14 13,59,6274
2011/10/14 14,61,15480
2011/10/14 15,61,17998
2011/10/14 16,81,19361
2011/10/14 17,95,22990
2011/10/14 18,111,24581
2011/10/14 19,119,25788
2011/10/14 20,125,25591
2011/10/14 21,112,25922
2011/10/14 22,83,8692
2011/10/14 23,69,5266
2011/10/15 00,87,6086
2011/10/15 01,93,6573
2011/10/15 02,81,6489
2011/10/15 03,73,7359
2011/10/15 04,67,7424
2011/10/15 05,85,6093
2011/10/15 06,91,4582
2011/10/15 07,86,3741
2011/10/15 08,81,4305
2011/10/15 09,70,4466
2011/10/15 10,61,4767
2011/10/15 11,56,2251
2011/10/15 12,63,2264
2011/10/15 13,80,3636
2011/10/15 14,83,6676
2011/10/15 15,95,9354
2011/10/15 16,78,10191
2011/10/15 17,82,9516
2011/10/15 18,80,9359
2011/10/15 19,95,11467
2011/10/15 20,108,13554
2011/10/15 21,112,12375
2011/10/15 22,101,12676
2011/10/15 23,89,9523
2011/10/16 00,91,10886
2011/10/16 01,85,10565
2011/10/16 02,95,9463
2011/10/16 03,110,11676
2011/10/16 04,125,7663
2011/10/16 05,131,8313
2011/10/16 06,123,4361
2011/10/16 07,105,7335
2011/10/16 08,86,7878
2011/10/16 09,72,7986
2011/10/16 10,78,9306
2011/10/16 11,70,10017
2011/10/16 12,83,9614
2011/10/16 13,71,7010
2011/10/16 14,70,9834
2011/10/16 15,63,11163
2011/10/16 16,68,6396
2011/10/16 17,60,10093
2011/10/16 18,66,7655
2011/10/16 19,86,4618
2011/10/16 20,77,5774
2011/10/16 21,64,6457
2011/10/16 22,49,6204
2011/10/16 23,50,5743
2011/10/17 00,63,7674
2011/10/17 01,94,9797
2011/10/17 02,105,8639
2011/10/17 03,96,8967
2011/10/17 04,88,8453
2011/10/17 05,89,8028
2011/10/17 06,80,6383
2011/10/17 07,64,3515
2011/10/17 08,47,3218
2011/10/17 09,42,4024
2011/10/17 10,45,5049
2011/10/17 11,39,6341
2011/10/17 12,37,4263
2011/10/17 13,42,2706
2011/10/17 14,58,2848
2011/10/17 15,66,3457
2011/10/17 16,84,4280
2011/10/17 17,90,3709
2011/10/17 18,105,5395
2011/10/17 19,116,6957
2011/10/17 20,120,7402
2011/10/17 21,120,6140
2011/10/17 22,131,9000
2011/10/17 23,130,7634
2011/10/18 00,137,10209
2011/10/18 01,147,9817
2011/10/18 02,134,10492
2011/10/18 03,131,11590
2011/10/18 04,115,11106
2011/10/18 05,107,9356
2011/10/18 06,89,8945
2011/10/18 07,79,6998
2011/10/18 08,65,7101
2011/10/18 09,56,4924
2011/10/18 10,42,6022
2011/10/18 11,39,4485
2011/10/18 12,52,5963
2011/10/18 13,71,7797
2011/10/18 14,69,5707
2011/10/18 15,75,6496
2011/10/18 16,85,8704
2011/10/18 17,98,9382
2011/10/18 18,116,10282
2011/10/18 19,123,16985
2011/10/18 20,135,20122
2011/10/18 21,144,20163
2011/10/18 22,136,22312
2011/10/18 23,136,24668
2011/10/19 00,143,31806
2011/10/19 01,148,28293
2011/10/19 02,124,19350
2011/10/19 03,104,23711
2011/10/19 04,97,23127
2011/10/19 05,100,21764
2011/10/19 06,88,7901
2011/10/19 07,80,6506
2011/10/19 08,64,3354
2011/10/19 09,44,2788
2011/10/19 10,45,2129
2011/10/19 11,55,3368
2011/10/19 12,55,3887
2011/10/19 13,53,5533
2011/10/19 14,66,9320
2011/10/19 15,82,10467
2011/10/19 16,85,13922
2011/10/19 17,103,17398
2011/10/19 18,114,19475
2011/10/19 19,127,20535
2011/10/19 20,110,14885
2011/10/19 21,124,17176
2011/10/19 22,130,16412
2011/10/19 23,141,24635
2011/10/20 00,148,18338
2011/10/20 01,152,21066
2011/10/20 02,136,15627
2011/10/20 03,150,17585
2011/10/20 04,141,11920
2011/10/20 05,117,11644
2011/10/20 06,91,6625
2011/10/20 07,77,7661
2011/10/20 08,59,5879
2011/10/20 09,65,4682
2011/10/20 10,52,4890
2011/10/20 11,53,4962
2011/10/20 12,54,6767
2011/10/20 13,63,8313
2011/10/20 14,76,9126
2011/10/20 15,86,10094
2011/10/20 16,100,11085
2011/10/20 17,105,12972
2011/10/20 18,120,11005
2011/10/20 19,127,9045
2011/10/20 20,129,11605
2011/10/20 21,135,13674
2011/10/20 22,151,18205
2011/10/20 23,154,16289
2011/10/21 00,157,16136
2011/10/21 01,159,11980
2011/10/21 02,137,10967
2011/10/21 03,130,11255
2011/10/21 04,135,9913
2011/10/21 05,120,5485
2011/10/21 06,106,5936
2011/10/21 07,87,5449
2011/10/21 08,60,5151
2011/10/21 09,54,5230
2011/10/21 10,58,4656
2011/10/21 11,69,6014
2011/10/21 12,59,5806
2011/10/21 13,64,5827
2011/10/21 14,68,5715
2011/10/21 15,78,7377
2011/10/21 16,87,7308
2011/10/21 17,100,9902
2011/10/21 18,112,12557
2011/10/21 19,110,13517
2011/10/21 20,116,9480
2011/10/21 21,113,8035
2011/10/21 22,124,5149
2011/10/21 23,128,6085
2011/10/22 00,127,6160
2011/10/22 01,126,8134
2011/10/22 02,118,8315
2011/10/22 03,113,8580
2011/10/22 04,92,7948
2011/10/22 05,80,5947
2011/10/22 06,62,3080
2011/10/22 07,78,8171
2011/10/22 08,77,3429
2011/10/22 09,69,3448
2011/10/22 10,60,3513
2011/10/22 11,60,3894
2011/10/22 12,54,3319
2011/10/22 13,68,3639
2011/10/22 14,75,5746
2011/10/22 15,91,5263
2011/10/22 16,105,7090
2011/10/22 17,112,7555
2011/10/22 18,113,9209
2011/10/22 19,121,6619
2011/10/22 20,129,8632
2011/10/22 21,136,11243
2011/10/22 22,122,12313
2011/10/22 23,121,10568
2011/10/23 00,117,6534
2011/10/23 01,113,5868
2011/10/23 02,134,6846
2011/10/23 03,133,8800
2011/10/23 04,137,8851
2011/10/23 05,128,6147
2011/10/23 06,119,6248
2011/10/23 07,93,7210
2011/10/23 08,79,6160
2011/10/23 09,80,4061
2011/10/23 10,64,3329
2011/10/23 11,67,3739
2011/10/23 12,72,4278
2011/10/23 13,71,5921
2011/10/23 14,81,5342
2011/10/23 15,85,5980
2011/10/23 16,94,6414
2011/10/23 17,116,8549
2011/10/23 18,138,8802
2011/10/23 19,139,11405
2011/10/23 20,150,12947
2011/10/23 21,124,12534
2011/10/23 22,123,12180
2011/10/23 23,117,15566
2011/10/24 00,140,18578
2011/10/24 01,153,11717
2011/10/24 02,124,12939
2011/10/24 03,117,12939
2011/10/24 04,103,13329
2011/10/24 05,95,12626
2011/10/24 06,78,11976
2011/10/24 07,72,10182
2011/10/24 08,55,7736
2011/10/24 09,51,6970
2011/10/24 10,43,5808
2011/10/24 11,41,6399
2011/10/24 12,44,6682
2011/10/24 13,59,6751
2011/10/24 14,65,5362
2011/10/24 15,78,7903
2011/10/24 16,82,8441
2011/10/24 17,104,11932
2011/10/24 18,112,17617
2011/10/24 19,136,21242
2011/10/24 20,128,17049
2011/10/24 21,139,20016
2011/10/24 22,141,18409
2011/10/24 23,150,20901
2011/10/25 00,143,19901
2011/10/25 01,146,22258
2011/10/25 02,127,15565
2011/10/25 03,130,14014
2011/10/25 04,129,16711
2011/10/25 05,96,14664
2011/10/25 06,80,10229
2011/10/25 07,71,9674
2011/10/25 08,54,6232
2011/10/25 09,45,7109
2011/10/25 10,44,8628
2011/10/25 11,56,5811
2011/10/25 12,56,9443
2011/10/25 13,54,10771
2011/10/25 14,68,9745
2011/10/25 15,84,12410
2011/10/25 16,94,17346
2011/10/25 17,95,16104
2011/10/25 18,116,19931
2011/10/25 19,127,18973
2011/10/25 20,145,20845
2011/10/25 21,154,17190
2011/10/25 22,154,13831
2011/10/25 23,143,17564
2011/10/26 00,146,18165
2011/10/26 01,141,20268
2011/10/26 02,139,16310
2011/10/26 03,133,14992
2011/10/26 04,108,9607
2011/10/26 05,93,8782
2011/10/26 06,92,6611
2011/10/26 07,92,6024
2011/10/26 08,74,5806
2011/10/26 09,55,4991
2011/10/26 10,58,5384
2011/10/26 11,55,5413
2011/10/26 12,58,7674
2011/10/26 13,62,7424
2011/10/26 14,68,8322
2011/10/26 15,87,7459
2011/10/26 16,88,7403
2011/10/26 17,77,15645
2011/10/26 18,100,19223
2011/10/26 19,122,11368
2011/10/26 20,134,16717
2011/10/26 21,139,13337
2011/10/26 22,141,15339
2011/10/26 23,145,14764
2011/10/27 00,152,19946
2011/10/27 01,150,18381
2011/10/27 02,156,15458
2011/10/27 03,139,13675
2011/10/27 04,117,10546
2011/10/27 05,90,9387
2011/10/27 06,78,8141
2011/10/27 07,71,9851
2011/10/27 08,70,10402
2011/10/27 09,58,10966
2011/10/27 10,51,10462
2011/10/27 11,40,10336
2011/10/27 12,66,9309
2011/10/27 13,65,8843
2011/10/27 14,74,9635
2011/10/27 15,82,14334
2011/10/27 16,101,11849
2011/10/27 17,104,15564
2011/10/27 18,121,20532
2011/10/27 19,124,16618
2011/10/27 20,139,14786
2011/10/27 21,142,11726
2011/10/27 22,135,14231
2011/10/27 23,131,20278
2011/10/28 00,135,22413
2011/10/28 01,148,17029
2011/10/28 02,142,18087
2011/10/28 03,132,16928
2011/10/28 04,125,18615
2011/10/28 05,117,15448
2011/10/28 06,102,14680
2011/10/28 07,80,9784
2011/10/28 08,67,6230
2011/10/28 09,72,7630
2011/10/28 10,65,8571
2011/10/28 11,50,9395
2011/10/28 12,56,11354
2011/10/28 13,74,6916
2011/10/28 14,89,8499
2011/10/28 15,105,10404
2011/10/28 16,116,13142
2011/10/28 17,122,18839
2011/10/28 18,131,23635
2011/10/28 19,135,25625
2011/10/28 20,150,26586
2011/10/28 21,157,23438
2011/10/28 22,148,20606
2011/10/28 23,138,25700
2011/10/29 00,152,22101
2011/10/29 01,156,24227
2011/10/29 02,131,28950
2011/10/29 03,127,14567
2011/10/29 04,106,12044
2011/10/29 05,119,12263
2011/10/29 06,112,9603
2011/10/29 07,88,10101
2011/10/29 08,70,10679
2011/10/29 09,75,11505
2011/10/29 10,74,12777
2011/10/29 11,70,7432
2011/10/29 12,79,8337
2011/10/29 13,83,6691
2011/10/29 14,102,7772
2011/10/29 15,111,11314
2011/10/29 16,142,9822
2011/10/29 17,140,20070
2011/10/29 18,156,29539
2011/10/29 19,152,32900
2011/10/29 20,169,39279
2011/10/29 21,172,39488
2011/10/29 22,161,27706
2011/10/29 23,145,24883
2011/10/30 00,138,28481
2011/10/30 01,126,26962
2011/10/30 02,112,27660
2011/10/30 03,109,24183
2011/10/30 04,99,22417
2011/10/30 05,104,19286
2011/10/30 06,109,18219
2011/10/30 07,93,12371
2011/10/30 08,72,10271
2011/10/30 09,64,13138
2011/10/30 10,58,10216
2011/10/30 11,73,13171
2011/10/30 12,89,13652
2011/10/30 13,87,15944
2011/10/30 14,95,11135
2011/10/30 15,103,14143
2011/10/30 16,114,15808
2011/10/30 17,130,23308
2011/10/30 18,153,31030
2011/10/30 19,156,36506
2011/10/30 20,153,31489
2011/10/30 21,152,33172
2011/10/30 22,162,35350
2011/10/30 23,151,28477
2011/10/31 00,162,26847
2011/10/31 01,154,26316
2011/10/31 02,130,27301
2011/10/31 03,121,26759
2011/10/31 04,109,23443
2011/10/31 05,108,14984
2011/10/31 06,89,12141
2011/10/31 07,80,12224
2011/10/31 08,64,6479
2011/10/31 09,58,7171
2011/10/31 10,50,7174
2011/10/31 11,50,8822
2011/10/31 12,60,10590
2011/10/31 13,66,9675
2011/10/31 14,78,9243
2011/10/31 15,89,5840
2011/10/31 16,100,6696
2011/10/31 17,102,13225
2011/10/31 18,114,15932
2011/10/31 19,118,16161
2011/10/31 20,129,18173
2011/10/31 21,129,22024
2011/10/31 22,144,19075
2011/10/31 23,137,16771
2011/11/01 00,146,16070
2011/11/01 01,146,16692
2011/11/01 02,133,26791
2011/11/01 03,123,26014
2011/11/01 04,109,25099
2011/11/01 05,97,25020
2011/11/01 06,89,26923
2011/11/01 07,70,7384
2011/11/01 08,60,8489
2011/11/01 09,62,5525
2011/11/01 10,51,5630
2011/11/01 11,44,6585
2011/11/01 12,59,7914
2011/11/01 13,73,9547
2011/11/01 14,90,11118
2011/11/01 15,107,11944
2011/11/01 16,96,13537
2011/11/03 15,58,5510
2011/11/03 16,90,5011
2011/11/03 17,113,11918
2011/11/03 18,123,14922
2011/11/03 19,144,15589
2011/11/03 20,176,14489
2011/11/03 21,172,12972
2011/11/03 22,166,16153
2011/11/03 23,160,17321
2011/11/04 00,178,21418
2011/11/04 01,174,22813
2011/11/04 02,161,28867
2011/11/04 03,153,21675
2011/11/04 04,156,18228
2011/11/04 05,148,17748
2011/11/04 06,116,14885
2011/11/04 07,90,9856
2011/11/04 08,72,5231
2011/11/04 09,61,6114
2011/11/04 10,63,8023
2011/11/04 11,65,15257
2011/11/04 12,67,18886
2011/11/04 13,62,22197
2011/11/04 14,65,22323
2011/11/04 15,75,28233
2011/11/04 16,90,29120
2011/11/04 17,105,38194
2011/11/04 18,112,16631
2011/11/04 19,141,14420
2011/11/04 20,166,18513
2011/11/04 21,170,22651
2011/11/04 22,178,19857
2011/11/04 23,187,20296
2011/11/05 00,192,19337
2011/11/05 01,193,19617
2011/11/05 02,189,19773
2011/11/05 03,166,15633
2011/11/05 04,163,13301
2011/11/05 05,168,9352
2011/11/05 06,140,9084
2011/11/05 07,120,8702
2011/11/05 08,99,8668
2011/11/05 09,82,14577
2011/11/05 10,76,20755
2011/11/05 11,64,26159
2011/11/05 12,68,28702
2011/11/05 13,90,27541
2011/11/05 14,82,31261
2011/11/05 15,78,42310
2011/11/05 16,105,44273
2011/11/05 17,119,10856
2011/11/05 18,128,13425
2011/11/05 19,141,10953
2011/11/05 20,160,12235
2011/11/05 21,173,13948
2011/11/05 22,169,10646
2011/11/05 23,187,15427
2011/11/06 00,185,18023
2011/11/06 01,158,20975
2011/11/06 02,147,25460
2011/11/06 03,146,21275
2011/11/06 04,150,20583
2011/11/06 05,140,17235
2011/11/06 06,128,18234
2011/11/06 07,133,16237
2011/11/06 08,114,16185
2011/11/06 09,99,11460
2011/11/06 10,90,14044
2011/11/06 11,77,19342
2011/11/06 12,76,20409
2011/11/06 13,87,24450
2011/11/06 14,98,24495
2011/11/06 15,98,21699
2011/11/06 16,112,17182
2011/11/06 17,134,10745
2011/11/06 18,141,14168
2011/11/06 19,150,22850
2011/11/06 20,138,22180
2011/11/06 21,164,22231
2011/11/06 22,186,23046
2011/11/06 23,170,28784
2011/11/07 00,154,30149
2011/11/07 01,167,20799
2011/11/07 02,164,15197
2011/11/07 03,154,17936
2011/11/07 04,139,27593
2011/11/07 05,130,27153
2011/11/07 06,138,30521
2011/11/07 07,119,18365
2011/11/07 08,96,17820
2011/11/07 09,79,9528
2011/11/07 10,69,10422
2011/11/07 11,51,9814
2011/11/07 12,53,11908
2011/11/07 13,50,11414
2011/11/07 14,47,4759
2011/11/07 15,62,7116
2011/11/07 16,78,8314
2011/11/07 17,83,9599
2011/11/07 18,116,11216
2011/11/07 19,131,15405
2011/11/07 20,144,17245
2011/11/07 21,149,18081
2011/11/07 22,155,20060
2011/11/07 23,147,19668
2011/11/08 00,123,13522
2011/11/08 01,126,17340
2011/11/08 02,147,19752
2011/11/08 03,157,20340
2011/11/08 04,153,30839
2011/11/08 05,132,30725
2011/11/08 06,115,28016
2011/11/08 07,101,29015
2011/11/08 08,96,27737
2011/11/08 09,91,12333
2011/11/08 10,73,10308
2011/11/08 11,64,14467
2011/11/08 12,52,17176
2011/11/08 13,51,16011
2011/11/08 14,47,9851
2011/11/08 15,51,12304
2011/11/08 16,62,13375
2011/11/08 17,67,16304
2011/11/08 18,82,13939
2011/11/08 19,103,15916
2011/11/08 20,115,18122
2011/11/08 21,122,18086
2011/11/08 22,145,23343
2011/11/08 23,151,27841
2011/11/09 00,135,23862
2011/11/09 01,146,24069
2011/11/09 02,158,22372
2011/11/09 03,165,19464
2011/11/09 04,109,13573
2011/11/09 05,153,21465
2011/11/09 06,142,20651
2011/11/09 07,132,15482
2011/11/09 08,113,14507
2011/11/09 09,93,10430
2011/11/09 10,84,9159
2011/11/09 11,67,9022
2011/11/09 12,54,8879
2011/11/09 13,55,11034
2011/11/09 14,46,7060
2011/11/09 15,63,8442
2011/11/09 16,75,11479
2011/11/09 17,92,16241
2011/11/09 18,109,15032
2011/11/09 19,102,15462
2011/11/09 20,120,17233
2011/11/09 21,145,20315
2011/11/09 22,152,13232
2011/11/09 23,169,14515
2011/11/10 00,157,12661
2011/11/10 01,147,13691
2011/11/10 02,143,14574
2011/11/10 03,173,17263
2011/11/10 04,167,22618
2011/11/10 05,161,26721
2011/11/10 06,150,29100
2011/11/10 07,120,30609
2011/11/10 08,107,28054
2011/11/10 09,98,26010
2011/11/10 10,91,26260
2011/11/10 11,94,11866
2011/11/10 12,76,10151
2011/11/10 13,61,12259
2011/11/10 14,52,6106
2011/11/10 15,57,5234
2011/11/10 16,66,7625
2011/11/10 17,76,9423
2011/11/10 18,79,10377
2011/11/10 19,91,14699
2011/11/10 20,95,12278
2011/11/10 21,116,21036
2011/11/10 22,132,24542
2011/11/10 23,136,22920
2011/11/11 00,138,23505
2011/11/11 01,129,26713
2011/11/11 02,125,20998
2011/11/11 03,138,20490
2011/11/11 04,166,25822
2011/11/11 05,153,27262
2011/11/11 06,130,17326
2011/11/11 07,127,19820
2011/11/11 08,116,18506
2011/11/11 09,111,8669
2011/11/11 10,96,9430
2011/11/11 11,89,4298
2011/11/11 12,86,4332
2011/11/11 13,75,5918
2011/11/11 14,68,6247
2011/11/11 15,69,7327
2011/11/11 16,72,8325
2011/11/11 17,78,10111
2011/11/11 18,157,20030
2011/11/11 19,106,13495
2011/11/11 20,123,15619
2011/11/11 21,141,16388
2011/11/11 22,147,17677
2011/11/11 23,144,15457
2011/11/12 00,157,10351
2011/11/12 01,161,14418
2011/11/12 02,153,19194
2011/11/12 03,142,15766
2011/11/12 04,133,14569
2011/11/12 05,144,16008
2011/11/12 06,118,16422
2011/11/12 07,95,12670
2011/11/12 08,83,11347
2011/11/12 09,78,11795
2011/11/12 10,66,12082
2011/11/12 11,51,10596
2011/11/12 12,55,11861
2011/11/12 13,74,11909
2011/11/12 14,70,6139
2011/11/12 15,75,5159
2011/11/12 16,82,6178
2011/11/12 17,106,7836
2011/11/12 18,113,15038
2011/11/12 19,129,19703
2011/11/12 20,148,23240
2011/11/12 21,151,12139
2011/11/12 22,163,12596
2011/11/12 23,159,8565
2011/11/13 00,151,10494
2011/11/13 01,143,13940
2011/11/13 02,144,18051
2011/11/13 03,139,20061
2011/11/13 04,140,17763
2011/11/13 05,114,14863
2011/11/13 06,109,12099
2011/11/13 07,98,10569
2011/11/13 08,83,7569
2011/11/13 12,54,3630
2011/11/13 13,79,5202
2011/11/13 14,70,6300
2011/11/13 15,84,7260
2011/11/13 16,90,10268
2011/11/13 17,100,15304
2011/11/13 18,126,22283
2011/11/13 19,124,23067
2011/11/13 20,142,22085
2011/11/13 21,138,24163
2011/11/13 22,140,25625
2011/11/13 23,119,15507
2011/11/14 00,108,13540
2011/11/14 01,125,9485
2011/11/14 02,130,8939
2011/11/14 03,125,8945
2011/11/14 04,117,10446
2011/11/14 05,114,10128
2011/11/14 06,105,12091
2011/11/14 07,89,13362
2011/11/14 08,85,6759
2011/11/14 09,61,4636
2011/11/14 10,49,5629
2011/11/14 11,43,3963
2011/11/14 12,51,4358
2011/11/14 13,48,5694
2011/11/14 14,67,7466
2011/11/14 15,69,8147
2011/11/14 16,69,7292
2011/11/14 17,98,7795
2011/11/14 18,107,18612
2011/11/14 19,97,18715
2011/11/14 20,95,19171
2011/11/14 21,94,21947
2011/11/14 22,107,14299
2011/11/14 23,124,15083
2011/11/15 00,141,15018
2011/11/15 01,132,16069
2011/11/15 02,126,14192
2011/11/15 03,129,26707
2011/11/15 04,116,25819
2011/11/15 05,106,16250
2011/11/15 06,97,16448
2011/11/15 07,90,12903
2011/11/15 08,81,11304
2011/11/15 09,60,10297
2011/11/15 10,47,3716
2011/11/15 11,53,915
2011/11/15 12,47,1019
2011/11/15 13,55,2257
2011/11/15 14,67,4047
2011/11/15 15,74,8898
2011/11/15 16,81,11511
2011/11/15 17,96,9419
2011/11/15 18,94,10085
2011/11/15 19,108,13042
2011/11/15 20,112,8967
2011/11/15 21,110,10517
2011/11/15 22,113,15403
2011/11/15 23,124,16040
2011/11/16 00,109,14813
2011/11/16 01,139,10844
2011/11/16 02,126,14827
2011/11/16 03,122,17823
2011/11/16 04,134,15394
2011/11/16 05,130,11746
2011/11/16 06,105,12111
2011/11/16 07,88,11275
2011/11/16 08,72,9302
2011/11/16 09,57,7392
2011/11/16 10,48,1081
2011/11/16 11,45,1700
2011/11/16 12,58,2899
2011/11/16 13,68,3458
2011/11/16 14,77,4284
2011/11/16 15,86,5819
2011/11/16 16,96,8461
2011/11/16 17,93,11251
2011/11/16 18,93,12490
2011/11/16 19,92,18136
2011/11/16 20,116,18028
2011/11/16 21,127,17814
2011/11/16 22,128,15651
2011/11/16 23,136,17183
2011/11/17 00,135,25268
2011/11/17 01,134,20204
2011/11/17 02,154,22103
2011/11/17 03,153,15109
2011/11/17 04,142,14817
2011/11/17 05,134,11371
2011/11/17 06,121,13881
2011/11/17 07,99,10579
2011/11/17 08,92,8885
2011/11/17 09,74,7712
2011/11/17 10,72,4135
2011/11/17 11,60,5332
2011/11/17 12,62,6001
2011/11/17 13,65,9149
2011/11/17 14,77,9475
2011/11/17 15,90,13203
2011/11/17 16,84,11341
2011/11/17 17,109,14289
2011/11/17 18,120,16401
2011/11/17 19,121,16605
2011/11/17 20,124,17294
2011/11/17 21,130,14603
2011/11/17 22,132,6511
2011/11/17 23,137,8318
2011/11/18 00,130,9571
2011/11/18 01,150,15086
2011/11/18 02,152,15365
2011/11/18 03,156,19149
2011/11/18 04,147,18089
2011/11/18 05,143,10583
2011/11/18 06,135,10439
2011/11/18 07,106,7441
2011/11/18 08,87,7848
2011/11/18 09,90,7417
2011/11/18 10,65,8695
2011/11/18 11,62,10702
2011/11/18 12,75,9385
2011/11/18 13,76,9780
2011/11/18 14,78,11314
2011/11/18 15,100,14776
2011/11/18 16,103,12186
2011/11/18 17,110,15253
2011/11/18 18,114,17343
2011/11/18 19,118,16453
2011/11/18 20,131,17867
2011/11/18 21,141,16329
2011/11/18 22,108,17436
2011/11/18 23,80,8188
2011/11/19 00,75,8001
2011/11/19 01,78,6643
2011/11/19 02,106,5481
2011/11/19 03,94,5641
2011/11/19 04,97,6415
2011/11/19 05,96,7577
2011/11/19 06,116,5045
2011/11/19 07,128,3215
2011/11/19 08,102,2537
2011/11/19 09,92,3366
2011/11/19 10,73,4362
2011/11/19 11,79,6644
2011/11/19 12,72,8294
2011/11/19 13,82,8206
2011/11/19 14,90,8911
2011/11/19 15,91,10462
2011/11/19 16,97,10807
2011/11/19 17,98,15840
2011/11/19 18,84,17397
2011/11/19 19,77,17348
2011/11/19 20,90,12790
2011/11/19 21,110,11304
2011/11/19 22,109,10637
2011/11/19 23,102,9714
2011/11/20 00,82,8944
2011/11/20 01,76,9470
2011/11/20 02,71,9001
2011/11/20 03,72,10002
2011/11/20 04,100,11900
2011/11/20 05,117,7233
2011/11/20 06,115,8833
2011/11/20 07,124,8484
2011/11/20 08,108,7423
2011/11/20 09,90,6813
2011/11/20 10,82,7497
2011/11/20 11,74,11142
2011/11/20 12,68,15360
2011/11/20 13,66,18010
2011/11/20 14,72,16982
2011/11/20 15,71,13451
2011/11/20 16,63,10838
2011/11/20 17,70,12744
2011/11/20 18,70,17601
2011/11/20 19,66,18994
2011/11/20 20,82,21668
2011/11/20 21,81,19747
2011/11/20 22,65,18159
2011/11/20 23,75,18780
2011/11/21 00,69,15457
2011/11/21 01,75,10632
2011/11/21 02,104,10910
2011/11/21 03,108,3368
2011/11/21 04,108,4312
2011/11/21 05,106,6113
2011/11/21 06,108,6371
2011/11/21 07,96,6758
2011/11/21 08,90,3917
2011/11/21 09,78,3656
2011/11/21 10,60,2364
2011/11/21 11,56,2301
2011/11/21 12,56,1637
2011/11/21 13,63,3551
2011/11/21 14,65,7713
2011/11/21 15,78,10230
2011/11/21 16,90,10889
2011/11/21 17,119,11716
2011/11/21 18,123,12550
2011/11/21 19,121,13585
2011/11/21 20,148,14224
2011/11/21 21,126,15522
2011/11/21 22,144,16174
2011/11/21 23,166,13796
2011/11/22 00,161,5783
2011/11/22 01,165,10207
2011/11/22 02,151,11076
2011/11/22 03,159,11245
2011/11/22 04,169,9316
2011/11/22 05,159,10753
2011/11/22 06,142,9700
2011/11/22 07,133,10136
2011/11/22 08,102,7793
2011/11/22 09,82,5408
2011/11/22 10,81,6811
2011/11/22 11,64,8100
2011/11/22 12,58,8583
2011/11/22 13,65,8720
2011/11/22 14,82,5775
2011/11/22 15,84,4664
2011/11/22 16,105,8998
2011/11/22 17,108,11550
2011/11/22 18,120,13159
2011/11/22 19,134,15387
2011/11/22 20,146,13124
2011/11/22 21,147,14054
2011/11/22 22,150,16926
2011/11/22 23,158,10684
2011/11/23 00,169,18516
2011/11/23 01,186,19270
2011/11/23 02,174,24006
2011/11/23 03,171,21522
2011/11/23 04,167,21747
2011/11/23 05,165,13625
2011/11/23 06,148,14308
2011/11/23 07,123,10797
2011/11/23 08,99,7674
2011/11/23 09,91,7570
2011/11/23 10,78,4597
2011/11/23 11,74,3523
2011/11/23 12,88,5045
2011/11/23 13,87,6667
2011/11/23 14,78,6455
2011/11/23 15,92,8345
2011/11/23 16,111,13112
2011/11/23 17,119,13669
2011/11/23 18,128,18488
2011/11/23 19,149,18574
2011/11/23 20,150,20168
2011/11/23 21,159,16422
2011/11/23 22,165,20635
2011/11/23 23,138,16668
2011/11/24 00,131,16948
2011/11/24 01,146,17248
2011/11/24 02,156,19048
2011/11/24 03,171,14294
2011/11/24 04,157,18995
2011/11/24 05,140,11152
2011/11/24 06,135,12264
2011/11/24 07,127,5225
2011/11/24 08,114,5194
2011/11/24 09,108,15953
2011/11/24 10,78,24244
2011/11/24 11,55,33475
2011/11/24 12,41,41717
2011/11/24 13,47,47496
2011/11/24 14,45,48431
2011/11/24 15,56,48278
2011/11/24 16,82,50180
2011/11/24 17,94,62894
2011/11/24 18,94,74828
2011/11/24 19,98,79139
2011/11/24 20,111,81025
2011/11/24 21,108,80925
2011/11/24 22,99,83569
2011/11/24 23,105,84537
2011/11/25 00,98,13780
2011/11/25 01,109,15254
2011/11/25 02,124,13667
2011/11/25 03,126,15231
2011/11/25 04,127,14122
2011/11/25 05,128,9733
2011/11/25 06,112,7446
2011/11/25 07,112,8162
2011/11/25 08,86,8530
2011/11/25 09,73,35267
2011/11/25 10,51,49242
2011/11/25 11,46,52679
2011/11/25 12,48,55762
2011/11/25 13,55,51910
2011/11/25 14,49,56862
2011/11/25 15,58,59875
2011/11/25 16,83,68556
2011/11/25 17,86,66630
2011/11/25 18,81,79258
2011/11/25 19,91,80479
2011/11/25 20,135,61307
2011/11/25 21,127,80122
2011/11/25 22,129,90583
2011/11/25 23,109,91083
2011/11/26 00,127,49817
2011/11/26 01,158,12942
2011/11/26 02,160,15559
2011/11/26 03,142,14611
2011/11/26 04,143,14183
2011/11/26 05,145,12963
2011/11/26 06,146,13829
2011/11/26 07,130,13398
2011/11/26 08,113,13951
2011/11/26 09,82,29164
2011/11/26 10,74,40727
2011/11/26 11,61,62663
2011/11/26 12,60,55654
2011/11/26 13,68,54468
2011/11/26 14,68,62370
2011/11/26 15,88,52026
2011/11/26 16,109,4137
2011/11/26 17,115,44594
2011/11/26 18,108,57151
2011/11/26 19,99,55065
2011/11/26 20,96,69380
2011/11/26 21,110,72162
2011/11/26 22,122,72901
2011/11/26 23,94,88929
2011/11/27 00,113,90265
2011/11/27 01,148,7896
2011/11/27 02,176,10426
2011/11/27 03,178,16075
2011/11/27 04,145,14557
2011/11/27 05,141,14678
2011/11/27 06,121,12849
2011/11/27 07,116,8895
2011/11/27 08,108,9002
2011/11/27 09,99,7933
2011/11/27 10,89,7304
2011/11/27 11,96,6208
2011/11/27 12,92,6448
2011/11/27 13,107,8646
2011/11/27 14,100,11492
2011/11/27 15,106,13154
2011/11/27 16,119,9730
2011/11/27 17,137,12052
2011/11/27 18,153,14009
2011/11/27 19,157,21455
2011/11/27 20,156,16752
2011/11/27 21,171,20506
2011/11/27 22,152,18497
2011/11/27 23,174,20708
2011/11/28 00,166,21830
2011/11/28 01,190,22937
2011/11/28 02,189,13668
2011/11/28 03,167,14092
2011/11/28 04,165,17601
2011/11/28 05,142,14310
2011/11/28 06,124,13392
2011/11/28 07,102,12025
2011/11/28 08,87,12519
2011/11/28 09,74,6934
2011/11/28 10,62,4769
2011/11/28 11,51,2540
2011/11/28 12,39,3921
2011/11/28 13,55,6109
2011/11/28 14,67,7285
2011/11/28 15,79,9969
2011/11/28 16,100,7787
2011/11/28 17,116,8486
2011/11/28 18,130,15594
2011/11/28 19,152,15629
2011/11/28 20,164,18655
2011/11/28 21,182,18041
2011/11/28 22,164,19363
2011/11/28 23,164,20101
2011/11/29 00,161,19169
2011/11/29 01,209,20677
2011/11/29 02,192,21296
2011/11/29 03,171,19645
2011/11/29 04,165,19780
2011/11/29 05,160,13788
2011/11/29 06,149,11802
2011/11/29 07,144,12253
2011/11/29 08,128,12971
2011/11/29 09,110,11220
2011/11/29 10,83,9333
2011/11/29 11,65,7688
2011/11/29 12,61,7700
2011/11/29 13,61,7500
2011/11/29 14,77,9268
2011/11/29 15,90,8820
2011/11/29 16,99,12329
2011/11/29 17,121,14340
2011/11/29 18,135,15781
2011/11/29 19,141,19937
2011/11/29 20,152,18589
2011/11/29 21,163,24766
2011/11/29 22,158,26074
2011/11/29 23,154,29164
2011/11/30 00,147,18595
2011/11/30 01,182,21300
2011/11/30 02,177,24165
2011/11/30 03,181,16058
2011/11/30 04,163,17259
2011/11/30 05,162,23911
2011/11/30 06,135,22770
2011/11/30 07,128,21628
2011/11/30 08,121,9303
2011/11/30 09,98,9639
2011/11/30 10,87,8082
2011/11/30 11,75,9711
2011/11/30 12,65,6933
2011/11/30 13,75,11537
2011/11/30 14,70,11652
2011/11/30 15,95,11763
2011/11/30 16,118,11367
2011/11/30 17,127,12948
2011/11/30 18,136,12863
2011/11/30 19,147,14408
2011/11/30 20,163,13239
2011/11/30 21,186,14076
2011/11/30 22,187,16156
2011/11/30 23,166,17237
2011/12/01 00,167,15754
2011/12/01 01,177,18727
2011/12/01 02,155,16711
2011/12/01 03,166,16223
2011/12/01 04,159,16411
2011/12/01 05,161,16949
2011/12/01 06,143,17223
2011/12/01 07,117,14166
2011/12/01 08,107,13136
2011/12/01 09,96,6901
2011/12/01 10,88,7634
2011/12/01 11,73,8792
2011/12/01 12,77,10318
2011/12/01 13,78,6861
2011/12/01 14,80,7322
2011/12/01 15,91,9183
2011/12/01 16,104,11600
2011/12/01 17,132,11836
2011/12/01 18,148,18487
2011/12/01 19,146,19856
2011/12/01 20,149,21085
2011/12/01 21,162,20884
2011/12/01 22,161,14070
2011/12/01 23,173,11288
2011/12/02 00,162,12705
2011/12/02 01,182,13561
2011/12/02 02,182,16457
2011/12/02 03,180,17717
2011/12/02 04,175,18764
2011/12/02 05,173,14758
2011/12/02 06,157,15326
2011/12/02 07,137,11051
2011/12/02 08,122,10186
2011/12/02 09,100,7954
2011/12/02 10,94,8316
2011/12/02 11,86,8819
2011/12/02 12,85,9833
2011/12/02 13,77,11092
2011/12/02 14,76,8850
2011/12/02 15,82,12324
2011/12/02 16,102,14084
2011/12/02 17,113,14601
2011/12/02 18,127,22129
2011/12/02 19,137,27277
2011/12/02 20,133,27145
2011/12/02 21,147,13262
2011/12/02 22,156,36644
2011/12/02 23,160,44031
2011/12/03 00,176,45772
2011/12/03 01,183,37586
2011/12/03 02,190,36722
2011/12/03 03,175,38885
2011/12/03 04,149,35376
2011/12/03 05,146,32091
2011/12/03 06,141,32255
2011/12/03 07,125,34462
2011/12/03 08,106,32435
2011/12/03 09,76,29405
2011/12/03 10,79,25108
2011/12/03 11,87,5907
2011/12/03 12,89,8189
2011/12/03 13,84,9149
2011/12/03 14,76,7831
2011/12/03 15,91,9189
2011/12/03 16,116,10778
2011/12/03 17,130,12333
2011/12/03 18,151,14960
2011/12/03 19,149,10669
2011/12/03 20,168,11423
2011/12/03 21,177,42593
2011/12/03 22,175,50095
2011/12/03 23,176,49663
2011/12/04 00,171,51620
2011/12/04 01,179,51164
2011/12/04 02,188,53828
2011/12/04 03,170,48338
2011/12/04 04,168,44813
2011/12/04 05,153,42128
2011/12/04 06,144,44151
2011/12/04 07,165,24176
2011/12/04 08,163,18066
2011/12/04 09,127,3347
2011/12/04 10,119,6101
2011/12/04 11,105,8874
2011/12/04 12,89,10650
2011/12/04 13,95,10590
2011/12/04 14,104,12100
2011/12/04 15,106,13284
2011/12/04 16,114,14841
2011/12/04 17,134,9493
2011/12/04 18,146,12459
2011/12/04 19,143,17557
2011/12/04 20,156,18489
2011/12/04 21,185,14816
2011/12/04 22,192,16507
2011/12/04 23,178,13929
2011/12/05 00,168,12939
2011/12/05 01,182,10159
2011/12/05 02,149,45538
2011/12/05 03,131,49024
2011/12/05 04,109,50648
2011/12/05 05,105,55174
2011/12/05 06,96,57381
2011/12/05 07,116,17915
2011/12/05 08,109,6538
2011/12/05 09,100,7164
2011/12/05 10,85,7387
2011/12/05 11,76,9586
2011/12/05 12,67,5700
2011/12/05 13,66,5672
2011/12/05 14,78,6269
2011/12/05 15,82,6405
2011/12/05 16,95,5416
2011/12/05 17,103,6124
2011/12/05 18,122,9546
2011/12/05 19,139,12412
2011/12/05 20,158,16153
2011/12/05 21,169,19019
2011/12/05 22,192,20260
2011/12/05 23,190,21626
2011/12/06 00,194,20829
2011/12/06 01,192,22129
2011/12/06 02,194,17405
2011/12/06 03,180,25090
2011/12/06 04,174,24341
2011/12/06 05,166,25625
2011/12/06 06,144,12912
2011/12/06 07,123,11701
2011/12/06 08,95,9646
2011/12/06 09,83,7749
2011/12/06 10,78,4255
2011/12/06 11,65,3266
2011/12/06 12,64,3994
2011/12/06 13,74,5059
2011/12/06 14,75,6807
2011/12/06 15,92,10665
2011/12/06 16,92,11378
2011/12/06 17,120,10580
2011/12/06 18,118,15754
2011/12/06 19,143,15965
2011/12/06 20,149,15131
2011/12/06 21,162,14672
2011/12/06 22,178,12943
2011/12/06 23,167,13422
2011/12/07 00,166,19357
2011/12/07 01,194,21816
2011/12/07 02,199,22247
2011/12/07 03,197,25799
2011/12/07 04,171,22552
2011/12/07 05,168,29684
2011/12/07 06,130,23513
2011/12/07 07,123,21470
2011/12/07 08,117,13899
2011/12/07 09,98,6465
2011/12/07 10,80,5165
2011/12/07 11,75,4136
2011/12/07 12,79,6716
2011/12/07 13,88,6977
2011/12/07 14,93,8123
2011/12/07 15,93,8994
2011/12/07 16,109,8626
2011/12/07 17,122,8655
2011/12/07 18,126,10614
2011/12/07 19,152,18501
2011/12/07 20,178,23089
2011/12/07 21,200,25212
2011/12/07 22,199,20771
2011/12/07 23,184,20223
2011/12/08 00,216,24180
2011/12/08 01,217,21549
2011/12/08 02,217,24865
2011/12/08 03,202,23550
2011/12/08 04,181,18030
2011/12/08 05,165,14621
2011/12/08 06,166,10236
2011/12/08 07,141,7766
2011/12/08 08,118,6759
2011/12/08 09,97,6617
2011/12/08 10,99,8411
2011/12/08 11,82,6618
2011/12/08 12,78,7414
2011/12/08 13,84,7723
2011/12/08 14,91,8015
2011/12/08 15,94,7853
2011/12/08 16,111,8574
2011/12/08 17,110,7493
2011/12/08 18,116,10849
2011/12/08 19,149,14699
2011/12/08 20,175,14936
2011/12/08 21,168,17228
2011/12/08 22,187,17445
2011/12/08 23,210,17631
2011/12/09 00,209,17905
2011/12/09 01,211,20078
2011/12/09 02,221,20745
2011/12/09 03,209,23363
2011/12/09 04,191,14251
2011/12/09 05,183,13010
2011/12/09 06,177,9130
2011/12/09 07,146,7256
2011/12/09 08,129,5697
2011/12/09 09,110,3585
2011/12/09 10,100,4493
2011/12/09 11,86,5023
2011/12/09 12,77,8234
2011/12/09 13,96,10200
2011/12/09 14,99,13535
2011/12/09 15,106,14549
2011/12/09 16,124,16627
2011/12/09 17,129,16001
2011/12/09 18,152,17667
2011/12/09 19,162,19315
2011/12/09 20,168,20644
2011/12/09 21,213,20646
2011/12/09 22,250,21072
2011/12/09 23,254,24931
2011/12/10 00,265,15287
2011/12/10 01,249,16443
2011/12/10 02,247,17276
2011/12/10 03,240,9284
2011/12/10 04,229,9626
2011/12/10 05,215,10378
2011/12/10 06,219,10575
2011/12/10 07,201,9535
2011/12/10 08,167,8084
2011/12/10 09,148,8269
2011/12/10 10,137,5749
2011/12/10 11,115,5768
2011/12/10 12,119,7659
2011/12/10 13,115,9901
2011/12/10 14,126,13246
2011/12/10 15,123,13098
2011/12/10 16,151,16625
2011/12/10 17,161,15883
2011/12/10 18,187,25045
2011/12/10 19,199,21533
2011/12/10 20,225,20815
2011/12/10 21,241,20258
2011/12/10 22,265,24048
2011/12/10 23,247,28944
2011/12/11 00,235,28686
2011/12/11 01,251,27768
2011/12/11 02,226,22887
2011/12/11 03,220,24235
2011/12/11 04,190,21359
2011/12/11 05,182,22836
2011/12/11 06,175,16925
2011/12/11 07,168,17603
2011/12/11 08,150,15550
2011/12/11 09,138,8629
2011/12/11 10,121,9678
2011/12/11 11,127,11678
2011/12/11 12,125,14467
2011/12/11 13,125,14624
2011/12/11 14,119,17113
2011/12/11 15,136,17790
2011/12/11 16,143,20355
2011/12/11 17,158,21515
2011/12/11 18,164,26830
2011/12/11 19,179,26803
2011/12/11 20,197,26676
2011/12/11 21,213,16671
2011/12/11 22,217,21321
2011/12/11 23,219,21438
2011/12/12 00,217,23533
2011/12/12 01,213,18564
2011/12/12 02,232,22955
2011/12/12 03,206,23718
2011/12/12 04,188,20557
2011/12/12 05,171,21382
2011/12/12 06,143,12251
2011/12/12 07,144,12885
2011/12/12 08,128,9915
2011/12/12 09,98,9406
2011/12/12 10,80,21180
2011/12/12 11,59,19455
2011/12/12 12,66,22073
2011/12/12 13,77,31728
2011/12/12 14,89,12867
2011/12/12 15,100,15154
2011/12/12 16,114,7554
2011/12/12 17,142,9125
2011/12/12 18,158,12111
2011/12/12 19,159,15181
2011/12/12 20,152,14260
2011/12/12 21,179,13561
2011/12/12 22,205,19555
2011/12/12 23,213,20988
2011/12/13 00,215,16339
2011/12/13 01,207,14866
2011/12/13 02,216,15206
2011/12/13 03,212,21310
2011/12/13 04,182,26037
2011/12/13 05,182,27557
2011/12/13 06,178,18647
2011/12/13 07,179,15352
2011/12/13 08,145,7501
2011/12/13 09,109,5253
2011/12/13 10,88,16052
2011/12/13 11,61,19790
2011/12/13 12,51,22489
2011/12/13 13,62,22532
2011/12/13 14,84,24536
2011/12/13 15,101,11891
2011/12/13 16,120,9416
2011/12/13 17,126,10467
2011/12/13 18,147,15806
2011/12/13 19,156,18265
2011/12/13 20,179,22360
2011/12/13 21,194,23868
2011/12/13 22,209,23124
2011/12/13 23,207,24215
2011/12/14 00,184,18497
2011/12/14 01,172,23014
2011/12/14 02,225,29796
2011/12/14 03,200,23042
2011/12/14 04,187,26472
2011/12/14 05,164,44785
2011/12/14 06,117,37749
2011/12/14 07,89,38553
2011/12/14 08,109,34049
2011/12/14 09,103,24096
2011/12/14 10,85,30448
2011/12/14 11,63,17038
2011/12/14 12,57,17190
2011/12/14 13,69,14572
2011/12/14 14,74,8643
2011/12/14 15,102,8312
2011/12/14 16,117,10079
2011/12/14 17,133,11738
2011/12/14 18,149,11735
2011/12/14 19,151,15185
2011/12/14 20,173,19624
2011/12/14 21,184,19618
2011/12/14 22,182,19057
2011/12/14 23,186,16394
2011/12/15 00,181,16603
2011/12/15 01,190,20025
2011/12/15 02,198,23926
2011/12/15 03,191,20730
2011/12/15 04,179,23406
2011/12/15 05,172,18823
2011/12/15 06,157,12811
2011/12/15 07,128,13516
2011/12/15 08,104,10473
2011/12/15 09,106,5026
2011/12/15 10,98,13003
2011/12/15 11,84,18238
2011/12/15 12,70,23704
2011/12/15 13,73,13999
2011/12/15 14,89,16277
2011/12/15 15,100,14654
2011/12/15 16,105,10804
2011/12/15 17,119,14568
2011/12/15 18,149,16212
2011/12/15 19,140,17114
2011/12/15 20,172,18365
2011/12/15 21,186,21161
2011/12/15 22,181,19757
2011/12/15 23,184,20656
2011/12/16 00,190,19718
2011/12/16 01,201,16462
2011/12/16 02,208,16996
2011/12/16 03,198,18276
2011/12/16 04,188,21686
2011/12/16 05,182,18207
2011/12/16 06,166,12393
2011/12/16 07,133,11951
2011/12/16 08,119,11128
2011/12/16 09,108,11484
2011/12/16 10,87,15038
2011/12/16 11,67,14295
2011/12/16 12,77,15005
2011/12/16 13,92,15667
2011/12/16 14,86,18025
2011/12/16 15,98,6971
2011/12/16 16,114,11555
2011/12/16 17,138,13991
2011/12/16 18,157,16558
2011/12/16 19,161,16597
2011/12/16 20,165,19462
2011/12/16 21,177,21300
2011/12/16 22,190,20942
2011/12/16 23,207,18652
2011/12/17 00,206,16916
2011/12/17 01,205,18284
2011/12/17 02,197,13635
2011/12/17 03,176,15729
2011/12/17 04,192,11944
2011/12/17 05,179,10269
2011/12/17 06,187,12746
2011/12/17 07,169,8426
2011/12/17 08,151,7548
2011/12/17 09,115,13713
2011/12/17 10,92,15697
2011/12/17 11,85,18272
2011/12/17 12,84,21913
2011/12/17 13,85,27024
2011/12/17 14,117,26194
2011/12/17 15,134,11914
2011/12/17 16,158,16457
2011/12/17 17,161,18274
2011/12/17 18,185,20296
2011/12/17 19,191,21282
2011/12/17 20,184,22937
2011/12/17 21,210,25369
2011/12/17 22,237,27634
2011/12/17 23,243,28166
2011/12/18 00,219,29866
2011/12/18 01,208,29003
2011/12/18 02,207,21610
2011/12/18 03,197,21119
2011/12/18 04,206,17119
2011/12/18 05,211,14948
2011/12/18 06,192,14841
2011/12/18 07,163,7851
2011/12/18 08,152,5416
2011/12/18 09,140,5059
2011/12/18 10,112,4109
2011/12/18 11,109,5840
2011/12/18 12,117,11780
2011/12/18 13,116,14204
2011/12/18 14,127,17789
2011/12/18 15,135,20542
2011/12/18 16,132,21047
2011/12/18 17,146,22920
2011/12/18 18,165,27604
2011/12/18 19,187,29704
2011/12/18 20,188,31291
2011/12/18 21,215,35329
2011/12/18 22,232,35839
2011/12/18 23,229,33565
2011/12/19 00,198,16988
2011/12/19 01,201,16865
2011/12/19 02,234,20795
2011/12/19 03,220,22372
2011/12/19 04,197,23210
2011/12/19 05,172,19993
2011/12/19 06,177,21395
2011/12/19 07,151,12243
2011/12/19 08,143,9440
2011/12/19 09,125,5935
2011/12/19 10,102,9907
2011/12/19 11,87,9389
2011/12/19 12,73,10426
2011/12/19 13,85,13891
2011/12/19 14,92,7780
2011/12/19 15,108,8853
2011/12/19 16,120,11502
2011/12/19 17,128,15009
2011/12/19 18,161,21827
2011/12/19 19,175,22648
2011/12/19 20,197,26335
2011/12/19 21,196,23432
2011/12/19 22,192,21141
2011/12/19 23,222,16285
2011/12/20 00,230,17378
2011/12/20 01,228,19876
2011/12/20 02,205,21455
2011/12/20 03,182,20785
2011/12/20 04,174,30683
2011/12/20 05,169,26248
2011/12/20 06,169,18888
2011/12/20 07,141,19436
2011/12/20 08,133,19380
2011/12/20 09,130,9202
2011/12/20 10,107,13426
2011/12/20 11,90,13875
2011/12/20 12,80,15740
2011/12/20 13,58,18200
2011/12/20 14,80,19307
2011/12/20 15,95,11691
2011/12/20 16,129,17420
2011/12/20 17,161,17514
2011/12/20 18,160,22043
2011/12/20 19,192,27312
2011/12/20 20,202,28899
2011/12/20 21,216,28773
2011/12/20 22,232,28292
2011/12/20 23,218,29439
2011/12/21 00,208,27598
2011/12/21 01,192,19177
2011/12/21 02,190,18512
2011/12/21 03,191,23413
2011/12/21 04,184,20294
2011/12/21 05,175,20826
2011/12/21 06,183,16453
2011/12/21 07,164,12831
2011/12/21 08,145,12893
2011/12/21 09,125,6358
2011/12/21 10,105,10771
2011/12/21 11,95,12441
2011/12/21 12,79,13420
2011/12/21 13,94,14546
2011/12/21 14,118,7385
2011/12/21 15,106,8778
2011/12/21 16,121,10024
2011/12/21 17,133,11261
2011/12/21 18,156,10652
2011/12/21 19,161,12873
2011/12/21 20,172,19574
2011/12/21 21,202,18747
2011/12/21 22,223,21063
2011/12/21 23,228,22775
2011/12/22 00,221,18786
2011/12/22 01,226,18128
2011/12/22 02,212,24459
2011/12/22 03,212,20293
2011/12/22 04,204,22002
2011/12/22 05,189,15204
2011/12/22 06,175,14374
2011/12/22 07,145,10383
2011/12/22 08,134,10520
2011/12/22 09,146,4916
2011/12/22 10,125,13207
2011/12/22 11,95,14874
2011/12/22 12,85,17173
2011/12/22 13,91,18423
2011/12/22 14,91,18807
2011/12/22 15,124,20848
2011/12/22 16,126,8402
2011/12/22 17,135,9198
2011/12/22 18,154,15606
2011/12/22 19,171,18338
2011/12/22 20,180,22340
2011/12/22 21,190,24888
2011/12/22 22,190,26617
2011/12/22 23,201,27097
2011/12/23 00,198,26720
2011/12/23 01,185,29096
2011/12/23 02,203,24036
2011/12/23 03,191,28931
2011/12/23 04,177,26934
2011/12/23 05,175,25910
2011/12/23 06,177,28707
2011/12/23 07,162,19034
2011/12/23 08,151,11741
2011/12/23 09,139,6623
2011/12/23 10,121,12195
2011/12/23 11,85,13873
2011/12/23 12,83,15138
2011/12/23 13,70,15819
2011/12/23 14,91,19146
2011/12/23 15,104,7820
2011/12/23 16,125,9102
2011/12/23 17,139,14168
2011/12/23 18,152,24438
2011/12/23 19,161,30103
2011/12/23 20,177,29451
2011/12/23 21,188,26642
2011/12/23 22,216,26787
2011/12/23 23,219,16041
2011/12/24 00,219,16663
2011/12/24 01,216,16358
2011/12/24 02,210,16456
2011/12/24 03,210,11063
2011/12/24 04,212,14401
2011/12/24 05,192,17270
2011/12/24 06,172,8536
2011/12/24 07,167,8734
2011/12/24 08,154,6766
2011/12/24 09,137,6715
2011/12/24 10,115,8210
2011/12/24 11,98,7838
2011/12/24 12,98,7195
2011/12/24 13,95,7424
2011/12/24 14,98,6878
2011/12/24 15,95,7228
2011/12/24 16,110,8051
2011/12/24 17,106,9385
2011/12/24 18,108,14859
2011/12/24 19,120,19415
2011/12/24 20,130,22880
2011/12/24 21,138,26449
2011/12/24 22,151,14373
2011/12/24 23,162,13415
2011/12/25 00,175,15328
2011/12/25 01,153,16595
2011/12/25 02,130,14820
2011/12/25 03,128,8867
2011/12/25 04,130,9857
2011/12/25 05,132,10024
2011/12/25 06,133,8919
2011/12/25 07,133,10432
2011/12/25 08,120,10604
2011/12/25 09,102,13223
2011/12/25 10,97,15658
2011/12/25 11,77,8491
2011/12/25 12,82,10597
2011/12/25 13,92,5692
2011/12/25 14,89,6366
2011/12/25 15,107,7891
2011/12/25 16,115,7959
2011/12/25 17,97,8664
2011/12/25 18,119,8956
2011/12/25 19,147,6038
2011/12/25 20,159,8409
2011/12/25 21,166,11762
2011/12/25 22,178,12020
2011/12/25 23,166,11692
2011/12/26 00,177,12667
2011/12/26 01,175,11379
2011/12/26 02,181,8221
2011/12/26 03,148,9547
2011/12/26 04,145,13259
2011/12/26 05,146,13133
2011/12/26 06,147,12199
2011/12/26 07,147,13048
2011/12/26 08,132,11326
2011/12/26 09,115,12944
2011/12/26 10,108,7305
2011/12/26 11,92,7808
2011/12/26 12,91,7376
2011/12/26 13,104,10426
2011/12/26 14,116,10992
2011/12/26 15,122,8154
2011/12/26 16,117,9765
2011/12/26 17,117,9533
2011/12/26 18,143,9606
2011/12/26 19,152,13646
2011/12/26 20,194,16728
2011/12/26 21,214,18881
2011/12/26 22,239,21188
2011/12/26 23,221,19788
2011/12/27 00,214,21272
2011/12/27 01,206,20567
2011/12/27 02,188,19486
2011/12/27 03,177,18889
2011/12/27 04,188,15662
2011/12/27 05,188,16503
2011/12/27 06,163,17687
2011/12/27 07,149,13744
2011/12/27 08,158,10855
2011/12/27 09,131,11590
2011/12/27 10,118,4086
2011/12/27 11,118,4390
2011/12/27 12,115,6100
2011/12/27 13,107,5695
2011/12/27 14,120,6566
2011/12/27 15,121,6590
2011/12/27 16,135,5986
2011/12/27 17,148,9512
2011/12/27 18,172,10320
2011/12/27 19,189,15202
2011/12/27 20,207,15696
2011/12/27 21,212,17069
2011/12/27 22,241,20102
2011/12/27 23,235,23322
2011/12/28 00,224,26830
2011/12/28 01,231,24186
2011/12/28 02,225,30589
2011/12/28 03,212,24329
2011/12/28 04,201,20633
2011/12/28 05,194,25388
2011/12/28 06,187,10518
2011/12/28 07,181,10173
2011/12/28 08,155,8698
2011/12/28 09,141,7841
2011/12/28 10,124,8337
2011/12/28 11,113,9717
2011/12/28 12,109,6477
2011/12/28 13,111,7233
2011/12/28 14,111,7527
2011/12/28 15,125,7878
2011/12/28 16,141,15932
2011/12/28 17,146,14841
2011/12/28 18,162,15555
2011/12/28 19,182,16040
2011/12/28 20,215,16928
2011/12/28 21,214,18133
2011/12/28 22,233,18674
2011/12/28 23,227,16625
2011/12/29 00,229,21204
2011/12/29 01,233,14552
2011/12/29 02,234,19761
2011/12/29 03,221,19528
2011/12/29 04,212,22430
2011/12/29 05,201,19606
2011/12/29 06,200,12570
2011/12/29 07,208,14059
2011/12/29 08,186,12493
2011/12/29 09,147,10461
2011/12/29 10,130,10000
2011/12/29 11,116,7550
2011/12/29 12,110,11646
2011/12/29 13,110,11332
2011/12/29 14,108,11965
2011/12/29 15,113,13687
2011/12/29 16,113,17862
2011/12/29 17,98,17833
2011/12/29 18,148,24488
2011/12/29 19,197,21643
2011/12/29 20,208,24389
2011/12/29 21,224,25292
2011/12/29 22,221,23050
2011/12/29 23,252,26840
2011/12/30 00,232,21710
2011/12/30 01,245,21340
2011/12/30 02,265,26072
2011/12/30 03,256,20198
2011/12/30 04,212,22684
2011/12/30 05,191,24227
2011/12/30 06,203,16470
2011/12/30 07,193,16250
2011/12/30 08,174,11301
2011/12/30 09,162,13922
2011/12/30 10,140,10620
2011/12/30 11,123,8079
2011/12/30 12,99,11395
2011/12/30 13,115,13556
2011/12/30 14,118,16596
2011/12/30 15,128,9905
2011/12/30 16,151,10741
2011/12/30 17,160,9860
2011/12/30 18,176,14297
2011/12/30 19,191,22777
2011/12/30 20,204,20792
2011/12/30 21,206,27014
2011/12/30 22,227,18443
2011/12/30 23,252,20171
2011/12/31 00,252,20902
2011/12/31 01,240,19640
2011/12/31 02,235,22946
2011/12/31 03,214,19894
2011/12/31 04,180,14715
2011/12/31 05,203,14366
2011/12/31 06,208,9142
2011/12/31 07,191,7562
2011/12/31 08,168,6295
2011/12/31 09,143,7439
2011/12/31 10,123,4472
2011/12/31 11,109,5159
2011/12/31 12,105,5685
2011/12/31 13,102,5838
2011/12/31 14,95,6392
2011/12/31 15,115,7267
2011/12/31 16,129,8421
2011/12/31 17,136,7966
2011/12/31 18,127,10211
2011/12/31 19,125,10400
2011/12/31 20,142,10370
2011/12/31 21,179,8056
2011/12/31 22,193,9007
2011/12/31 23,188,10119
2012/01/01 00,188,11047
2012/01/01 01,180,13283
2012/01/01 02,186,9573
2012/01/01 03,168,10259
2012/01/01 04,148,11017
2012/01/01 05,154,11008
2012/01/01 06,144,11900
2012/01/01 07,161,12539
2012/01/01 08,144,11697
2012/01/01 09,124,5583
2012/01/01 10,109,4970
2012/01/01 11,90,4375
2012/01/01 12,83,5353
2012/01/01 13,74,5585
2012/01/01 14,89,6408
2012/01/01 15,114,7664
2012/01/01 16,114,7319
2012/01/01 17,136,7822
2012/01/01 18,142,9455
2012/01/01 19,160,11204
2012/01/01 20,184,11971
2012/01/01 21,209,11233
2012/01/01 22,222,14382
2012/01/01 23,242,13549
2012/01/02 00,253,16716
2012/01/02 01,260,16150
2012/01/02 02,261,23218
2012/01/02 03,253,14771
2012/01/02 04,232,15281
2012/01/02 05,237,14412
2012/01/02 06,218,10944
2012/01/02 07,216,10237
2012/01/02 08,176,7377
2012/01/02 09,163,4705
2012/01/02 10,131,6875
2012/01/02 11,111,6362
2012/01/02 12,109,10099
2012/01/02 13,124,10095
2012/01/02 14,122,10975
2012/01/02 15,134,11192
2012/01/02 16,145,12305
2012/01/02 17,167,17792
2012/01/02 18,189,20561
2012/01/02 19,204,18636
2012/01/02 20,228,19210
2012/01/02 21,256,23663
2012/01/02 22,278,25548
2012/01/02 23,256,24973
2012/01/03 00,264,24819
2012/01/03 01,219,21990
2012/01/03 02,225,17506
2012/01/03 03,225,10956
2012/01/03 04,232,20948
2012/01/03 05,223,22982
2012/01/03 06,213,15811
2012/01/03 07,208,13850
2012/01/03 08,187,13553
2012/01/03 09,156,16898
2012/01/03 10,133,10906
2012/01/03 11,98,10722
2012/01/03 12,101,13277
2012/01/03 13,96,11762
2012/01/03 14,104,13837
2012/01/03 15,126,10981
2012/01/03 16,119,9610
2012/01/03 17,151,12847
2012/01/03 18,175,17771
2012/01/03 19,208,18455
2012/01/03 20,204,22402
2012/01/03 21,235,22611
2012/01/03 22,255,24623
2012/01/03 23,250,25157
2012/01/04 00,250,24305
2012/01/04 01,243,20550
2012/01/04 02,248,21490
2012/01/04 03,252,20182
2012/01/04 04,236,22338
2012/01/04 05,211,19927
2012/01/04 06,202,14224
2012/01/04 07,192,14625
2012/01/04 08,182,15205
2012/01/04 09,140,7277
2012/01/04 10,109,4779
2012/01/04 11,108,4971
2012/01/04 12,102,4696
2012/01/04 13,91,5469
2012/01/04 14,93,8162
2012/01/04 15,122,11206
2012/01/04 16,132,11004
2012/01/04 17,144,12691
2012/01/04 18,174,12786
2012/01/04 19,203,10053
2012/01/04 20,229,14012
2012/01/04 21,223,15732
2012/01/04 22,216,16145
2012/01/04 23,249,11848
2012/01/05 00,232,11679
2012/01/05 01,222,13075
2012/01/05 02,245,19878
2012/01/05 03,253,23487
2012/01/05 04,246,25756
2012/01/05 05,245,19377
2012/01/05 06,213,10635
2012/01/05 07,183,12089
2012/01/05 08,174,10407
2012/01/05 09,133,9890
2012/01/05 10,116,10582
2012/01/05 11,87,8634
2012/01/05 12,108,10839
2012/01/05 13,104,13132
2012/01/05 14,92,28535
2012/01/05 15,89,34758
2012/01/05 16,99,45501
2012/01/05 17,104,51539
2012/01/05 18,120,56199
2012/01/05 19,152,59130
2012/01/05 20,144,53955
2012/01/05 21,165,57432
2012/01/05 22,193,55874
2012/01/05 23,212,54383
2012/01/06 00,199,49001
2012/01/06 01,221,37667
2012/01/06 02,245,13358
2012/01/06 03,256,13196
2012/01/06 04,228,22708
2012/01/06 05,197,19636
2012/01/06 06,187,19478
2012/01/06 07,190,14601
2012/01/06 08,186,11551
2012/01/06 09,153,10938
2012/01/06 10,132,10707
2012/01/06 11,126,8423
2012/01/06 12,117,9869
2012/01/06 13,115,13253
2012/01/06 14,113,22007
2012/01/06 15,111,40529
2012/01/06 16,114,48373
2012/01/06 17,111,49118
2012/01/06 18,117,55823
2012/01/06 19,149,57422
2012/01/06 20,164,66185
2012/01/06 21,184,64494
2012/01/06 22,207,73847
2012/01/06 23,207,77811
2012/01/07 00,203,65984
2012/01/07 01,227,59103
2012/01/07 02,265,36366
2012/01/07 03,271,14789
2012/01/07 04,270,15194
2012/01/07 05,235,16516
2012/01/07 06,214,14271
2012/01/07 07,206,11359
2012/01/07 08,203,9798
2012/01/07 09,165,9584
2012/01/07 10,149,9625
2012/01/07 11,125,8580
2012/01/07 12,135,7125
2012/01/07 13,147,10623
2012/01/07 14,149,13915
2012/01/07 15,152,43655
2012/01/07 16,133,64201
2012/01/07 17,157,63890
2012/01/07 18,155,64919
2012/01/07 19,172,70751
2012/01/07 20,206,70648
2012/01/07 21,220,73344
2012/01/07 22,224,74138
2012/01/07 23,216,79785
2012/01/08 00,224,80732
2012/01/08 01,246,46077
2012/01/08 02,288,15894
2012/01/08 03,265,15884
2012/01/08 04,248,16892
2012/01/08 05,253,14214
2012/01/08 06,239,14178
2012/01/08 07,223,10387
2012/01/08 08,218,11249
2012/01/08 09,196,10909
2012/01/08 10,164,9789
2012/01/08 11,139,9427
2012/01/08 12,132,13744
2012/01/08 13,124,14883
2012/01/08 14,132,21701
2012/01/08 15,134,42066
2012/01/08 16,108,57977
2012/01/08 17,124,64481
2012/01/08 18,120,73419
2012/01/08 19,146,76516
2012/01/08 20,160,83424
2012/01/08 21,164,81406
2012/01/08 22,191,75354
2012/01/08 23,172,77453
2012/01/09 00,153,78549
2012/01/09 01,148,74174
2012/01/09 02,190,77223
2012/01/09 03,249,22415
2012/01/09 04,254,21752
2012/01/09 05,200,24665
2012/01/09 06,199,25578
2012/01/09 07,177,11545
2012/01/09 08,171,10926
2012/01/09 09,143,7238
2012/01/09 10,101,8130
2012/01/09 11,49,2058
2012/01/09 12,69,4412
2012/01/09 13,73,7937
2012/01/09 14,95,9186
2012/01/09 15,66,6922
