2011/09/30 22,11,689
2011/09/30 23,15,921
2011/10/01 00,12,1007
2011/10/01 01,9,528
2011/10/01 02,10,602
2011/10/01 03,12,1080
2011/10/01 04,11,1296
2011/10/01 05,12,1373
2011/10/01 06,13,1226
2011/10/01 07,11,1120
2011/10/01 08,9,1076
2011/10/01 09,7,1059
2011/10/01 10,8,932
2011/10/01 11,8,1271
2011/10/01 12,13,1367
2011/10/01 13,12,603
2011/10/01 14,10,711
2011/10/01 15,7,454
2011/10/01 16,9,475
2011/10/01 17,10,618
2011/10/01 18,8,478
2011/10/01 19,9,748
2011/10/01 20,9,1330
2011/10/01 21,10,2420
2011/10/01 22,12,1998
2011/10/01 23,11,1051
2011/10/02 00,13,1153
2011/10/02 01,16,1215
2011/10/02 02,12,1809
2011/10/02 03,10,2078
2011/10/02 04,10,2228
2011/10/02 05,10,2096
2011/10/02 06,10,1284
2011/10/02 07,11,1256
2011/10/02 08,10,1282
2011/10/02 09,10,1175
2011/10/02 10,9,1208
2011/10/02 11,11,1298
2011/10/02 12,7,367
2011/10/02 13,6,370
2011/10/02 14,5,384
2011/10/02 15,6,351
2011/10/02 16,5,324
2011/10/02 17,7,317
2011/10/02 18,7,318
2011/10/02 19,10,330
2011/10/02 20,10,618
2011/10/02 21,11,553
2011/10/02 22,6,450
2011/10/02 23,7,436
2011/10/03 00,9,461
2011/10/03 01,9,469
2011/10/03 02,8,537
2011/10/03 03,7,543
2011/10/03 04,10,659
2011/10/03 05,12,638
2011/10/03 06,11,498
2011/10/03 07,10,481
2011/10/03 08,7,387
2011/10/03 09,7,403
2011/10/03 10,7,422
2011/10/03 11,7,342
2011/10/03 12,8,373
2011/10/03 13,7,611
2011/10/03 14,10,451
2011/10/03 15,9,458
2011/10/03 16,9,635
2011/10/03 17,8,401
2011/10/03 18,6,271
2011/10/03 19,6,241
2011/10/03 20,6,205
2011/10/03 21,7,334
2011/10/03 22,11,351
2011/10/03 23,12,406
2011/10/04 00,11,514
2011/10/04 01,13,821
2011/10/04 02,15,1044
2011/10/04 03,17,1162
2011/10/04 04,14,1139
2011/10/04 05,12,1402
2011/10/04 06,12,1237
2011/10/04 07,10,866
2011/10/04 08,12,792
2011/10/04 09,8,431
2011/10/04 10,7,447
2011/10/04 11,9,434
2011/10/04 12,8,399
2011/10/04 13,9,385
2011/10/04 14,13,551
2011/10/04 15,10,446
2011/10/04 16,10,468
2011/10/04 17,9,447
2011/10/04 18,8,464
2011/10/04 19,7,532
2011/10/04 20,9,516
2011/10/04 21,7,563
2011/10/04 22,8,588
2011/10/04 23,5,448
2011/10/05 00,6,450
2011/10/05 01,7,459
2011/10/05 02,11,363
2011/10/05 03,12,306
2011/10/05 04,11,321
2011/10/05 05,12,308
2011/10/05 06,13,374
2011/10/05 07,12,382
2011/10/05 08,10,397
2011/10/05 09,9,367
2011/10/05 10,9,373
2011/10/05 11,10,1454
2011/10/05 12,11,1787
2011/10/05 13,10,1837
2011/10/05 14,8,1659
2011/10/05 15,5,210
2011/10/05 16,4,235
2011/10/05 17,6,308
2011/10/05 18,7,337
2011/10/05 19,6,361
2011/10/05 20,7,335
2011/10/05 21,8,343
2011/10/05 22,10,1201
2011/10/05 23,11,2006
2011/10/06 00,10,2971
2011/10/06 01,14,2375
2011/10/06 02,16,4175
2011/10/06 03,14,6903
2011/10/06 04,15,7034
2011/10/06 05,12,5984
2011/10/06 06,9,5140
2011/10/06 07,9,279
2011/10/06 08,8,265
2011/10/06 09,7,229
2011/10/06 10,9,667
2011/10/06 11,8,895
2011/10/06 12,7,1153
2011/10/06 13,8,1171
2011/10/06 14,7,156
2011/10/06 15,7,197
2011/10/06 16,6,177
2011/10/06 17,5,172
2011/10/06 18,5,179
2011/10/06 19,5,214
2011/10/06 20,4,191
2011/10/06 21,4,306
2011/10/06 22,6,337
2011/10/06 23,10,393
2011/10/07 00,11,652
2011/10/07 01,11,797
2011/10/07 02,11,629
2011/10/07 03,12,626
2011/10/07 04,13,620
2011/10/07 05,7,505
2011/10/07 06,8,476
2011/10/07 07,6,427
2011/10/07 08,6,395
2011/10/07 09,7,381
2011/10/07 10,7,288
2011/10/07 11,7,282
2011/10/07 12,6,335
2011/10/07 13,6,311
2011/10/07 14,6,309
2011/10/07 15,7,409
2011/10/07 16,9,1751
2011/10/07 17,9,1705
2011/10/07 18,7,268
2011/10/07 19,6,179
2011/10/07 20,7,206
2011/10/07 21,6,180
2011/10/07 22,11,226
2011/10/07 23,13,293
2011/10/08 00,13,345
2011/10/08 01,14,373
2011/10/08 02,15,372
2011/10/08 03,12,341
2011/10/08 04,11,663
2011/10/08 05,8,705
2011/10/08 06,7,826
2011/10/08 07,7,844
2011/10/08 08,6,780
2011/10/08 09,8,1216
2011/10/08 10,7,1011
2011/10/08 11,8,1202
2011/10/08 12,7,1294
2011/10/08 13,6,1755
2011/10/08 14,7,2971
2011/10/08 15,6,4360
2011/10/08 16,7,6276
2011/10/08 17,7,6993
2011/10/08 18,10,8321
2011/10/08 19,11,8458
2011/10/08 20,11,8100
2011/10/08 21,9,7817
2011/10/08 22,8,9375
2011/10/08 23,10,5610
2011/10/09 00,10,4092
2011/10/09 01,11,6366
2011/10/09 02,11,6848
2011/10/09 03,12,6891
2011/10/09 04,9,4585
2011/10/09 05,9,530
2011/10/09 06,8,740
2011/10/09 07,10,808
2011/10/09 08,11,855
2011/10/09 09,9,757
2011/10/09 10,6,147
2011/10/09 11,6,120
2011/10/09 12,7,182
2011/10/09 13,9,245
2011/10/09 14,9,240
2011/10/09 15,10,2374
2011/10/09 16,13,6726
2011/10/09 17,13,7771
2011/10/09 18,11,8414
2011/10/09 19,11,12645
2011/10/09 20,11,14339
2011/10/09 21,11,15176
2011/10/09 22,11,13469
2011/10/09 23,10,13897
2011/10/10 00,9,662
2011/10/10 01,9,386
2011/10/10 02,10,313
2011/10/10 03,10,364
2011/10/10 04,11,291
2011/10/10 05,10,271
2011/10/10 06,8,224
2011/10/10 07,9,198
2011/10/10 08,8,193
2011/10/10 09,9,211
2011/10/10 10,9,268
2011/10/10 11,8,328
2011/10/10 12,8,315
2011/10/10 13,5,243
2011/10/10 14,5,273
2011/10/10 15,7,296
2011/10/10 16,7,338
2011/10/10 17,7,300
2011/10/10 21,8,301
2011/10/10 22,11,349
2011/10/10 23,8,331
2011/10/11 00,8,291
2011/10/11 01,13,466
2011/10/11 02,17,714
2011/10/11 03,15,776
2011/10/11 04,14,1031
2011/10/11 05,10,838
2011/10/11 06,7,737
2011/10/11 07,7,545
2011/10/11 08,6,264
2011/10/11 09,6,262
2011/10/11 10,5,300
2011/10/11 11,6,214
2011/10/11 12,7,284
2011/10/11 13,7,311
2011/10/11 14,7,344
2011/10/11 15,6,336
2011/10/11 16,7,339
2011/10/11 17,9,361
2011/10/11 18,7,372
2011/10/11 19,7,497
2011/10/11 20,9,413
2011/10/11 21,6,453
2011/10/11 22,5,598
2011/10/11 23,4,451
2011/10/12 00,5,364
2011/10/12 01,8,466
2011/10/12 02,8,385
2011/10/12 03,11,959
2011/10/12 04,14,1043
2011/10/12 05,11,793
2011/10/12 06,9,783
2011/10/12 07,11,1026
2011/10/12 08,9,818
2011/10/12 09,8,378
2011/10/12 10,5,242
2011/10/12 11,5,234
2011/10/12 12,6,2243
2011/10/12 13,6,2336
2011/10/12 14,6,2364
2011/10/12 15,7,2362
2011/10/12 16,6,337
2011/10/12 17,5,322
2011/10/12 18,7,324
2011/10/12 19,6,318
2011/10/12 20,5,312
2011/10/12 21,6,347
2011/10/12 22,7,342
2011/10/12 23,8,435
2011/10/13 00,9,430
2011/10/13 01,12,482
2011/10/13 02,13,545
2011/10/13 03,13,598
2011/10/13 04,12,485
2011/10/13 05,14,375
2011/10/13 06,9,290
2011/10/13 07,6,252
2011/10/13 08,5,127
2011/10/13 09,2,90
2011/10/13 10,3,101
2011/10/13 11,4,604
2011/10/13 12,4,1016
2011/10/13 13,5,1283
2011/10/13 14,5,1098
2011/10/13 15,5,248
2011/10/13 16,7,243
2011/10/13 17,5,277
2011/10/13 18,4,285
2011/10/13 19,6,354
2011/10/13 20,8,394
2011/10/13 21,8,384
2011/10/13 22,6,274
2011/10/13 23,7,327
2011/10/14 00,9,383
2011/10/14 01,10,467
2011/10/14 02,9,448
2011/10/14 03,12,660
2011/10/14 04,12,837
2011/10/14 05,10,704
2011/10/14 06,9,717
2011/10/14 07,9,696
2011/10/14 08,7,546
2011/10/14 09,5,507
2011/10/14 10,4,225
2011/10/14 11,6,212
2011/10/14 12,9,282
2011/10/14 13,8,1184
2011/10/14 14,7,2279
2011/10/14 15,8,2435
2011/10/14 16,8,3320
2011/10/14 17,9,5508
2011/10/14 18,10,6922
2011/10/14 19,10,8638
2011/10/14 20,9,8663
2011/10/14 21,9,9298
2011/10/14 22,10,9502
2011/10/14 23,12,10063
2011/10/15 00,11,9612
2011/10/15 01,12,9769
2011/10/15 02,11,8843
2011/10/15 03,10,10388
2011/10/15 04,12,10166
2011/10/15 05,11,653
2011/10/15 06,13,685
2011/10/15 07,13,673
2011/10/15 08,11,546
2011/10/15 09,10,465
2011/10/15 10,8,428
2011/10/15 11,9,335
2011/10/15 12,10,349
2011/10/15 13,14,683
2011/10/15 14,13,2656
2011/10/15 15,8,4161
2011/10/15 16,11,5715
2011/10/15 17,12,5899
2011/10/15 18,12,8059
2011/10/15 19,11,8238
2011/10/15 20,10,9946
2011/10/15 21,14,10157
2011/10/15 22,13,11679
2011/10/15 23,14,12158
2011/10/16 00,11,11661
2011/10/16 01,8,12924
2011/10/16 02,9,13920
2011/10/16 03,9,14002
2011/10/16 04,11,14098
2011/10/16 05,15,488
2011/10/16 06,18,496
2011/10/16 07,13,359
2011/10/16 08,9,319
2011/10/16 09,8,209
2011/10/16 10,8,369
2011/10/16 11,10,210
2011/10/16 12,11,273
2011/10/16 13,11,283
2011/10/16 14,11,798
2011/10/16 15,12,4278
2011/10/16 16,11,7969
2011/10/16 17,11,9332
2011/10/16 18,9,13177
2011/10/16 19,8,14393
2011/10/16 20,8,13684
2011/10/16 21,7,11927
2011/10/16 22,7,12964
2011/10/16 23,7,16673
2011/10/17 00,10,18586
2011/10/17 01,10,20172
2011/10/17 02,8,20536
2011/10/17 03,9,17523
2011/10/17 04,10,16267
2011/10/17 05,9,15951
2011/10/17 06,8,385
2011/10/17 07,6,375
2011/10/17 08,6,361
2011/10/17 09,6,308
2011/10/17 10,5,238
2011/10/17 11,7,251
2011/10/17 12,7,262
2011/10/17 13,6,265
2011/10/17 14,6,265
2011/10/17 15,7,290
2011/10/17 16,6,336
2011/10/17 17,6,324
2011/10/17 18,7,342
2011/10/17 19,7,376
2011/10/17 20,5,398
2011/10/17 21,6,407
2011/10/17 22,5,384
2011/10/17 23,8,397
2011/10/18 00,10,430
2011/10/18 01,11,790
2011/10/18 02,13,990
2011/10/18 03,13,970
2011/10/18 04,13,991
2011/10/18 05,15,979
2011/10/18 06,12,792
2011/10/18 07,9,712
2011/10/18 08,9,396
2011/10/18 09,8,551
2011/10/18 10,8,579
2011/10/18 11,5,366
2011/10/18 12,7,227
2011/10/18 13,9,211
2011/10/18 14,8,201
2011/10/18 15,8,228
2011/10/18 16,6,215
2011/10/18 17,5,204
2011/10/18 18,7,247
2011/10/18 19,9,514
2011/10/18 20,8,381
2011/10/18 21,9,623
2011/10/18 22,11,777
2011/10/18 23,9,789
2011/10/19 00,12,920
2011/10/19 01,11,985
2011/10/19 02,9,949
2011/10/19 03,7,785
2011/10/19 04,9,982
2011/10/19 05,11,1005
2011/10/19 06,10,1061
2011/10/19 07,8,864
2011/10/19 08,5,539
2011/10/19 09,6,489
2011/10/19 10,5,401
2011/10/19 11,5,315
2011/10/19 12,7,2913
2011/10/19 13,8,3092
2011/10/19 14,8,2802
2011/10/19 15,8,2618
2011/10/19 16,9,516
2011/10/19 17,6,247
2011/10/19 18,6,318
2011/10/19 19,6,355
2011/10/19 20,7,377
2011/10/19 21,6,325
2011/10/19 22,7,943
2011/10/19 23,10,2310
2011/10/20 00,8,2834
2011/10/20 01,10,3675
2011/10/20 02,11,4186
2011/10/20 03,8,4877
2011/10/20 04,8,7361
2011/10/20 05,8,6601
2011/10/20 06,8,6491
2011/10/20 07,8,4328
2011/10/20 08,9,3722
2011/10/20 09,7,2690
2011/10/20 10,6,218
2011/10/20 11,6,635
2011/10/20 12,6,890
2011/10/20 13,6,907
2011/10/20 14,5,754
2011/10/20 15,6,761
2011/10/20 16,5,268
2011/10/20 17,7,266
2011/10/20 18,6,280
2011/10/20 19,5,291
2011/10/20 20,6,356
2011/10/20 21,5,297
2011/10/20 22,4,332
2011/10/20 23,5,324
2011/10/21 00,8,522
2011/10/21 01,12,1261
2011/10/21 02,16,1792
2011/10/21 03,13,1969
2011/10/21 04,12,1841
2011/10/21 05,10,1311
2011/10/21 06,9,322
2011/10/21 07,8,344
2011/10/21 08,7,342
2011/10/21 09,4,339
2011/10/21 10,5,327
2011/10/21 11,5,302
2011/10/21 12,5,324
2011/10/21 13,5,313
2011/10/21 14,6,333
2011/10/21 15,6,318
2011/10/21 16,7,296
2011/10/21 17,7,343
2011/10/21 18,7,380
2011/10/21 19,8,381
2011/10/21 20,8,349
2011/10/21 21,8,583
2011/10/21 22,8,724
2011/10/21 23,10,817
2011/10/22 00,10,993
2011/10/22 01,11,1156
2011/10/22 02,12,1072
2011/10/22 03,17,554
2011/10/22 04,16,525
2011/10/22 05,15,522
2011/10/22 06,11,489
2011/10/22 07,10,513
2011/10/22 08,9,705
2011/10/22 09,6,332
2011/10/22 10,5,337
2011/10/22 11,5,325
2011/10/22 12,7,248
2011/10/22 13,8,290
2011/10/22 14,8,344
2011/10/22 15,9,361
2011/10/22 16,6,432
2011/10/22 17,8,762
2011/10/22 18,9,1057
2011/10/22 19,8,1306
2011/10/22 20,9,1787
2011/10/22 21,10,1872
2011/10/22 22,14,4215
2011/10/22 23,14,5607
2011/10/23 00,14,7067
2011/10/23 01,16,7451
2011/10/23 02,15,7517
2011/10/23 03,16,8179
2011/10/23 04,18,8452
2011/10/23 05,15,7688
2011/10/23 06,13,727
2011/10/23 07,12,579
2011/10/23 08,12,515
2011/10/23 09,9,492
2011/10/23 10,8,606
2011/10/23 11,9,704
2011/10/23 12,8,782
2011/10/23 13,6,813
2011/10/23 14,7,700
2011/10/23 15,8,854
2011/10/23 16,8,1105
2011/10/23 17,8,1415
2011/10/23 18,12,1962
2011/10/23 19,13,2874
2011/10/23 20,14,3641
2011/10/23 21,16,4495
2011/10/23 22,17,3362
2011/10/23 23,11,3947
2011/10/24 00,16,4589
2011/10/24 01,15,3314
2011/10/24 02,16,3251
2011/10/24 03,10,3031
2011/10/24 04,12,3345
2011/10/24 05,9,735
2011/10/24 06,7,332
2011/10/24 07,7,377
2011/10/24 08,7,275
2011/10/24 09,5,238
2011/10/24 10,5,236
2011/10/24 11,5,237
2011/10/24 12,5,225
2011/10/24 13,5,281
2011/10/24 14,6,356
2011/10/24 15,5,352
2011/10/24 16,5,424
2011/10/24 17,5,439
2011/10/24 18,5,236
2011/10/24 19,5,367
2011/10/24 20,5,380
2011/10/24 21,5,399
2011/10/24 22,7,354
2011/10/24 23,9,401
2011/10/25 00,11,469
2011/10/25 01,10,686
2011/10/25 02,12,744
2011/10/25 03,14,647
2011/10/25 04,13,651
2011/10/25 05,12,831
2011/10/25 06,9,718
2011/10/25 07,10,672
2011/10/25 08,12,772
2011/10/25 09,10,587
2011/10/25 10,8,639
2011/10/25 11,6,424
2011/10/25 12,6,434
2011/10/25 13,6,417
2011/10/25 14,4,277
2011/10/25 15,5,1006
2011/10/25 16,6,1399
2011/10/25 17,6,271
2011/10/25 18,7,417
2011/10/25 19,5,436
2011/10/25 20,5,413
2011/10/25 21,6,401
2011/10/25 22,7,413
2011/10/25 23,6,312
2011/10/26 00,7,599
2011/10/26 01,7,819
2011/10/26 02,9,1423
2011/10/26 03,11,1809
2011/10/26 04,15,1213
2011/10/26 05,13,958
2011/10/26 06,9,692
2011/10/26 07,5,616
2011/10/26 08,7,594
2011/10/26 09,5,427
2011/10/26 10,7,463
2011/10/26 11,6,519
2011/10/26 12,7,2309
2011/10/26 13,7,2516
2011/10/26 14,6,2539
2011/10/26 15,7,391
2011/10/26 16,6,384
2011/10/26 17,6,275
2011/10/26 18,6,536
2011/10/26 19,7,531
2011/10/26 20,7,535
2011/10/26 21,11,378
2011/10/26 22,11,473
2011/10/26 23,14,2782
2011/10/27 00,18,3751
2011/10/27 01,16,4151
2011/10/27 02,17,4301
2011/10/27 03,17,3741
2011/10/27 04,16,5022
2011/10/27 05,17,6274
2011/10/27 06,16,6331
2011/10/27 07,9,5781
2011/10/27 08,10,4791
2011/10/27 09,10,3722
2011/10/27 10,10,2817
2011/10/27 11,9,537
2011/10/27 12,10,1403
2011/10/27 13,10,1534
2011/10/27 14,8,1424
2011/10/27 15,7,1164
2011/10/27 16,6,458
2011/10/27 17,6,280
2011/10/27 18,8,402
2011/10/27 19,7,417
2011/10/27 20,10,491
2011/10/27 21,13,538
2011/10/27 22,16,620
2011/10/27 23,16,671
2011/10/28 00,18,747
2011/10/28 01,14,855
2011/10/28 02,12,732
2011/10/28 03,13,983
2011/10/28 04,10,1151
2011/10/28 05,10,1191
2011/10/28 06,10,1570
2011/10/28 07,10,1627
2011/10/28 08,11,1132
2011/10/28 09,10,841
2011/10/28 10,7,341
2011/10/28 11,4,68
2011/10/28 12,4,95
2011/10/28 13,5,167
2011/10/28 14,6,180
2011/10/28 15,7,209
2011/10/28 16,8,321
2011/10/28 17,8,295
2011/10/28 18,8,306
2011/10/28 19,7,333
2011/10/28 20,13,399
2011/10/28 21,12,541
2011/10/28 22,11,675
2011/10/28 23,12,466
2011/10/29 00,11,340
2011/10/29 01,12,338
2011/10/29 02,14,389
2011/10/29 03,18,1028
2011/10/29 04,17,1076
2011/10/29 05,16,1132
2011/10/29 06,18,1789
2011/10/29 07,13,1169
2011/10/29 08,11,1096
2011/10/29 09,10,698
2011/10/29 10,8,623
2011/10/29 11,7,517
2011/10/29 12,7,432
2011/10/29 13,9,454
2011/10/29 14,10,756
2011/10/29 15,10,569
2011/10/29 16,11,458
2011/10/29 17,10,458
2011/10/29 18,9,597
2011/10/29 19,13,810
2011/10/29 20,14,633
2011/10/29 21,16,967
2011/10/29 22,15,1478
2011/10/29 23,17,1990
2011/10/30 00,15,2037
2011/10/30 01,9,890
2011/10/30 02,9,1062
2011/10/30 03,10,1169
2011/10/30 04,11,1185
2011/10/30 05,11,798
2011/10/30 06,12,516
2011/10/30 07,13,583
2011/10/30 08,10,611
2011/10/30 09,10,578
2011/10/30 10,10,465
2011/10/30 11,9,415
2011/10/30 12,9,350
2011/10/30 13,8,354
2011/10/30 14,7,349
2011/10/30 15,6,366
2011/10/30 16,6,301
2011/10/30 17,12,943
2011/10/30 18,13,1210
2011/10/30 19,13,1442
2011/10/30 20,13,1686
2011/10/30 21,15,2010
2011/10/30 22,13,2374
2011/10/30 23,12,1718
2011/10/31 00,13,1405
2011/10/31 01,19,1746
2011/10/31 02,17,1489
2011/10/31 03,17,1373
2011/10/31 04,12,901
2011/10/31 05,12,495
2011/10/31 06,7,604
2011/10/31 07,5,491
2011/10/31 08,6,502
2011/10/31 09,4,291
2011/10/31 10,4,281
2011/10/31 11,5,377
2011/10/31 12,6,446
2011/10/31 13,6,433
2011/10/31 14,5,420
2011/10/31 15,5,309
2011/10/31 16,5,295
2011/10/31 17,5,277
2011/10/31 18,4,341
2011/10/31 19,5,373
2011/10/31 20,6,364
2011/10/31 21,6,321
2011/10/31 22,8,415
2011/10/31 23,9,485
2011/11/01 00,10,524
2011/11/01 01,10,765
2011/11/01 02,11,1110
2011/11/01 03,14,1243
2011/11/01 04,15,1530
2011/11/01 05,11,937
2011/11/01 06,8,509
2011/11/01 07,7,506
2011/11/01 08,8,406
2011/11/01 09,7,360
2011/11/01 10,5,233
2011/11/01 11,6,225
2011/11/01 12,5,258
2011/11/01 13,5,293
2011/11/01 14,4,317
2011/11/01 15,7,344
2011/11/01 16,7,322
2011/11/03 15,5,196
2011/11/03 16,6,225
2011/11/03 17,7,220
2011/11/03 18,6,251
2011/11/03 19,6,243
2011/11/03 20,9,408
2011/11/03 21,9,389
2011/11/03 22,11,538
2011/11/03 23,14,684
2011/11/04 00,12,647
2011/11/04 01,12,606
2011/11/04 02,18,1209
2011/11/04 03,17,971
2011/11/04 04,14,618
2011/11/04 05,15,537
2011/11/04 06,13,621
2011/11/04 07,11,844
2011/11/04 08,10,780
2011/11/04 09,8,644
2011/11/04 10,7,207
2011/11/04 11,6,190
2011/11/04 12,5,178
2011/11/04 13,6,209
2011/11/04 14,7,4023
2011/11/04 15,8,4441
2011/11/04 16,7,3875
2011/11/04 17,7,3172
2011/11/04 18,7,2929
2011/11/04 19,10,2819
2011/11/04 20,8,335
2011/11/04 21,7,377
2011/11/04 22,8,357
2011/11/04 23,9,585
2011/11/05 00,13,852
2011/11/05 01,12,1167
2011/11/05 02,13,964
2011/11/05 03,14,1090
2011/11/05 04,15,2757
2011/11/05 05,15,3517
2011/11/05 06,14,3948
2011/11/05 07,11,1173
2011/11/05 08,7,769
2011/11/05 09,6,518
2011/11/05 10,6,486
2011/11/05 11,5,402
2011/11/05 12,4,230
2011/11/05 13,6,352
2011/11/05 14,8,342
2011/11/05 15,6,398
2011/11/05 16,8,451
2011/11/05 17,11,5225
2011/11/05 18,11,7619
2011/11/05 19,9,10260
2011/11/05 20,8,11767
2011/11/05 21,11,10476
2011/11/05 22,10,12511
2011/11/05 23,10,13638
2011/11/06 00,14,14206
2011/11/06 01,15,14853
2011/11/06 02,12,16858
2011/11/06 03,10,18065
2011/11/06 04,10,18479
2011/11/06 05,13,19110
2011/11/06 06,13,18932
2011/11/06 07,11,19409
2011/11/06 08,11,19123
2011/11/06 09,11,637
2011/11/06 10,13,532
2011/11/06 11,11,529
2011/11/06 12,9,455
2011/11/06 13,11,513
2011/11/06 14,13,476
2011/11/06 15,10,518
2011/11/06 16,7,507
2011/11/06 17,8,536
2011/11/06 18,10,730
2011/11/06 19,8,6095
2011/11/06 20,9,9785
2011/11/06 21,10,16632
2011/11/06 22,11,19366
2011/11/06 23,11,18030
2011/11/07 00,9,20529
2011/11/07 01,11,21760
2011/11/07 02,13,23183
2011/11/07 03,13,18365
2011/11/07 04,12,19645
2011/11/07 05,9,18947
2011/11/07 06,9,19163
2011/11/07 07,9,20257
2011/11/07 08,10,20987
2011/11/07 09,8,434
2011/11/07 10,8,409
2011/11/07 11,8,383
2011/11/07 12,7,381
2011/11/07 13,5,284
2011/11/07 14,6,245
2011/11/07 15,6,263
2011/11/07 16,9,238
2011/11/07 17,9,356
2011/11/07 18,8,397
2011/11/07 19,7,342
2011/11/07 20,7,312
2011/11/07 21,8,418
2011/11/07 22,7,724
2011/11/07 23,8,1209
2011/11/08 00,9,1328
2011/11/08 01,8,1429
2011/11/08 02,11,1466
2011/11/08 03,11,1217
2011/11/08 04,9,1595
2011/11/08 05,10,1045
2011/11/08 06,11,948
2011/11/08 07,11,1017
2011/11/08 08,10,1048
2011/11/08 09,9,802
2011/11/08 10,6,293
2011/11/08 11,5,86
2011/11/08 12,4,70
2011/11/08 13,4,87
2011/11/08 14,5,156
2011/11/08 15,5,157
2011/11/08 16,7,181
2011/11/08 17,8,219
2011/11/08 18,7,226
2011/11/08 19,7,234
2011/11/08 20,8,251
2011/11/08 21,8,471
2011/11/08 22,10,588
2011/11/08 23,11,617
2011/11/09 00,10,974
2011/11/09 01,10,985
2011/11/09 02,11,894
2011/11/09 03,12,956
2011/11/09 04,12,424
2011/11/09 05,15,489
2011/11/09 06,10,328
2011/11/09 07,10,298
2011/11/09 08,10,223
2011/11/09 09,12,272
2011/11/09 10,9,291
2011/11/09 11,8,368
2011/11/09 12,10,370
2011/11/09 13,6,148
2011/11/09 14,5,1737
2011/11/09 15,6,2108
2011/11/09 16,7,2232
2011/11/09 17,6,271
2011/11/09 18,6,284
2011/11/09 19,8,340
2011/11/09 20,5,262
2011/11/09 21,5,245
2011/11/09 22,8,610
2011/11/09 23,8,1256
2011/11/10 00,11,1876
2011/11/10 01,13,1576
2011/11/10 02,19,2037
2011/11/10 03,14,1939
2011/11/10 04,13,3314
2011/11/10 05,12,4036
2011/11/10 06,11,4021
2011/11/10 07,7,3129
2011/11/10 08,7,578
2011/11/10 09,8,478
2011/11/10 10,7,504
2011/11/10 11,7,929
2011/11/10 12,5,327
2011/11/10 13,4,499
2011/11/10 14,5,1079
2011/11/10 15,5,1238
2011/11/10 16,6,1112
2011/11/10 17,7,973
2011/11/10 18,8,435
2011/11/10 19,7,212
2011/11/10 20,8,301
2011/11/10 21,7,424
2011/11/10 22,6,672
2011/11/10 23,7,723
2011/11/11 00,9,728
2011/11/11 01,5,603
2011/11/11 02,7,405
2011/11/11 03,9,1539
2011/11/11 04,10,1894
2011/11/11 05,10,931
2011/11/11 06,13,1374
2011/11/11 07,10,1208
2011/11/11 08,8,833
2011/11/11 09,7,596
2011/11/11 10,10,1045
2011/11/11 11,9,667
2011/11/11 12,8,409
2011/11/11 13,8,153
2011/11/11 14,6,202
2011/11/11 15,5,202
2011/11/11 16,5,218
2011/11/11 17,5,232
2011/11/11 18,8,2003
2011/11/11 19,9,1923
2011/11/11 20,8,2137
2011/11/11 21,7,603
2011/11/11 22,8,541
2011/11/11 23,7,668
2011/11/12 00,11,708
2011/11/12 01,11,919
2011/11/12 02,12,1111
2011/11/12 03,14,1155
2011/11/12 04,15,1586
2011/11/12 05,13,1868
2011/11/12 06,11,507
2011/11/12 07,9,481
2011/11/12 08,7,410
2011/11/12 09,6,255
2011/11/12 10,6,247
2011/11/12 11,7,451
2011/11/12 12,5,428
2011/11/12 13,8,373
2011/11/12 14,10,288
2011/11/12 15,8,327
2011/11/12 16,7,251
2011/11/12 17,7,350
2011/11/12 18,6,353
2011/11/12 19,7,534
2011/11/12 20,12,1101
2011/11/12 21,10,1240
2011/11/12 22,9,2666
2011/11/12 23,9,3570
2011/11/13 00,13,3656
2011/11/13 01,15,2646
2011/11/13 02,15,2125
2011/11/13 03,13,489
2011/11/13 04,13,844
2011/11/13 05,13,1072
2011/11/13 06,12,1042
2011/11/13 07,10,970
2011/11/13 08,7,748
2011/11/13 12,6,185
2011/11/13 13,6,245
2011/11/13 14,6,246
2011/11/13 15,6,230
2011/11/13 16,8,307
2011/11/13 17,7,323
2011/11/13 18,9,336
2011/11/13 19,12,624
2011/11/13 20,14,970
2011/11/13 21,14,661
2011/11/13 22,9,2100
2011/11/13 23,11,2819
2011/11/14 00,11,443
2011/11/14 01,7,1035
2011/11/14 02,6,2838
2011/11/14 03,7,4049
2011/11/14 04,8,4380
2011/11/14 05,7,213
2011/11/14 06,7,271
2011/11/14 07,8,274
2011/11/14 08,8,288
2011/11/14 09,7,353
2011/11/14 10,5,223
2011/11/14 11,4,225
2011/11/14 12,5,204
2011/11/14 13,6,222
2011/11/14 14,7,236
2011/11/14 15,7,264
2011/11/14 16,4,252
2011/11/14 17,4,298
2011/11/14 18,4,268
2011/11/14 19,4,266
2011/11/14 20,4,286
2011/11/14 21,4,299
2011/11/14 22,5,344
2011/11/14 23,6,349
2011/11/15 00,8,346
2011/11/15 01,8,379
2011/11/15 02,10,1011
2011/11/15 03,9,1463
2011/11/15 04,11,1734
2011/11/15 05,8,1786
2011/11/15 06,9,1828
2011/11/15 07,7,746
2011/11/15 08,5,733
2011/11/15 09,7,771
2011/11/15 10,6,317
2011/11/15 11,6,111
2011/11/15 12,6,102
2011/11/15 13,5,99
2011/11/15 14,6,129
2011/11/15 15,7,148
2011/11/15 16,6,168
2011/11/15 17,6,168
2011/11/15 18,7,201
2011/11/15 19,7,386
2011/11/15 20,7,355
2011/11/15 21,7,458
2011/11/15 22,9,506
2011/11/15 23,9,477
2011/11/16 00,6,316
2011/11/16 01,6,620
2011/11/16 02,6,676
2011/11/16 03,8,555
2011/11/16 04,9,650
2011/11/16 05,6,892
2011/11/16 06,5,643
2011/11/16 07,4,671
2011/11/16 08,4,658
2011/11/16 09,5,781
2011/11/16 10,3,674
2011/11/16 11,5,415
2011/11/16 12,2,121
2011/11/16 13,5,129
2011/11/16 14,5,186
2011/11/16 15,4,112
2011/11/16 16,5,105
2011/11/16 17,4,146
2011/11/16 18,5,129
2011/11/16 19,5,150
2011/11/16 20,6,380
2011/11/16 21,8,535
2011/11/16 22,9,736
2011/11/16 23,9,695
2011/11/17 00,11,935
2011/11/17 01,13,2708
2011/11/17 02,10,463
2011/11/17 03,11,446
2011/11/17 04,7,406
2011/11/17 05,7,433
2011/11/17 06,7,304
2011/11/17 07,5,256
2011/11/17 08,5,209
2011/11/17 09,7,288
2011/11/17 10,7,376
2011/11/17 11,6,602
2011/11/17 12,5,760
2011/11/17 13,5,889
2011/11/17 14,5,897
2011/11/17 15,5,505
2011/11/17 16,4,82
2011/11/17 17,5,96
2011/11/17 18,6,123
2011/11/17 19,6,144
2011/11/17 20,9,366
2011/11/17 21,7,475
2011/11/17 22,6,658
2011/11/17 23,6,810
2011/11/18 00,6,757
2011/11/18 01,5,399
2011/11/18 02,5,376
2011/11/18 03,7,410
2011/11/18 04,7,636
2011/11/18 05,7,731
2011/11/18 06,7,990
2011/11/18 07,5,1061
2011/11/18 08,8,735
2011/11/18 09,7,178
2011/11/18 10,5,179
2011/11/18 11,4,112
2011/11/18 12,4,128
2011/11/18 13,4,97
2011/11/18 14,4,115
2011/11/18 15,6,147
2011/11/18 16,6,120
2011/11/18 17,5,110
2011/11/18 18,5,111
2011/11/18 19,7,98
2011/11/18 20,6,257
2011/11/18 21,7,318
2011/11/18 22,8,504
2011/11/18 23,9,541
2011/11/19 00,11,499
2011/11/19 01,11,536
2011/11/19 02,10,506
2011/11/19 03,8,583
2011/11/19 04,9,620
2011/11/19 05,10,666
2011/11/19 06,12,1145
2011/11/19 07,13,1206
2011/11/19 08,10,1097
2011/11/19 09,6,728
2011/11/19 10,6,1398
2011/11/19 11,6,3538
2011/11/19 12,8,5596
2011/11/19 13,10,6222
2011/11/19 14,9,6652
2011/11/19 15,6,7341
2011/11/19 16,8,7556
2011/11/19 17,7,7580
2011/11/19 18,8,7558
2011/11/19 19,8,8362
2011/11/19 20,12,8281
2011/11/19 21,10,8688
2011/11/19 22,9,388
2011/11/19 23,8,323
2011/11/20 00,7,275
2011/11/20 01,8,220
2011/11/20 02,7,202
2011/11/20 03,4,213
2011/11/20 04,3,171
2011/11/20 05,6,137
2011/11/20 06,5,119
2011/11/20 07,3,138
2011/11/20 08,4,278
2011/11/20 09,4,504
2011/11/20 10,4,331
2011/11/20 11,5,257
2011/11/20 12,5,122
2011/11/20 13,4,122
2011/11/20 14,3,147
2011/11/20 15,3,184
2011/11/20 16,3,135
2011/11/20 17,4,187
2011/11/20 18,6,207
2011/11/20 19,8,233
2011/11/20 20,7,315
2011/11/20 21,6,309
2011/11/20 22,9,456
2011/11/20 23,11,521
2011/11/21 00,11,644
2011/11/21 01,13,656
2011/11/21 02,11,461
2011/11/21 03,10,436
2011/11/21 04,9,387
2011/11/21 05,9,1078
2011/11/21 06,6,1040
2011/11/21 07,8,1070
2011/11/21 08,7,1082
2011/11/21 09,6,992
2011/11/21 10,7,942
2011/11/21 11,5,682
2011/11/21 12,4,614
2011/11/21 13,4,604
2011/11/21 14,5,590
2011/11/21 15,5,619
2011/11/21 16,5,681
2011/11/21 17,6,785
2011/11/21 18,5,911
2011/11/21 19,5,702
2011/11/21 20,6,1073
2011/11/21 21,8,1489
2011/11/21 22,8,1328
2011/11/21 23,8,1313
2011/11/22 00,12,1253
2011/11/22 01,8,1091
2011/11/22 02,9,1007
2011/11/22 03,9,986
2011/11/22 04,9,1032
2011/11/22 05,8,921
2011/11/22 06,7,883
2011/11/22 07,8,881
2011/11/22 08,8,1046
2011/11/22 09,9,1048
2011/11/22 10,8,974
2011/11/22 11,5,596
2011/11/22 12,7,601
2011/11/22 13,7,598
2011/11/22 14,7,585
2011/11/22 15,5,626
2011/11/22 16,5,739
2011/11/22 17,4,790
2011/11/22 18,4,732
2011/11/22 19,4,756
2011/11/22 20,4,787
2011/11/22 21,4,850
2011/11/22 22,5,1003
2011/11/22 23,6,1077
2011/11/23 00,5,856
2011/11/23 01,7,811
2011/11/23 02,10,817
2011/11/23 03,13,940
2011/11/23 04,15,949
2011/11/23 05,13,1009
2011/11/23 06,10,1057
2011/11/23 07,11,1028
2011/11/23 08,10,1373
2011/11/23 09,9,1116
2011/11/23 10,8,1137
2011/11/23 11,8,942
2011/11/23 12,8,2311
2011/11/23 13,7,2458
2011/11/23 14,7,2559
2011/11/23 15,5,734
2011/11/23 16,5,785
2011/11/23 17,6,755
2011/11/23 18,5,706
2011/11/23 19,5,838
2011/11/23 20,5,1013
2011/11/23 21,5,1033
2011/11/23 22,6,1094
2011/11/23 23,6,1068
2011/11/24 00,6,868
2011/11/24 01,5,549
2011/11/24 02,7,559
2011/11/24 03,7,691
2011/11/24 04,12,680
2011/11/24 05,12,958
2011/11/24 06,11,1125
2011/11/24 07,9,1171
2011/11/24 08,9,1168
2011/11/24 09,8,1067
2011/11/24 10,7,958
2011/11/24 11,7,891
2011/11/24 12,8,1366
2011/11/24 13,8,1524
2011/11/24 14,7,1355
2011/11/24 15,10,1048
2011/11/24 16,8,640
2011/11/24 17,7,608
2011/11/24 18,8,699
2011/11/24 19,7,737
2011/11/24 20,8,874
2011/11/24 21,7,844
2011/11/24 22,6,824
2011/11/24 23,6,947
2011/11/25 00,7,1868
2011/11/25 01,7,2517
2011/11/25 02,10,2910
2011/11/25 03,9,2889
2011/11/25 04,9,2820
2011/11/25 05,9,3063
2011/11/25 06,8,2237
2011/11/25 07,7,2109
2011/11/25 08,7,1784
2011/11/25 09,6,555
2011/11/25 10,6,563
2011/11/25 11,9,505
2011/11/25 12,6,465
2011/11/25 13,8,576
2011/11/25 14,9,571
2011/11/25 15,12,3068
2011/11/25 16,12,3196
2011/11/25 17,8,3014
2011/11/25 18,9,3006
2011/11/25 19,7,1169
2011/11/25 20,8,687
2011/11/25 21,8,645
2011/11/25 22,7,750
2011/11/25 23,6,653
2011/11/26 00,6,664
2011/11/26 01,8,641
2011/11/26 02,9,759
2011/11/26 03,8,891
2011/11/26 04,9,946
2011/11/26 05,10,1018
2011/11/26 06,10,1233
2011/11/26 07,9,1219
2011/11/26 08,9,1377
2011/11/26 09,11,1725
2011/11/26 10,10,1776
2011/11/26 11,10,1797
2011/11/26 12,11,1637
2011/11/26 13,11,1615
2011/11/26 14,10,1308
2011/11/26 15,8,1415
2011/11/26 16,6,1816
2011/11/26 17,6,1784
2011/11/26 18,6,501
2011/11/26 19,5,552
2011/11/26 20,8,820
2011/11/26 21,8,1073
2011/11/26 22,7,1053
2011/11/26 23,7,551
2011/11/27 00,8,903
2011/11/27 01,9,1023
2011/11/27 02,7,981
2011/11/27 03,7,994
2011/11/27 04,10,5755
2011/11/27 05,8,8764
2011/11/27 06,8,10720
2011/11/27 07,8,10540
2011/11/27 08,9,8922
2011/11/27 09,8,8833
2011/11/27 10,8,8768
2011/11/27 11,10,8217
2011/11/27 12,13,5050
2011/11/27 13,13,1033
2011/11/27 14,9,783
2011/11/27 15,7,761
2011/11/27 16,7,756
2011/11/27 17,8,1030
2011/11/27 18,7,1236
2011/11/27 19,8,1100
2011/11/27 20,6,1015
2011/11/27 21,6,1164
2011/11/27 22,7,1069
2011/11/27 23,8,877
2011/11/28 00,9,1021
2011/11/28 01,10,1349
2011/11/28 02,10,1257
2011/11/28 03,8,1399
2011/11/28 04,8,1291
2011/11/28 05,11,1274
2011/11/28 06,9,1216
2011/11/28 07,8,1263
2011/11/28 08,9,1194
2011/11/28 09,7,1177
2011/11/28 10,7,1063
2011/11/28 11,6,611
2011/11/28 12,6,573
2011/11/28 13,6,570
2011/11/28 14,6,515
2011/11/28 15,7,544
2011/11/28 16,8,673
2011/11/28 17,8,646
2011/11/28 18,7,635
2011/11/28 19,9,929
2011/11/28 20,9,886
2011/11/28 21,8,998
2011/11/28 22,9,1067
2011/11/28 23,10,1096
2011/11/29 00,9,1026
2011/11/29 01,10,991
2011/11/29 02,9,947
2011/11/29 03,8,969
2011/11/29 04,9,1032
2011/11/29 05,9,1061
2011/11/29 06,9,1060
2011/11/29 07,5,1021
2011/11/29 08,7,1084
2011/11/29 09,6,924
2011/11/29 10,6,850
2011/11/29 11,5,839
2011/11/29 12,3,526
2011/11/29 13,3,490
2011/11/29 14,5,552
2011/11/29 15,6,607
2011/11/29 16,6,593
2011/11/29 17,5,592
2011/11/29 18,4,577
2011/11/29 19,5,702
2011/11/29 20,7,1221
2011/11/29 21,7,958
2011/11/29 22,6,960
2011/11/29 23,7,1023
2011/11/30 00,9,825
2011/11/30 01,9,1087
2011/11/30 02,10,1665
2011/11/30 03,10,1589
2011/11/30 04,7,1559
2011/11/30 05,9,1474
2011/11/30 06,10,1299
2011/11/30 07,7,1037
2011/11/30 08,8,1192
2011/11/30 09,8,1168
2011/11/30 10,6,1066
2011/11/30 11,6,855
2011/11/30 12,6,1778
2011/11/30 13,6,2205
2011/11/30 14,4,2172
2011/11/30 15,5,590
2011/11/30 16,6,663
2011/11/30 17,7,652
2011/11/30 18,6,692
2011/11/30 19,7,768
2011/11/30 20,9,944
2011/11/30 21,9,1138
2011/11/30 22,9,1126
2011/11/30 23,9,1124
2011/12/01 00,6,660
2011/12/01 01,8,563
2011/12/01 02,9,567
2011/12/01 03,11,504
2011/12/01 04,10,544
2011/12/01 05,8,329
2011/12/01 06,6,493
2011/12/01 07,7,558
2011/12/01 08,6,570
2011/12/01 09,5,727
2011/12/01 10,4,572
2011/12/01 11,6,657
2011/12/01 12,6,1050
2011/12/01 13,5,1149
2011/12/01 14,4,955
2011/12/01 15,8,1008
2011/12/01 16,6,411
2011/12/01 17,5,420
2011/12/01 18,6,256
2011/12/01 19,5,243
2011/12/01 20,6,274
2011/12/01 21,6,450
2011/12/01 22,6,379
2011/12/01 23,4,470
2011/12/02 00,5,519
2011/12/02 01,7,1024
2011/12/02 02,6,848
2011/12/02 03,5,1013
2011/12/02 04,4,1309
2011/12/02 05,4,1571
2011/12/02 06,5,1771
2011/12/02 07,5,1705
2011/12/02 08,7,1649
2011/12/02 09,7,1694
2011/12/02 10,8,1727
2011/12/02 11,6,597
2011/12/02 12,8,598
2011/12/02 13,6,551
2011/12/02 14,7,3236
2011/12/02 15,7,5340
2011/12/02 16,7,6313
2011/12/02 17,7,6524
2011/12/02 18,9,6330
2011/12/02 19,8,744
2011/12/02 20,6,753
2011/12/02 21,5,718
2011/12/02 22,8,791
2011/12/02 23,8,814
2011/12/03 00,7,441
2011/12/03 01,5,574
2011/12/03 02,7,639
2011/12/03 03,11,656
2011/12/03 04,11,686
2011/12/03 05,12,844
2011/12/03 06,8,792
2011/12/03 07,11,854
2011/12/03 08,11,889
2011/12/03 09,10,875
2011/12/03 10,9,830
2011/12/03 11,8,738
2011/12/03 12,6,509
2011/12/03 13,6,490
2011/12/03 14,7,443
2011/12/03 15,8,507
2011/12/03 16,2,140
2011/12/03 17,2,160
2011/12/03 18,4,166
2011/12/03 19,6,223
2011/12/03 20,8,558
2011/12/03 21,7,418
2011/12/03 22,5,233
2011/12/03 23,8,164
2011/12/04 00,11,764
2011/12/04 01,11,642
2011/12/04 02,9,168
2011/12/04 03,10,968
2011/12/04 04,12,1793
2011/12/04 05,14,2766
2011/12/04 06,13,2965
2011/12/04 07,12,3521
2011/12/04 08,12,3664
2011/12/04 09,10,4013
2011/12/04 10,7,769
2011/12/04 11,11,779
2011/12/04 12,9,618
2011/12/04 13,8,536
2011/12/04 14,7,462
2011/12/04 15,8,563
2011/12/04 16,6,586
2011/12/04 17,5,466
2011/12/04 18,5,677
2011/12/04 19,7,994
2011/12/04 20,7,440
2011/12/04 21,7,841
2011/12/04 22,7,712
2011/12/04 23,9,1117
2011/12/05 00,9,1305
2011/12/05 01,10,1769
2011/12/05 02,11,1997
2011/12/05 03,8,1760
2011/12/05 04,8,1557
2011/12/05 05,8,740
2011/12/05 06,7,1601
2011/12/05 07,7,1404
2011/12/05 08,7,1121
2011/12/05 09,7,1171
2011/12/05 10,7,794
2011/12/05 11,8,792
2011/12/05 12,6,642
2011/12/05 13,4,439
2011/12/05 14,4,466
2011/12/05 15,4,436
2011/12/05 16,6,511
2011/12/05 17,8,566
2011/12/05 18,9,586
2011/12/05 19,7,639
2011/12/05 20,5,609
2011/12/05 21,6,720
2011/12/05 22,7,776
2011/12/05 23,5,741
2011/12/06 00,8,733
2011/12/06 01,8,618
2011/12/06 02,11,741
2011/12/06 03,9,809
2011/12/06 04,9,881
2011/12/06 05,12,923
2011/12/06 06,11,875
2011/12/06 07,9,704
2011/12/06 08,6,938
2011/12/06 09,6,906
2011/12/06 10,6,899
2011/12/06 11,5,705
2011/12/06 12,5,723
2011/12/06 13,5,588
2011/12/06 14,5,482
2011/12/06 15,8,520
2011/12/06 16,11,556
2011/12/06 17,10,568
2011/12/06 18,7,739
2011/12/06 19,6,587
2011/12/06 20,6,726
2011/12/06 21,10,946
2011/12/06 22,9,914
2011/12/06 23,8,919
2011/12/07 00,11,1002
2011/12/07 01,8,765
2011/12/07 02,12,1045
2011/12/07 03,14,920
2011/12/07 04,9,818
2011/12/07 05,11,771
2011/12/07 06,9,955
2011/12/07 07,9,999
2011/12/07 08,8,1110
2011/12/07 09,10,1177
2011/12/07 10,9,907
2011/12/07 11,7,763
2011/12/07 12,7,706
2011/12/07 13,6,672
2011/12/07 14,7,608
2011/12/07 15,10,649
2011/12/07 16,10,740
2011/12/07 17,11,532
2011/12/07 18,13,635
2011/12/07 19,9,455
2011/12/07 20,11,573
2011/12/07 21,9,716
2011/12/07 22,15,622
2011/12/07 23,14,1306
2011/12/08 00,12,1061
2011/12/08 01,11,645
2011/12/08 02,12,372
2011/12/08 03,11,461
2011/12/08 04,14,347
2011/12/08 05,12,407
2011/12/08 06,10,5477
2011/12/08 07,14,5745
2011/12/08 08,11,5871
2011/12/08 09,8,5169
2011/12/08 10,7,4103
2011/12/08 11,8,2925
2011/12/08 12,7,684
2011/12/08 13,7,1087
2011/12/08 14,8,1259
2011/12/08 15,8,1056
2011/12/08 16,8,558
2011/12/08 17,9,414
2011/12/08 18,10,531
2011/12/08 19,9,536
2011/12/08 20,10,752
2011/12/08 21,9,776
2011/12/08 22,8,865
2011/12/08 23,7,870
2011/12/09 00,7,982
2011/12/09 01,7,951
2011/12/09 02,10,677
2011/12/09 03,8,663
2011/12/09 04,10,771
2011/12/09 05,12,844
2011/12/09 06,14,805
2011/12/09 07,13,898
2011/12/09 08,9,936
2011/12/09 09,7,976
2011/12/09 10,8,1061
2011/12/09 11,9,774
2011/12/09 12,7,809
2011/12/09 13,8,787
2011/12/09 14,8,788
2011/12/09 15,8,2271
2011/12/09 16,6,3309
2011/12/09 17,6,2698
2011/12/09 18,5,2344
2011/12/09 19,4,137
2011/12/09 20,5,169
2011/12/09 21,4,164
2011/12/09 22,4,139
2011/12/09 23,6,159
2011/12/10 00,6,191
2011/12/10 01,7,272
2011/12/10 02,9,249
2011/12/10 03,13,608
2011/12/10 04,13,704
2011/12/10 05,11,366
2011/12/10 06,13,359
2011/12/10 07,14,692
2011/12/10 08,14,525
2011/12/10 09,11,505
2011/12/10 10,10,439
2011/12/10 11,6,154
2011/12/10 12,7,364
2011/12/10 13,6,1180
2011/12/10 14,7,802
2011/12/10 15,6,742
2011/12/10 16,7,805
2011/12/10 17,6,300
2011/12/10 18,5,243
2011/12/10 19,7,291
2011/12/10 20,8,359
2011/12/10 21,8,314
2011/12/10 22,10,339
2011/12/10 23,7,470
2011/12/11 00,8,1203
2011/12/11 01,8,742
2011/12/11 02,8,275
2011/12/11 03,6,344
2011/12/11 04,8,214
2011/12/11 05,8,507
2011/12/11 06,7,106
2011/12/11 07,8,185
2011/12/11 08,7,167
2011/12/11 09,6,136
2011/12/11 10,5,49
2011/12/11 11,6,75
2011/12/11 12,8,120
2011/12/11 13,9,104
2011/12/11 14,8,153
2011/12/11 15,5,84
2011/12/11 16,4,51
2011/12/11 17,5,62
2011/12/11 18,4,61
2011/12/11 19,5,55
2011/12/11 20,5,56
2011/12/11 21,7,61
2011/12/11 22,8,85
2011/12/11 23,6,86
2011/12/12 00,6,80
2011/12/12 01,6,93
2011/12/12 02,7,107
2011/12/12 03,9,1819
2011/12/12 04,8,1714
2011/12/12 05,8,1201
2011/12/12 06,5,1069
2011/12/12 07,5,89
2011/12/12 08,6,240
2011/12/12 09,4,289
2011/12/12 10,5,262
2011/12/12 11,6,126
2011/12/12 12,6,147
2011/12/12 13,4,153
2011/12/12 14,3,184
2011/12/12 15,4,25
2011/12/12 16,5,36
2011/12/12 17,6,62
2011/12/12 18,4,65
2011/12/12 19,3,70
2011/12/12 20,5,85
2011/12/12 21,6,204
2011/12/12 22,6,288
2011/12/12 23,9,520
2011/12/13 00,5,311
2011/12/13 01,7,153
2011/12/13 02,9,143
2011/12/13 03,10,264
2011/12/13 04,10,749
2011/12/13 05,8,730
2011/12/13 06,8,477
2011/12/13 07,6,137
2011/12/13 08,8,584
2011/12/13 09,6,366
2011/12/13 10,12,580
2011/12/13 11,14,643
2011/12/13 12,11,769
2011/12/13 13,9,561
2011/12/13 14,7,279
2011/12/13 15,10,388
2011/12/13 16,9,422
2011/12/13 17,7,455
2011/12/13 18,7,524
2011/12/13 19,9,2077
2011/12/13 20,12,2325
2011/12/13 21,14,1320
2011/12/13 22,16,1295
2011/12/13 23,15,998
2011/12/14 00,14,1066
2011/12/14 01,13,1195
2011/12/14 02,14,1426
2011/12/14 03,16,1283
2011/12/14 04,13,1107
2011/12/14 05,14,1025
2011/12/14 06,16,896
2011/12/14 07,13,676
2011/12/14 08,14,679
2011/12/14 09,12,608
2011/12/14 10,13,621
2011/12/14 11,7,458
2011/12/14 12,8,678
2011/12/14 13,9,798
2011/12/14 14,10,593
2011/12/14 15,11,446
2011/12/14 16,11,500
2011/12/14 17,11,496
2011/12/14 18,13,412
2011/12/14 19,13,517
2011/12/14 20,14,470
2011/12/14 21,9,456
2011/12/14 22,10,686
2011/12/14 23,8,755
2011/12/15 00,8,700
2011/12/15 01,12,3746
2011/12/15 02,11,5491
2011/12/15 03,15,5862
2011/12/15 04,18,6621
2011/12/15 05,15,8352
2011/12/15 06,15,9971
2011/12/15 07,14,10743
2011/12/15 08,9,4613
2011/12/15 09,7,5187
2011/12/15 10,5,4950
2011/12/15 11,6,4285
2011/12/15 12,8,835
2011/12/15 13,7,970
2011/12/15 14,8,977
2011/12/15 15,8,917
2011/12/15 16,6,438
2011/12/15 17,6,437
2011/12/15 18,4,557
2011/12/15 19,4,363
2011/12/15 20,5,127
2011/12/15 21,8,178
2011/12/15 22,6,220
2011/12/15 23,4,204
2011/12/16 00,3,241
2011/12/16 01,3,243
2011/12/16 02,6,194
2011/12/16 03,9,238
2011/12/16 04,10,263
2011/12/16 05,11,863
2011/12/16 06,13,961
2011/12/16 07,11,1174
2011/12/16 08,8,877
2011/12/16 09,7,779
2011/12/16 10,7,798
2011/12/16 11,4,213
2011/12/16 12,3,105
2011/12/16 13,2,91
2011/12/16 14,3,101
2011/12/16 15,4,2474
2011/12/16 16,4,2875
2011/12/16 17,4,3065
2011/12/16 18,4,3218
2011/12/16 19,7,3014
2011/12/16 20,7,2685
2011/12/16 21,9,2471
2011/12/16 22,8,354
2011/12/16 23,10,353
2011/12/17 00,11,299
2011/12/17 01,8,267
2011/12/17 02,17,927
2011/12/17 03,17,2452
2011/12/17 04,17,3794
2011/12/17 05,11,5482
2011/12/17 06,8,9609
2011/12/17 07,7,11969
2011/12/17 08,5,4776
2011/12/17 09,3,5181
2011/12/17 10,5,36
2011/12/17 11,5,734
2011/12/17 12,6,806
2011/12/17 13,7,823
2011/12/17 14,6,403
2011/12/17 15,5,381
2011/12/17 16,3,372
2011/12/17 17,5,376
2011/12/17 18,5,2021
2011/12/17 19,7,5301
2011/12/17 20,7,8923
2011/12/17 21,6,10622
2011/12/17 22,10,11557
2011/12/17 23,9,288
2011/12/18 00,8,281
2011/12/18 01,6,103
2011/12/18 02,7,107
2011/12/18 03,10,13783
2011/12/18 04,10,13765
2011/12/18 05,9,13070
2011/12/18 06,6,12282
2011/12/18 07,9,11122
2011/12/18 08,5,6927
2011/12/18 09,5,54
2011/12/18 10,4,80
2011/12/18 11,3,74
2011/12/18 12,5,191
2011/12/18 13,6,59
2011/12/18 14,3,57
2011/12/18 15,4,72
2011/12/18 16,3,56
2011/12/18 17,3,46
2011/12/18 18,5,48
2011/12/18 19,5,4154
2011/12/18 20,6,8231
2011/12/18 21,3,9196
2011/12/18 22,4,13052
2011/12/18 23,4,16835
2011/12/19 00,3,20324
2011/12/19 01,4,20536
2011/12/19 02,5,22827
2011/12/19 03,3,21649
2011/12/19 04,2,30
2011/12/19 05,3,29
2011/12/19 06,4,81
2011/12/19 07,5,83
2011/12/19 08,3,125
2011/12/19 09,3,125
2011/12/19 10,2,105
2011/12/19 11,2,109
2011/12/19 12,2,118
2011/12/19 13,3,99
2011/12/19 14,6,144
2011/12/19 15,6,137
2011/12/19 16,8,177
2011/12/19 17,7,225
2011/12/19 18,5,1430
2011/12/19 19,4,184
2011/12/19 20,4,152
2011/12/19 21,7,168
2011/12/19 22,8,181
2011/12/19 23,8,207
2011/12/20 00,6,205
2011/12/20 01,4,215
2011/12/20 02,8,250
2011/12/20 03,9,364
2011/12/20 04,13,301
2011/12/20 05,13,221
2011/12/20 06,9,683
2011/12/20 07,11,494
2011/12/20 08,6,474
2011/12/20 09,4,330
2011/12/20 10,4,100
2011/12/20 11,4,108
2011/12/20 12,3,103
2011/12/20 13,3,65
2011/12/20 14,4,94
2011/12/20 15,5,130
2011/12/20 16,6,147
2011/12/20 17,8,162
2011/12/20 18,8,175
2011/12/20 19,6,178
2011/12/20 20,11,178
2011/12/20 21,8,171
2011/12/20 22,8,1229
2011/12/20 23,9,777
2011/12/21 00,10,860
2011/12/21 01,13,913
2011/12/21 02,10,1376
2011/12/21 03,12,1694
2011/12/21 04,13,1866
2011/12/21 05,13,2278
2011/12/21 06,15,2044
2011/12/21 07,14,1711
2011/12/21 08,9,710
2011/12/21 09,7,607
2011/12/21 10,6,551
2011/12/21 11,6,500
2011/12/21 12,7,482
2011/12/21 13,6,218
2011/12/21 14,5,235
2011/12/21 15,4,138
2011/12/21 16,5,149
2011/12/21 17,7,256
2011/12/21 18,6,226
2011/12/21 19,8,226
2011/12/21 20,7,251
2011/12/21 21,7,705
2011/12/21 22,5,906
2011/12/21 23,6,1135
2011/12/22 00,5,1753
2011/12/22 01,6,2953
2011/12/22 02,9,4699
2011/12/22 03,10,5172
2011/12/22 04,9,5421
2011/12/22 05,7,6140
2011/12/22 06,5,5570
2011/12/22 07,7,460
2011/12/22 08,6,389
2011/12/22 09,6,350
2011/12/22 10,3,317
2011/12/22 11,3,288
2011/12/22 12,5,249
2011/12/22 13,5,788
2011/12/22 14,7,1000
2011/12/22 15,7,1002
2011/12/22 16,4,563
2011/12/22 17,3,101
2011/12/22 18,2,92
2011/12/22 19,3,138
2011/12/22 20,4,112
2011/12/22 21,3,117
2011/12/22 22,4,133
2011/12/22 23,2,124
2011/12/23 00,2,126
2011/12/23 01,5,350
2011/12/23 02,9,1002
2011/12/23 03,12,653
2011/12/23 04,14,701
2011/12/23 05,14,611
2011/12/23 06,10,657
2011/12/23 07,9,547
2011/12/23 08,7,497
2011/12/23 09,5,540
2011/12/23 10,5,692
2011/12/23 11,5,863
2011/12/23 12,5,375
2011/12/23 13,3,229
2011/12/23 14,5,897
2011/12/23 15,5,2456
2011/12/23 16,5,3934
2011/12/23 17,6,3548
2011/12/23 18,5,3151
2011/12/23 19,7,2886
2011/12/23 20,7,2729
2011/12/23 21,5,129
2011/12/23 22,8,575
2011/12/23 23,10,216
2011/12/24 00,7,133
2011/12/24 01,7,141
2011/12/24 02,11,187
2011/12/24 03,11,509
2011/12/24 04,13,988
2011/12/24 05,14,538
2011/12/24 06,14,439
2011/12/24 07,13,398
2011/12/24 08,10,265
2011/12/24 09,4,285
2011/12/24 10,4,282
2011/12/24 11,4,250
2011/12/24 12,5,238
2011/12/24 13,6,113
2011/12/24 14,5,159
2011/12/24 15,5,138
2011/12/24 16,6,368
2011/12/24 17,5,480
2011/12/24 18,5,463
2011/12/24 19,6,519
2011/12/24 20,6,464
2011/12/24 21,4,414
2011/12/24 22,4,426
2011/12/24 23,4,717
2011/12/25 00,5,2462
2011/12/25 01,4,1876
2011/12/25 02,6,1048
2011/12/25 03,6,916
2011/12/25 04,8,1031
2011/12/25 05,9,917
2011/12/25 06,6,735
2011/12/25 07,7,215
2011/12/25 08,6,169
2011/12/25 09,5,152
2011/12/25 10,4,147
2011/12/25 11,4,131
2011/12/25 12,4,133
2011/12/25 13,6,152
2011/12/25 14,7,149
2011/12/25 15,6,146
2011/12/25 16,6,154
2011/12/25 17,5,170
2011/12/25 18,7,156
2011/12/25 19,7,147
2011/12/25 20,5,185
2011/12/25 21,5,127
2011/12/25 22,5,173
2011/12/25 23,7,177
2011/12/26 00,9,171
2011/12/26 01,9,146
2011/12/26 02,10,155
2011/12/26 03,9,215
2011/12/26 04,10,292
2011/12/26 05,14,976
2011/12/26 06,13,610
2011/12/26 07,13,755
2011/12/26 08,9,742
2011/12/26 09,8,587
2011/12/26 10,7,517
2011/12/26 11,7,532
2011/12/26 12,7,292
2011/12/26 13,7,302
2011/12/26 14,6,328
2011/12/26 15,6,216
2011/12/26 16,5,188
2011/12/26 17,7,223
2011/12/26 18,8,234
2011/12/26 19,7,149
2011/12/26 20,10,138
2011/12/26 21,11,138
2011/12/26 22,10,246
2011/12/26 23,10,325
2011/12/27 00,11,661
2011/12/27 01,10,217
2011/12/27 02,12,239
2011/12/27 03,14,1114
2011/12/27 04,10,720
2011/12/27 05,8,437
2011/12/27 06,5,770
2011/12/27 07,7,483
2011/12/27 08,7,448
2011/12/27 09,6,529
2011/12/27 10,7,585
2011/12/27 11,6,666
2011/12/27 12,4,266
2011/12/27 13,5,285
2011/12/27 14,4,131
2011/12/27 15,6,251
2011/12/27 16,6,362
2011/12/27 17,9,292
2011/12/27 18,7,263
2011/12/27 19,7,266
2011/12/27 20,6,362
2011/12/27 21,7,246
2011/12/27 22,7,347
2011/12/27 23,9,271
2011/12/28 00,7,276
2011/12/28 01,7,241
2011/12/28 02,9,211
2011/12/28 03,10,713
2011/12/28 04,12,298
2011/12/28 05,9,349
2011/12/28 06,8,498
2011/12/28 07,10,1379
2011/12/28 08,10,809
2011/12/28 09,9,958
2011/12/28 10,8,955
2011/12/28 11,8,999
2011/12/28 12,5,123
2011/12/28 13,5,146
2011/12/28 14,9,315
2011/12/28 15,9,552
2011/12/28 16,8,554
2011/12/28 17,6,679
2011/12/28 18,5,687
2011/12/28 19,6,571
2011/12/28 20,6,546
2011/12/28 21,7,381
2011/12/28 22,8,226
2011/12/28 23,8,256
2011/12/29 00,9,298
2011/12/29 01,10,307
2011/12/29 02,10,575
2011/12/29 03,10,469
2011/12/29 04,13,480
2011/12/29 05,11,633
2011/12/29 06,15,895
2011/12/29 07,16,947
2011/12/29 08,9,755
2011/12/29 09,6,1408
2011/12/29 10,6,202
2011/12/29 11,4,925
2011/12/29 12,5,1555
2011/12/29 13,5,785
2011/12/29 14,6,1033
2011/12/29 15,6,1140
2011/12/29 16,6,1049
2011/12/29 17,5,310
2011/12/29 18,6,406
2011/12/29 19,6,344
2011/12/29 20,7,337
2011/12/29 21,6,439
2011/12/29 22,6,403
2011/12/29 23,6,316
2011/12/30 00,8,258
2011/12/30 01,8,311
2011/12/30 02,11,317
2011/12/30 03,11,358
2011/12/30 04,16,435
2011/12/30 05,15,535
2011/12/30 06,15,534
2011/12/30 07,12,372
2011/12/30 08,11,431
2011/12/30 09,11,277
2011/12/30 10,7,275
2011/12/30 11,5,248
2011/12/30 12,5,161
2011/12/30 13,5,180
2011/12/30 14,6,208
2011/12/30 15,7,1845
2011/12/30 16,8,2540
2011/12/30 17,6,2414
2011/12/30 18,6,2581
2011/12/30 19,7,2484
2011/12/30 20,7,2416
2011/12/30 21,5,183
2011/12/30 22,7,181
2011/12/30 23,8,528
2011/12/31 00,9,245
2011/12/31 01,11,244
2011/12/31 02,12,714
2011/12/31 03,13,449
2011/12/31 04,10,423
2011/12/31 05,8,393
2011/12/31 06,8,1375
2011/12/31 07,10,807
2011/12/31 08,10,461
2011/12/31 09,8,520
2011/12/31 10,8,536
2011/12/31 11,7,569
2011/12/31 12,5,467
2011/12/31 13,6,494
2011/12/31 14,6,592
2011/12/31 15,7,418
2011/12/31 16,5,318
2011/12/31 17,4,186
2011/12/31 18,6,217
2011/12/31 19,5,242
2011/12/31 20,4,207
2011/12/31 21,4,182
2011/12/31 22,4,193
2011/12/31 23,4,169
2012/01/01 00,4,505
2012/01/01 01,7,1351
2012/01/01 02,7,320
2012/01/01 03,5,363
2012/01/01 04,7,373
2012/01/01 05,5,181
2012/01/01 06,5,221
2012/01/01 07,5,169
2012/01/01 08,5,156
2012/01/01 09,4,161
2012/01/01 10,4,158
2012/01/01 11,4,142
2012/01/01 12,3,104
2012/01/01 13,5,188
2012/01/01 14,3,79
2012/01/01 15,3,117
2012/01/01 16,4,125
2012/01/01 17,4,112
2012/01/01 18,3,136
2012/01/01 19,2,185
2012/01/01 20,3,142
2012/01/01 21,3,185
2012/01/01 22,2,147
2012/01/01 23,2,152
2012/01/02 00,3,192
2012/01/02 01,3,189
2012/01/02 02,4,166
2012/01/02 03,8,695
2012/01/02 04,6,286
2012/01/02 05,8,223
2012/01/02 06,6,162
2012/01/02 07,4,147
2012/01/02 08,2,148
2012/01/02 09,3,183
2012/01/02 10,5,393
2012/01/02 11,4,203
2012/01/02 12,5,206
2012/01/02 13,4,193
2012/01/02 14,4,212
2012/01/02 15,4,228
2012/01/02 16,5,234
2012/01/02 17,5,366
2012/01/02 18,5,195
2012/01/02 19,5,226
2012/01/02 20,4,233
2012/01/02 21,6,255
2012/01/02 22,3,199
2012/01/02 23,5,178
2012/01/03 00,9,1092
2012/01/03 01,10,584
2012/01/03 02,9,651
2012/01/03 03,11,686
2012/01/03 04,11,657
2012/01/03 05,8,234
2012/01/03 06,10,240
2012/01/03 07,7,188
2012/01/03 08,10,261
2012/01/03 09,9,273
2012/01/03 10,7,443
2012/01/03 11,6,321
2012/01/03 12,8,398
2012/01/03 13,6,358
2012/01/03 14,9,323
2012/01/03 15,9,421
2012/01/03 16,10,525
2012/01/03 17,7,245
2012/01/03 18,6,216
2012/01/03 19,6,173
2012/01/03 20,6,165
2012/01/03 21,7,707
2012/01/03 22,7,204
2012/01/03 23,7,207
2012/01/04 00,9,233
2012/01/04 01,10,322
2012/01/04 02,10,414
2012/01/04 03,9,314
2012/01/04 04,9,309
2012/01/04 05,9,339
2012/01/04 06,6,373
2012/01/04 07,12,810
2012/01/04 08,9,451
2012/01/04 09,9,557
2012/01/04 10,6,395
2012/01/04 11,7,451
2012/01/04 12,6,185
2012/01/04 13,5,197
2012/01/04 14,6,154
2012/01/04 15,7,177
2012/01/04 16,7,193
2012/01/04 17,5,191
2012/01/04 18,4,153
2012/01/04 19,3,204
2012/01/04 20,5,169
2012/01/04 21,3,200
2012/01/04 22,4,241
2012/01/04 23,5,239
2012/01/05 00,5,202
2012/01/05 01,5,192
2012/01/05 02,6,180
2012/01/05 03,5,134
2012/01/05 04,9,165
2012/01/05 05,12,207
2012/01/05 06,10,205
2012/01/05 07,10,257
2012/01/05 08,12,444
2012/01/05 09,9,346
2012/01/05 10,6,180
2012/01/05 11,5,120
2012/01/05 12,6,355
2012/01/05 13,5,695
2012/01/05 14,8,1245
2012/01/05 15,6,910
2012/01/05 16,6,779
2012/01/05 17,4,259
2012/01/05 18,3,131
2012/01/05 19,3,149
2012/01/05 20,3,145
2012/01/05 21,3,153
2012/01/05 22,4,1613
2012/01/05 23,4,383
2012/01/06 00,7,442
2012/01/06 01,10,459
2012/01/06 02,10,507
2012/01/06 03,11,868
2012/01/06 04,5,597
2012/01/06 05,7,675
2012/01/06 06,11,645
2012/01/06 07,12,334
2012/01/06 08,9,243
2012/01/06 09,7,160
2012/01/06 10,2,108
2012/01/06 11,2,118
2012/01/06 12,3,177
2012/01/06 13,6,154
2012/01/06 14,6,159
2012/01/06 15,5,1704
2012/01/06 16,4,2622
2012/01/06 17,5,2668
2012/01/06 18,6,2420
2012/01/06 19,7,3239
2012/01/06 20,5,2569
2012/01/06 21,3,373
2012/01/06 22,2,156
2012/01/06 23,4,161
2012/01/07 00,4,185
2012/01/07 01,6,296
2012/01/07 02,8,161
2012/01/07 03,9,215
2012/01/07 04,12,693
2012/01/07 05,15,315
2012/01/07 06,13,265
2012/01/07 07,14,284
2012/01/07 08,12,299
2012/01/07 09,10,196
2012/01/07 10,10,219
2012/01/07 11,6,201
2012/01/07 12,4,193
2012/01/07 13,6,298
2012/01/07 14,6,507
2012/01/07 15,6,245
2012/01/07 16,6,209
2012/01/07 17,7,445
2012/01/07 18,7,644
2012/01/07 19,9,952
2012/01/07 20,7,1129
2012/01/07 21,6,1932
2012/01/07 22,6,2002
2012/01/07 23,10,2340
2012/01/08 00,12,2179
2012/01/08 01,12,1536
2012/01/08 02,8,230
2012/01/08 03,13,832
2012/01/08 04,13,2525
2012/01/08 05,11,2055
2012/01/08 06,13,1366
2012/01/08 07,11,1827
2012/01/08 08,14,1173
2012/01/08 09,14,789
2012/01/08 10,11,319
2012/01/08 11,10,490
2012/01/08 12,8,227
2012/01/08 13,7,183
2012/01/08 14,5,182
2012/01/08 15,5,179
2012/01/08 16,6,366
2012/01/08 17,5,211
2012/01/08 18,4,55
2012/01/08 19,6,76
2012/01/08 20,8,5850
2012/01/08 21,10,9309
2012/01/08 22,11,10334
2012/01/08 23,9,10302
2012/01/09 00,8,8972
2012/01/09 01,12,1041
2012/01/09 02,15,1132
2012/01/09 03,12,1485
2012/01/09 04,13,438
2012/01/09 05,10,261
2012/01/09 06,11,270
2012/01/09 07,11,421
2012/01/09 08,13,416
2012/01/09 09,10,364
2012/01/09 10,7,356
2012/01/09 11,4,720
2012/01/09 12,3,262
2012/01/09 13,4,202
2012/01/09 14,4,95
2012/01/09 15,2,92
