2011/09/30 23,1,14
2011/10/01 00,1,15
2011/10/01 01,1,18
2011/10/01 02,1,18
2011/10/01 03,2,36
2011/10/01 04,2,31
2011/10/01 05,2,15
2011/10/01 06,2,14
2011/10/01 07,1,1
2011/10/01 12,1,10
2011/10/01 13,1,12
2011/10/01 14,1,11
2011/10/01 15,1,16
2011/10/01 16,1,12
2011/10/01 17,2,14
2011/10/01 18,2,19
2011/10/01 19,2,18
2011/10/01 20,4,27
2011/10/01 21,4,52
2011/10/01 22,3,69
2011/10/01 23,3,70
2011/10/02 00,3,81
2011/10/02 01,3,80
2011/10/02 02,3,75
2011/10/02 03,2,37
2011/10/02 04,2,26
2011/10/02 05,2,17
2011/10/02 06,1,4
2011/10/02 07,1,6
2011/10/02 08,1,4
2011/10/02 09,1,3
2011/10/02 10,1,2
2011/10/02 18,1,3
2011/10/02 19,2,4
2011/10/02 20,1,1
2011/10/02 22,1,1242
2011/10/02 23,1,1342
2011/10/03 00,1,1253
2011/10/03 01,1,1204
2011/10/03 03,1,4
2011/10/03 04,1,4
2011/10/03 05,1,3
2011/10/03 06,1,4
2011/10/03 07,1,3
2011/10/03 14,1,2
2011/10/03 18,1,3
2011/10/03 19,1,4
2011/10/03 20,1,4
2011/10/03 21,1,8
2011/10/03 22,1,6
2011/10/03 23,1,5
2011/10/04 01,1,3
2011/10/04 02,1,2
2011/10/04 04,1,4
2011/10/04 05,1,7
2011/10/04 06,1,2
2011/10/05 20,1,25
2011/10/05 21,1,29
2011/10/05 22,1,22
2011/10/05 23,1,7
2011/10/06 00,2,8
2011/10/06 01,2,5
2011/10/06 02,1,2
2011/10/06 06,1,2
2011/10/06 07,1,2
2011/10/06 11,1,8
2011/10/06 12,2,12
2011/10/06 13,1,24
2011/10/06 14,1,27
2011/10/06 15,1,32
2011/10/06 17,1,1
2011/10/06 19,1,7
2011/10/07 00,1,1
2011/10/07 01,1,9
2011/10/07 02,1,9
2011/10/07 14,1,4
2011/10/07 15,1,3
2011/10/07 16,1,3
2011/10/07 17,1,1
2011/10/07 18,1,1
2011/10/07 22,1,2
2011/10/07 23,1,5
2011/10/08 00,2,20
2011/10/08 01,2,16
2011/10/08 02,2,13
2011/10/08 03,1,6
2011/10/08 04,2,13
2011/10/08 05,2,9
2011/10/08 06,2,9
2011/10/08 07,2,6
2011/10/08 12,3,21
2011/10/08 13,1,32
2011/10/08 15,1,3
2011/10/08 16,1,3
2011/10/08 20,2,9
2011/10/08 21,1,11
2011/10/08 22,2,28
2011/10/08 23,3,39
2011/10/09 00,4,51
2011/10/09 01,4,48
2011/10/09 02,3,17
2011/10/09 03,1,6
2011/10/09 04,1,11
2011/10/09 05,1,10
2011/10/09 16,1,2
2011/10/09 21,1,4
2011/10/09 22,1,2
2011/10/10 01,1,5
2011/10/10 02,1,7
2011/10/10 03,1,7
2011/10/10 12,1,0
2011/10/10 13,1,3
2011/10/10 14,1,3
2011/10/10 15,1,5
2011/10/10 16,1,5
2011/10/11 23,1,1
2011/10/12 00,1,0
2011/10/12 02,1,1
2011/10/12 16,1,1
2011/10/12 17,1,2
2011/10/13 15,1,2
2011/10/13 16,1,2
2011/10/13 19,1,0
2011/10/13 20,1,0
2011/10/14 00,1,6
2011/10/14 01,1,6
2011/10/14 02,2,40
2011/10/14 03,4,56
2011/10/14 04,3,43
2011/10/14 05,4,44
2011/10/14 06,3,35
2011/10/14 07,1,3
2011/10/14 15,1,4
2011/10/14 16,1,6
2011/10/14 17,1,5
2011/10/15 00,1,5
2011/10/15 01,1,5
2011/10/15 02,1,4
2011/10/15 03,1,4
2011/10/15 16,1,1
2011/10/15 17,1,5
2011/10/15 18,2,18
2011/10/15 19,2,29
2011/10/15 20,2,21
2011/10/15 21,2,20
2011/10/15 22,3,25
2011/10/15 23,2,21
2011/10/16 00,2,21
2011/10/16 01,1,16
2011/10/16 02,1,13
2011/10/16 03,1,20
2011/10/16 05,1,14
2011/10/16 06,1,13
2011/10/16 20,1,1
2011/10/18 14,1,4
2011/10/18 15,1,3
2011/10/19 19,1,0
2011/10/20 00,1,8
2011/10/20 01,1,12
2011/10/20 02,1,13
2011/10/20 03,1,9
2011/10/20 04,1,9
2011/10/20 05,1,7
2011/10/20 23,1,0
2011/10/21 00,1,3
2011/10/21 01,1,3
2011/10/21 03,1,11
2011/10/21 04,1,11
2011/10/21 05,1,9
2011/10/21 06,2,7
2011/10/21 07,1,5
2011/10/21 08,1,5
2011/10/21 09,1,3
2011/10/21 10,1,5
2011/10/21 21,1,256
2011/10/21 22,2,324
2011/10/21 23,1,8
2011/10/22 00,1,13
2011/10/22 01,2,15
2011/10/22 02,3,25
2011/10/22 03,4,34
2011/10/22 04,2,26
2011/10/22 05,1,15
2011/10/22 09,1,5
2011/10/22 10,1,7
2011/10/22 11,1,7
2011/10/22 12,1,6
2011/10/22 15,1,115
2011/10/22 16,1,166
2011/10/22 17,1,222
2011/10/22 18,1,281
2011/10/22 19,1,272
2011/10/22 20,1,356
2011/10/22 21,1,338
2011/10/22 22,2,345
2011/10/22 23,2,324
2011/10/23 00,3,324
2011/10/23 01,4,312
2011/10/23 02,3,336
2011/10/23 03,4,381
2011/10/23 04,4,373
2011/10/23 05,1,7
2011/10/23 07,1,2
2011/10/23 12,1,1
2011/10/23 17,1,4
2011/10/23 18,1,5
2011/10/23 19,1,7
2011/10/23 22,1,5
2011/10/23 23,1,7
2011/10/24 00,1,7
2011/10/24 01,1,8
2011/10/24 02,1,6
2011/10/24 03,2,10
2011/10/24 04,2,12
2011/10/24 05,1,7
2011/10/24 06,1,7
2011/10/24 21,1,63
2011/10/24 22,1,3
2011/10/24 23,1,3
2011/10/25 01,1,6
2011/10/25 02,1,6
2011/10/25 05,1,0
2011/10/25 06,1,6
2011/10/25 07,1,8
2011/10/26 00,1,2
2011/10/26 01,1,3
2011/10/26 02,1,5
2011/10/26 03,1,2
2011/10/26 18,1,3
2011/10/27 17,1,3
2011/10/28 05,1,3
2011/10/28 13,1,4
2011/10/28 14,1,14
2011/10/28 15,1,22
2011/10/28 16,1,17
2011/10/28 17,1,16
2011/10/28 18,1,9
2011/10/28 19,1,12
2011/10/29 00,1,16
2011/10/29 01,2,19
2011/10/29 02,2,15
2011/10/29 03,1,6
2011/10/29 04,1,6
2011/10/29 07,1,2
2011/10/29 08,1,3
2011/10/29 09,1,2
2011/10/29 10,1,3
2011/10/29 11,1,2
2011/10/29 12,1,2
2011/10/29 13,1,2
2011/10/29 14,1,3
2011/10/29 15,1,3
2011/10/29 16,1,2
2011/10/29 17,1,2
2011/10/29 18,1,2
2011/10/29 19,1,2
2011/10/29 20,2,2
2011/10/29 23,1,17
2011/10/30 00,1,15
2011/10/30 01,1,15
2011/10/30 02,1,10
2011/10/30 03,1,12
2011/10/30 04,1,22
2011/10/30 05,1,20
2011/10/30 07,1,4
2011/10/30 08,1,3
2011/10/30 19,1,9
2011/10/31 02,1,7
2011/10/31 03,1,10
2011/10/31 23,1,10
2011/11/01 00,3,22
2011/11/01 01,2,28
2011/11/01 02,1,23
2011/11/01 03,1,15
2011/11/01 16,1,2
2011/11/04 03,1,3
2011/11/04 04,3,8
2011/11/04 05,4,17
2011/11/04 06,1,12
2011/11/04 07,1,13
2011/11/04 08,1,10
2011/11/04 16,2,5
2011/11/04 17,2,4
2011/11/04 18,2,2
2011/11/05 00,1,1
2011/11/05 04,2,11
2011/11/05 05,2,4
2011/11/05 06,1,0
2011/11/05 07,1,5
2011/11/05 08,1,2
2011/11/05 09,1,1
2011/11/05 16,1,4
2011/11/05 17,1,12
2011/11/05 18,1,16
2011/11/05 19,3,30
2011/11/05 20,3,32
2011/11/05 21,2,40
2011/11/05 22,2,46
2011/11/05 23,3,53
2011/11/06 00,3,58
2011/11/06 01,2,22
2011/11/06 02,2,19
2011/11/06 03,3,26
2011/11/06 04,3,31
2011/11/06 05,3,29
2011/11/06 06,3,24
2011/11/06 07,1,10
2011/11/06 08,1,11
2011/11/06 09,1,3
2011/11/06 10,1,2
2011/11/06 11,1,2
2011/11/07 01,1,1
2011/11/07 02,3,14
2011/11/07 03,3,10
2011/11/07 04,2,9
2011/11/07 05,2,9
2011/11/07 06,2,4
2011/11/07 15,1,0
2011/11/07 16,1,0
2011/11/08 17,1,6
2011/11/08 18,1,7
2011/11/08 19,1,6
2011/11/08 20,1,7
2011/11/08 21,1,6
2011/11/08 22,1,10
2011/11/08 23,2,16
2011/11/09 00,1,12
2011/11/09 01,1,12
2011/11/09 02,1,8
2011/11/09 03,1,10
2011/11/09 20,1,9
2011/11/09 21,1,4
2011/11/10 02,1,1
2011/11/10 03,2,9
2011/11/10 04,1,3
2011/11/10 05,1,3
2011/11/10 06,1,2
2011/11/10 07,1,3
2011/11/10 08,1,1
2011/11/10 09,1,1
2011/11/10 10,1,1
2011/11/10 11,1,1
2011/11/10 22,1,6
2011/11/10 23,1,9
2011/11/11 00,1,6
2011/11/11 01,1,6
2011/11/11 02,1,3
2011/11/11 03,1,6
2011/11/11 04,2,7
2011/11/11 05,2,36
2011/11/11 06,2,71
2011/11/11 07,1,7
2011/11/11 16,1,6
2011/11/11 17,1,7
2011/11/11 18,2,13
2011/11/11 19,2,11
2011/11/11 20,2,12
2011/11/11 21,2,12
2011/11/11 22,2,9
2011/11/11 23,1,3
2011/11/12 00,1,2
2011/11/12 01,1,1
2011/11/12 02,1,9
2011/11/12 03,1,10
2011/11/13 18,1,2
2011/11/14 01,1,3
2011/11/14 02,1,3
2011/11/14 03,1,3
2011/11/14 06,1,2
2011/11/14 07,1,2
2011/11/14 08,1,2
2011/11/14 09,1,2
2011/11/14 10,1,2
2011/11/14 11,1,2
2011/11/14 12,1,3
2011/11/15 02,1,1
2011/11/15 03,1,1
2011/11/15 04,1,6
2011/11/15 05,1,6
2011/11/15 06,1,7
2011/11/15 23,2,2
2011/11/16 00,1,2
2011/11/16 01,1,5
2011/11/16 02,1,3
2011/11/16 04,1,1
2011/11/17 03,1,2
2011/11/17 04,1,2
2011/11/17 05,1,1
2011/11/17 08,1,1
2011/11/17 19,1,12
2011/11/17 20,1,8
2011/11/17 22,1,8
2011/11/19 00,1,3
2011/11/19 01,1,10
2011/11/19 02,1,11
2011/11/19 03,1,10
2011/11/19 06,1,4
2011/11/19 18,1,2
2011/11/19 19,1,8
2011/11/19 20,1,9
2011/11/19 21,1,8
2011/11/19 22,2,15
2011/11/19 23,1,14
2011/11/20 00,2,19
2011/11/20 01,1,16
2011/11/20 02,1,11
2011/11/20 05,1,1
2011/11/20 06,1,3
2011/11/20 07,1,2
2011/11/20 15,1,3
2011/11/20 17,1,6
2011/11/20 18,1,8
2011/11/20 19,1,9
2011/11/20 20,1,12
2011/11/20 21,1,7
2011/11/20 22,2,16
2011/11/20 23,2,19
2011/11/21 00,2,15
2011/11/21 01,2,16
2011/11/21 02,1,2
2011/11/22 01,1,5
2011/11/22 02,1,6
2011/11/22 03,2,6
2011/11/22 04,1,3
2011/11/22 05,1,22
2011/11/22 06,1,28
2011/11/22 23,1,1
2011/11/23 00,1,7
2011/11/23 01,1,8
2011/11/23 02,1,7
2011/11/23 05,1,8
2011/11/23 06,1,7
2011/11/23 07,2,29
2011/11/23 08,1,83
2011/11/23 09,1,54
2011/11/23 10,1,35
2011/11/23 11,1,28
2011/11/23 12,1,25
2011/11/23 13,1,26
2011/11/23 14,1,22
2011/11/23 15,1,19
2011/11/23 20,2,6
2011/11/23 21,2,4
2011/11/24 04,1,3
2011/11/24 05,1,3
2011/11/24 20,1,4
2011/11/24 21,1,7
2011/11/24 22,1,6
2011/11/25 03,1,5
2011/11/25 04,1,6
2011/11/25 05,1,8
2011/11/25 06,1,6
2011/11/25 07,2,7
2011/11/25 09,1,0
2011/11/25 20,2,3
2011/11/25 21,1,3
2011/11/25 22,2,2
2011/11/25 23,1,1
2011/11/26 01,1,5
2011/11/26 02,2,9
2011/11/26 03,2,11
2011/11/26 04,3,22
2011/11/26 05,1,1
2011/11/26 19,1,5
2011/11/26 20,2,24
2011/11/26 21,1,56
2011/11/26 22,2,68
2011/11/26 23,3,62
2011/11/27 00,3,89
2011/11/27 01,3,88
2011/11/27 02,2,131
2011/11/27 03,2,111
2011/11/27 04,2,113
2011/11/27 05,2,48
2011/11/27 06,1,10
2011/11/27 07,1,4
2011/11/27 08,1,3
2011/11/27 09,1,3
2011/11/27 20,1,7
2011/11/27 21,1,10
2011/11/27 22,1,10
2011/11/27 23,2,12
2011/11/28 06,1,0
2011/11/28 07,1,1
2011/11/28 08,1,0
2011/11/28 14,1,0
2011/11/28 22,1,5
2011/11/29 01,1,0
2011/11/29 02,2,15
2011/11/29 03,2,17
2011/11/29 04,1,13
2011/11/29 05,2,14
2011/11/29 06,2,11
2011/11/29 21,1,0
2011/11/29 22,2,14
2011/11/29 23,1,4
2011/11/30 00,1,5
2011/11/30 01,1,6
2011/11/30 02,1,6
2011/11/30 03,1,3
2011/11/30 04,1,7
2011/11/30 05,1,6
2011/11/30 06,1,6
2011/11/30 23,1,2
2011/12/01 00,2,17
2011/12/01 01,2,15
2011/12/01 02,2,14
2011/12/01 03,1,10
2011/12/01 07,1,2
2011/12/01 08,1,2
2011/12/01 22,1,9
2011/12/01 23,1,16
2011/12/02 00,1,19
2011/12/02 01,1,14
2011/12/02 02,1,14
2011/12/02 07,1,6
2011/12/02 08,1,6
2011/12/02 20,1,1
2011/12/03 02,1,9
2011/12/03 03,1,9
2011/12/03 04,2,10
2011/12/03 05,2,32
2011/12/03 06,2,17
2011/12/03 07,2,12
2011/12/03 08,1,3
2011/12/03 12,1,3
2011/12/03 13,1,5
2011/12/03 14,1,10
2011/12/03 15,1,9
2011/12/03 16,2,13
2011/12/03 17,2,17
2011/12/03 18,1,17
2011/12/03 19,1,27
2011/12/03 21,1,67
2011/12/03 22,2,100
2011/12/03 23,2,118
2011/12/04 00,2,122
2011/12/04 01,2,155
2011/12/04 02,2,164
2011/12/04 03,2,213
2011/12/04 04,2,267
2011/12/04 05,2,187
2011/12/04 06,1,7
2011/12/04 19,1,1
2011/12/04 20,2,15
2011/12/04 21,1,16
2011/12/04 22,1,12
2011/12/04 23,1,15
2011/12/05 00,1,24
2011/12/05 01,1,25
2011/12/05 02,1,33
2011/12/05 03,1,16
2011/12/05 04,1,13
2011/12/05 05,1,7
2011/12/05 18,1,1
2011/12/05 19,1,3
2011/12/05 22,1,1
2011/12/06 01,2,6
2011/12/06 02,1,1
2011/12/06 03,2,2
2011/12/06 04,3,7
2011/12/06 05,2,4
2011/12/06 21,1,3
2011/12/06 22,1,4
2011/12/06 23,1,4
2011/12/07 00,1,9
2011/12/07 01,1,3
2011/12/07 02,1,3
2011/12/07 03,2,4
2011/12/07 04,2,4
2011/12/07 06,1,4
2011/12/07 07,2,4
2011/12/07 08,2,4
2011/12/07 09,1,1
2011/12/07 10,1,1
2011/12/07 11,1,2
2011/12/07 12,1,2
2011/12/07 13,1,2
2011/12/08 01,1,9
2011/12/08 06,2,5
2011/12/08 07,2,4
2011/12/08 08,1,0
2011/12/08 11,1,2
2011/12/08 12,1,1
2011/12/08 13,1,1
2011/12/08 14,1,1
2011/12/08 15,1,1
2011/12/08 22,1,3
2011/12/08 23,1,4
2011/12/09 00,1,3
2011/12/09 04,1,11
2011/12/09 05,1,8
2011/12/09 06,1,10
2011/12/09 07,1,8
2011/12/09 13,1,1
2011/12/09 14,1,2
2011/12/09 15,1,2
2011/12/09 16,1,3
2011/12/09 23,1,1
2011/12/10 00,1,5
2011/12/10 01,2,7
2011/12/10 02,1,6
2011/12/10 03,1,10
2011/12/10 04,1,9
2011/12/10 06,1,3
2011/12/10 07,1,4
2011/12/10 17,1,231
2011/12/10 18,1,238
2011/12/10 19,2,263
2011/12/10 20,2,360
2011/12/10 21,2,357
2011/12/10 22,3,338
2011/12/10 23,4,390
2011/12/11 00,3,265
2011/12/11 01,4,168
2011/12/11 02,3,28
2011/12/11 03,2,14
2011/12/11 04,4,27
2011/12/11 05,4,39
2011/12/11 06,4,37
2011/12/11 07,2,20
2011/12/11 08,1,14
2011/12/11 09,1,12
2011/12/11 10,1,8
2011/12/11 11,1,6
2011/12/11 19,1,8
2011/12/11 20,1,8
2011/12/11 21,1,10
2011/12/11 22,1,9
2011/12/12 01,1,14
2011/12/12 02,2,28
2011/12/12 03,2,24
2011/12/12 04,1,24
2011/12/12 05,1,5
2011/12/12 06,2,11
2011/12/12 07,1,10
2011/12/12 08,1,9
2011/12/12 09,2,9
2011/12/12 10,1,0
2011/12/12 13,1,0
2011/12/12 22,1,3
2011/12/12 23,1,5
2011/12/13 01,1,3
2011/12/13 02,1,7
2011/12/13 03,1,7
2011/12/13 04,1,5
2011/12/13 05,1,7
2011/12/13 20,1,7
2011/12/13 21,1,3
2011/12/14 08,1,5
2011/12/14 09,1,2
2011/12/14 10,2,10
2011/12/14 11,2,7
2011/12/14 12,2,6
2011/12/14 13,1,1
2011/12/15 02,1,3
2011/12/15 03,2,18
2011/12/15 04,2,11
2011/12/15 05,1,9
2011/12/15 06,1,9
2011/12/15 07,1,12
2011/12/15 09,1,4
2011/12/15 10,1,5
2011/12/16 01,1,7
2011/12/16 02,1,13
2011/12/16 03,1,13
2011/12/16 05,2,7
2011/12/16 06,2,8
2011/12/16 21,1,3
2011/12/16 22,1,2
2011/12/16 23,1,8
2011/12/17 00,1,10
2011/12/17 01,1,5
2011/12/17 02,1,5
2011/12/17 03,2,16
2011/12/17 04,1,10
2011/12/17 05,3,16
2011/12/17 06,3,18
2011/12/17 07,1,9
2011/12/17 08,1,5
2011/12/17 12,1,1
2011/12/17 13,1,1
2011/12/17 16,1,2
2011/12/17 17,2,5
2011/12/17 18,2,7
2011/12/17 19,2,9
2011/12/17 20,3,14
2011/12/17 21,2,22
2011/12/17 22,4,32
2011/12/17 23,7,48
2011/12/18 00,4,41
2011/12/18 01,4,60
2011/12/18 02,4,67
2011/12/18 03,4,69
2011/12/18 04,5,74
2011/12/18 05,4,53
2011/12/18 06,3,22
2011/12/18 07,2,15
2011/12/18 08,1,1
2011/12/18 09,1,1
2011/12/18 10,1,1
2011/12/18 12,1,11
2011/12/18 13,1,9
2011/12/19 14,1,2
2011/12/19 17,1,2
2011/12/19 18,1,4
2011/12/19 19,2,16
2011/12/19 20,2,25
2011/12/19 21,1,4
2011/12/19 22,1,1
2011/12/19 23,1,328
2011/12/20 00,3,375
2011/12/20 01,3,12
2011/12/20 02,4,53
2011/12/20 03,3,54
2011/12/20 04,3,58
2011/12/20 05,3,50
2011/12/20 06,2,64
2011/12/20 07,2,53
2011/12/20 08,1,47
2011/12/20 18,1,0
2011/12/20 19,1,4
2011/12/20 20,1,5
2011/12/21 02,2,11
2011/12/21 03,1,7
2011/12/21 05,2,3
2011/12/21 11,1,1
2011/12/21 12,1,1
2011/12/21 18,1,8
2011/12/21 19,1,14
2011/12/21 20,1,13
2011/12/21 21,3,15
2011/12/21 22,2,10
2011/12/21 23,2,9
2011/12/22 00,2,25
2011/12/22 01,2,28
2011/12/22 02,1,3
2011/12/22 03,2,5
2011/12/22 04,2,6
2011/12/22 05,1,1
2011/12/22 06,1,2
2011/12/22 07,1,3
2011/12/22 08,1,1
2011/12/22 09,1,1
2011/12/22 22,1,5
2011/12/22 23,1,8
2011/12/23 02,1,46
2011/12/23 03,1,46
2011/12/23 04,1,1
2011/12/23 05,2,5
2011/12/23 06,1,2
2011/12/23 19,1,2
2011/12/23 20,2,1
2011/12/23 21,1,2
2011/12/23 22,2,7
2011/12/23 23,1,6
2011/12/24 00,2,8
2011/12/24 01,2,12
2011/12/24 02,1,4
2011/12/24 03,1,4
2011/12/24 04,1,2
2011/12/24 17,1,1
2011/12/24 18,1,2
2011/12/24 19,1,1
2011/12/24 20,1,2
2011/12/24 21,2,5
2011/12/24 22,1,1
2011/12/24 23,1,4
2011/12/25 00,1,0
2011/12/25 01,1,1
2011/12/25 03,1,9
2011/12/25 04,2,14
2011/12/25 05,2,4
2011/12/25 06,1,3
2011/12/25 21,1,3
2011/12/25 22,1,3
2011/12/25 23,1,7
2011/12/26 01,2,18
2011/12/26 02,2,21
2011/12/26 03,2,14
2011/12/26 04,3,17
2011/12/26 05,2,84
2011/12/26 06,2,33
2011/12/26 07,1,8
2011/12/26 08,2,9
2011/12/26 09,2,8
2011/12/26 10,1,0
2011/12/26 11,1,4
2011/12/26 12,1,1
2011/12/26 13,1,2
2011/12/26 14,1,2
2011/12/26 22,1,1
2011/12/27 01,1,6
2011/12/27 02,3,72
2011/12/27 03,4,59
2011/12/27 04,5,91
2011/12/27 05,4,75
2011/12/27 06,4,93
2011/12/27 07,3,72
2011/12/27 08,1,0
2011/12/27 09,1,1
2011/12/27 10,1,1
2011/12/27 14,1,2
2011/12/27 15,1,2
2011/12/27 20,1,9
2011/12/27 21,3,11
2011/12/27 22,2,11
2011/12/27 23,1,8
2011/12/28 00,1,3
2011/12/28 01,2,8
2011/12/28 02,2,14
2011/12/28 03,2,22
2011/12/28 04,1,6
2011/12/28 18,1,54
2011/12/28 19,1,54
2011/12/28 20,1,73
2011/12/28 21,1,1
2011/12/28 22,1,9
2011/12/28 23,1,8
2011/12/29 00,2,16
2011/12/29 01,2,16
2011/12/29 02,5,242
2011/12/29 03,4,126
2011/12/29 04,4,265
2011/12/29 05,3,160
2011/12/29 06,4,127
2011/12/29 07,2,9
2011/12/29 08,1,6
2011/12/29 09,1,7
2011/12/29 10,2,30
2011/12/29 11,1,28
2011/12/29 12,1,20
2011/12/29 13,1,26
2011/12/29 14,1,25
2011/12/29 19,1,6
2011/12/29 20,2,11
2011/12/29 21,3,14
2011/12/29 22,3,12
2011/12/29 23,1,11
2011/12/30 02,1,9
2011/12/30 03,1,10
2011/12/30 04,1,14
2011/12/30 05,2,15
2011/12/30 06,1,11
2011/12/30 07,1,11
2011/12/31 07,1,15
2011/12/31 08,2,19
2011/12/31 09,1,6
2011/12/31 17,1,2
2011/12/31 18,1,4
2011/12/31 19,1,3
2011/12/31 20,2,6
2011/12/31 21,2,7
2011/12/31 22,2,12
2011/12/31 23,2,12
2012/01/01 00,2,5
2012/01/01 01,1,1
2012/01/01 02,1,14
2012/01/01 03,1,14
2012/01/01 06,1,6
2012/01/01 07,1,7
2012/01/01 08,1,7
2012/01/01 09,1,13
2012/01/01 10,1,11
2012/01/01 12,1,6
2012/01/01 13,1,6
2012/01/01 16,1,1
2012/01/01 17,1,2
2012/01/01 22,1,4
2012/01/01 23,2,10
2012/01/02 00,2,47
2012/01/02 01,3,52
2012/01/02 02,3,45
2012/01/02 03,1,27
2012/01/02 04,1,4
2012/01/02 05,2,14
2012/01/02 06,2,32
2012/01/02 07,1,28
2012/01/02 08,1,21
2012/01/02 09,1,19
2012/01/02 10,1,20
2012/01/02 11,1,17
2012/01/02 16,1,4
2012/01/02 17,1,3
2012/01/02 19,1,1
2012/01/02 20,3,53
2012/01/02 21,2,96
2012/01/02 22,1,115
2012/01/02 23,2,115
2012/01/03 00,2,97
2012/01/03 01,3,99
2012/01/03 02,3,80
2012/01/03 03,2,9
2012/01/04 00,1,2
2012/01/04 01,2,5
2012/01/04 02,2,4
2012/01/04 03,2,5
2012/01/04 04,1,0
2012/01/04 21,2,201
2012/01/04 22,2,71
2012/01/04 23,2,52
2012/01/05 00,1,10
2012/01/05 04,2,4
2012/01/05 05,2,5
2012/01/05 06,2,8
2012/01/05 07,2,4
2012/01/05 08,1,13
2012/01/05 09,1,5
2012/01/05 10,1,7
2012/01/05 11,1,8
2012/01/05 12,1,9
2012/01/05 13,1,5
2012/01/05 14,1,9
2012/01/05 15,1,11
2012/01/05 16,1,11
2012/01/06 01,1,1
2012/01/06 03,1,4
2012/01/06 04,2,8
2012/01/06 05,1,5
2012/01/06 06,1,4
2012/01/06 07,3,16
2012/01/06 08,3,15
2012/01/06 09,2,11
2012/01/06 15,1,3
2012/01/06 16,1,2
2012/01/06 20,1,0
2012/01/06 22,1,0
2012/01/07 06,1,2
2012/01/07 07,1,7
2012/01/07 08,1,6
2012/01/07 09,1,6
2012/01/07 14,1,445
2012/01/07 15,1,677
2012/01/07 16,1,1098
2012/01/07 17,1,1707
2012/01/07 18,1,2488
2012/01/07 19,1,3088
2012/01/07 20,1,3892
2012/01/07 21,1,4032
2012/01/07 22,1,4187
2012/01/07 23,1,3979
2012/01/08 00,1,4239
2012/01/08 01,3,3713
2012/01/08 02,3,4100
2012/01/08 03,4,3555
2012/01/08 04,1,4324
2012/01/08 05,2,3704
2012/01/08 06,1,2967
2012/01/08 07,2,2513
2012/01/08 08,1,6
2012/01/08 09,1,6
2012/01/08 10,1,5
2012/01/08 11,1,9
2012/01/08 12,1,5
2012/01/08 14,1,372
2012/01/08 15,1,805
2012/01/08 16,1,1268
2012/01/08 17,1,2060
2012/01/08 18,1,2849
2012/01/08 19,1,3482
2012/01/08 20,1,4009
2012/01/09 01,1,1
2012/01/09 02,1,1
2012/01/09 03,2,1
2012/01/09 04,2,21
2012/01/09 05,3,30
2012/01/09 06,2,64
2012/01/09 07,1,1
2012/01/09 08,1,5
2012/01/09 09,1,3
2012/01/09 10,1,4
