2011/09/30 22,9,95
2011/09/30 23,16,161
2011/10/01 00,14,90
2011/10/01 01,12,131
2011/10/01 02,8,120
2011/10/01 03,8,148
2011/10/01 04,6,126
2011/10/01 05,5,114
2011/10/01 06,7,128
2011/10/01 07,4,35
2011/10/01 08,4,35
2011/10/01 09,3,5
2011/10/01 10,2,23
2011/10/01 11,2,73
2011/10/01 12,3,77
2011/10/01 13,3,42
2011/10/01 14,4,230
2011/10/01 15,4,143
2011/10/01 16,6,86
2011/10/01 17,14,98
2011/10/01 18,14,151
2011/10/01 19,12,215
2011/10/01 20,13,172
2011/10/01 21,11,98
2011/10/01 22,11,502
2011/10/01 23,9,465
2011/10/02 00,16,156
2011/10/02 01,12,455
2011/10/02 02,11,437
2011/10/02 03,11,441
2011/10/02 04,9,390
2011/10/02 05,7,354
2011/10/02 06,5,303
2011/10/02 07,3,41
2011/10/02 08,2,47
2011/10/02 09,3,50
2011/10/02 10,7,70
2011/10/02 11,5,86
2011/10/02 12,4,144
2011/10/02 13,5,165
2011/10/02 14,5,124
2011/10/02 15,5,123
2011/10/02 16,3,153
2011/10/02 17,3,90
2011/10/02 18,4,43
2011/10/02 19,8,302
2011/10/02 20,11,716
2011/10/02 21,10,291
2011/10/02 22,8,221
2011/10/02 23,9,143
2011/10/03 00,10,146
2011/10/03 01,10,219
2011/10/03 02,9,198
2011/10/03 03,6,176
2011/10/03 04,6,52
2011/10/03 05,4,19
2011/10/03 06,4,170
2011/10/03 07,4,166
2011/10/03 08,2,100
2011/10/03 09,5,88
2011/10/03 10,6,31
2011/10/03 11,4,33
2011/10/03 12,4,29
2011/10/03 13,4,38
2011/10/03 14,5,43
2011/10/03 15,5,78
2011/10/03 16,2,88
2011/10/03 17,6,106
2011/10/03 18,7,23
2011/10/03 19,8,90
2011/10/03 20,7,131
2011/10/03 21,6,115
2011/10/03 22,9,135
2011/10/03 23,11,207
2011/10/04 00,10,206
2011/10/04 01,10,386
2011/10/04 02,10,415
2011/10/04 03,5,333
2011/10/04 04,7,139
2011/10/04 05,5,49
2011/10/04 06,2,5
2011/10/04 07,4,6
2011/10/04 08,4,7
2011/10/04 09,4,110
2011/10/04 10,1,7
2011/10/04 11,2,18
2011/10/04 12,2,20
2011/10/04 13,1,7
2011/10/04 15,2,13
2011/10/04 16,4,37
2011/10/04 17,2,4
2011/10/04 18,7,49
2011/10/04 19,6,200
2011/10/04 20,5,219
2011/10/04 21,8,75
2011/10/04 22,8,84
2011/10/04 23,8,37
2011/10/05 00,11,74
2011/10/05 01,13,134
2011/10/05 02,12,289
2011/10/05 03,6,49
2011/10/05 04,9,217
2011/10/05 05,7,156
2011/10/05 06,4,125
2011/10/05 07,6,121
2011/10/05 08,4,97
2011/10/05 09,3,89
2011/10/05 10,3,87
2011/10/05 11,3,101
2011/10/05 12,3,105
2011/10/05 13,6,129
2011/10/05 14,6,156
2011/10/05 15,6,140
2011/10/05 16,3,18
2011/10/05 17,7,54
2011/10/05 18,6,143
2011/10/05 19,6,200
2011/10/05 20,5,24
2011/10/05 21,4,23
2011/10/05 22,10,66
2011/10/05 23,16,212
2011/10/06 00,11,158
2011/10/06 01,7,362
2011/10/06 02,7,768
2011/10/06 03,8,834
2011/10/06 04,8,212
2011/10/06 05,6,180
2011/10/06 06,6,158
2011/10/06 07,7,142
2011/10/06 08,4,133
2011/10/06 09,4,142
2011/10/06 10,3,87
2011/10/06 11,6,134
2011/10/06 12,6,152
2011/10/06 13,8,167
2011/10/06 14,9,240
2011/10/06 15,6,211
2011/10/06 16,8,241
2011/10/06 17,7,246
2011/10/06 18,7,289
2011/10/06 19,8,241
2011/10/06 20,8,254
2011/10/06 21,7,108
2011/10/06 22,11,79
2011/10/06 23,8,82
2011/10/07 00,7,82
2011/10/07 01,6,383
2011/10/07 02,4,68
2011/10/07 03,3,22
2011/10/07 04,1,11
2011/10/07 05,4,57
2011/10/07 06,6,131
2011/10/07 07,4,104
2011/10/07 08,5,5
2011/10/07 09,4,8
2011/10/07 10,4,13
2011/10/07 11,2,10
2011/10/07 12,1,3
2011/10/07 13,6,34
2011/10/07 14,5,66
2011/10/07 15,9,137
2011/10/07 16,10,94
2011/10/07 17,10,80
2011/10/07 18,11,122
2011/10/07 19,12,143
2011/10/07 20,10,141
2011/10/07 21,15,110
2011/10/07 22,11,80
2011/10/07 23,7,56
2011/10/08 00,11,104
2011/10/08 01,18,203
2011/10/08 02,17,203
2011/10/08 03,11,119
2011/10/08 04,7,120
2011/10/08 05,4,118
2011/10/08 06,4,101
2011/10/08 07,4,36
2011/10/08 08,3,11
2011/10/08 09,1,0
2011/10/08 10,2,2
2011/10/08 11,5,14
2011/10/08 12,9,31
2011/10/08 13,8,39
2011/10/08 14,9,82
2011/10/08 15,10,83
2011/10/08 16,7,31
2011/10/08 17,8,28
2011/10/08 18,7,57
2011/10/08 19,12,88
2011/10/08 20,15,72
2011/10/08 21,13,134
2011/10/08 22,15,146
2011/10/08 23,9,255
2011/10/09 00,8,260
2011/10/09 01,6,255
2011/10/09 02,7,508
2011/10/09 03,6,598
2011/10/09 04,7,549
2011/10/09 05,4,290
2011/10/09 06,2,130
2011/10/09 07,3,5
2011/10/09 08,3,12
2011/10/09 09,2,22
2011/10/09 10,4,73
2011/10/09 11,6,66
2011/10/09 12,4,20
2011/10/09 13,4,18
2011/10/09 14,7,234
2011/10/09 15,15,315
2011/10/09 16,9,206
2011/10/09 17,11,237
2011/10/09 18,8,90
2011/10/09 19,7,50
2011/10/09 20,12,132
2011/10/09 21,12,155
2011/10/09 22,10,129
2011/10/09 23,8,172
2011/10/10 00,8,133
2011/10/10 01,12,145
2011/10/10 02,7,121
2011/10/10 03,7,246
2011/10/10 04,5,120
2011/10/10 05,5,124
2011/10/10 06,3,132
2011/10/10 07,4,90
2011/10/10 08,1,29
2011/10/10 09,1,25
2011/10/10 10,2,7
2011/10/10 11,2,16
2011/10/10 12,4,47
2011/10/10 13,8,58
2011/10/10 14,10,98
2011/10/10 15,16,130
2011/10/10 16,13,81
2011/10/10 17,7,54
2011/10/10 21,10,180
2011/10/10 22,7,275
2011/10/10 23,9,315
2011/10/11 00,9,177
2011/10/11 01,10,335
2011/10/11 02,5,325
2011/10/11 03,10,363
2011/10/11 04,7,155
2011/10/11 05,4,199
2011/10/11 06,4,174
2011/10/11 07,4,176
2011/10/11 08,3,178
2011/10/11 09,2,192
2011/10/11 10,3,114
2011/10/11 11,5,97
2011/10/11 12,4,108
2011/10/11 13,7,195
2011/10/11 14,5,235
2011/10/11 15,3,178
2011/10/11 16,3,147
2011/10/11 17,4,179
2011/10/11 18,6,200
2011/10/11 19,6,350
2011/10/11 20,11,576
2011/10/11 21,8,242
2011/10/11 22,6,256
2011/10/11 23,4,79
2011/10/12 00,5,73
2011/10/12 01,7,68
2011/10/12 02,8,98
2011/10/12 03,7,102
2011/10/12 04,5,102
2011/10/12 05,3,73
2011/10/12 06,1,27
2011/10/12 07,1,1
2011/10/12 08,2,21
2011/10/12 09,2,32
2011/10/12 10,3,7
2011/10/12 11,2,6
2011/10/12 12,2,8
2011/10/12 13,2,16
2011/10/12 14,2,16
2011/10/12 15,6,36
2011/10/12 16,5,33
2011/10/12 17,5,42
2011/10/12 18,9,2886
2011/10/12 19,11,3956
2011/10/12 20,15,4296
2011/10/12 21,10,412
2011/10/12 22,8,78
2011/10/12 23,11,69
2011/10/13 00,9,99
2011/10/13 01,9,450
2011/10/13 02,11,521
2011/10/13 03,10,161
2011/10/13 04,9,146
2011/10/13 05,7,186
2011/10/13 06,3,129
2011/10/13 07,4,70
2011/10/13 08,4,64
2011/10/13 09,4,59
2011/10/13 10,2,32
2011/10/13 11,3,29
2011/10/13 12,2,8
2011/10/13 13,1,4
2011/10/13 14,1,7
2011/10/13 15,4,17
2011/10/13 16,5,24
2011/10/13 17,4,40
2011/10/13 18,9,68
2011/10/13 19,6,121
2011/10/13 20,8,142
2011/10/13 21,7,483
2011/10/13 22,3,186
2011/10/13 23,9,49
2011/10/14 00,9,78
2011/10/14 01,9,129
2011/10/14 02,10,398
2011/10/14 03,8,201
2011/10/14 04,10,126
2011/10/14 05,8,165
2011/10/14 06,7,99
2011/10/14 07,4,56
2011/10/14 08,2,53
2011/10/14 09,2,42
2011/10/14 10,2,12
2011/10/14 11,4,21
2011/10/14 12,6,31
2011/10/14 13,6,41
2011/10/14 14,6,47
2011/10/14 15,9,40
2011/10/14 16,8,57
2011/10/14 17,8,63
2011/10/14 18,7,83
2011/10/14 19,9,169
2011/10/14 20,14,270
2011/10/14 21,19,414
2011/10/14 22,18,360
2011/10/14 23,15,136
2011/10/15 00,15,283
2011/10/15 01,14,311
2011/10/15 02,16,303
2011/10/15 03,12,262
2011/10/15 04,8,217
2011/10/15 05,7,231
2011/10/15 06,7,191
2011/10/15 07,5,33
2011/10/15 08,3,32
2011/10/15 09,3,138
2011/10/15 10,6,134
2011/10/15 11,6,108
2011/10/15 12,9,114
2011/10/15 13,10,621
2011/10/15 14,10,675
2011/10/15 15,12,736
2011/10/15 16,13,685
2011/10/15 17,13,519
2011/10/15 18,13,683
2011/10/15 19,11,508
2011/10/15 20,17,567
2011/10/15 21,18,928
2011/10/15 22,18,903
2011/10/15 23,16,877
2011/10/16 00,15,458
2011/10/16 01,16,1080
2011/10/16 02,14,984
2011/10/16 03,14,525
2011/10/16 04,13,95
2011/10/16 05,9,88
2011/10/16 06,10,85
2011/10/16 07,7,61
2011/10/16 08,7,167
2011/10/16 09,4,111
2011/10/16 10,1,14
2011/10/16 11,2,21
2011/10/16 12,4,22
2011/10/16 13,5,40
2011/10/16 14,5,43
2011/10/16 15,6,36
2011/10/16 16,6,49
2011/10/16 17,11,331
2011/10/16 18,13,431
2011/10/16 19,11,883
2011/10/16 20,7,892
2011/10/16 21,7,386
2011/10/16 22,9,194
2011/10/16 23,6,61
2011/10/17 00,4,57
2011/10/17 01,6,69
2011/10/17 02,5,85
2011/10/17 03,4,70
2011/10/17 04,3,25
2011/10/17 05,5,80
2011/10/17 06,3,76
2011/10/17 07,2,8
2011/10/17 08,2,16
2011/10/17 09,2,14
2011/10/17 10,1,4
2011/10/17 11,1,9
2011/10/17 12,2,13
2011/10/17 13,3,20
2011/10/17 14,2,20
2011/10/17 15,4,22
2011/10/17 16,10,43
2011/10/17 17,9,70
2011/10/17 18,10,37
2011/10/17 19,9,44
2011/10/17 20,7,43
2011/10/17 21,6,48
2011/10/17 22,8,35
2011/10/17 23,10,196
2011/10/18 00,14,221
2011/10/18 01,13,362
2011/10/18 02,12,433
2011/10/18 03,5,242
2011/10/18 04,4,80
2011/10/18 05,7,109
2011/10/18 06,5,33
2011/10/18 07,3,32
2011/10/18 08,5,99
2011/10/18 09,3,116
2011/10/18 10,5,99
2011/10/18 11,2,7
2011/10/18 12,3,15
2011/10/18 13,5,27
2011/10/18 14,3,42
2011/10/18 15,5,78
2011/10/18 16,8,53
2011/10/18 17,10,39
2011/10/18 18,8,39
2011/10/18 19,8,335
2011/10/18 20,4,211
2011/10/18 21,5,319
2011/10/18 22,4,375
2011/10/18 23,10,388
2011/10/19 00,12,118
2011/10/19 01,9,97
2011/10/19 02,10,116
2011/10/19 03,5,54
2011/10/19 04,13,141
2011/10/19 05,7,54
2011/10/19 06,6,105
2011/10/19 07,5,98
2011/10/19 08,4,59
2011/10/19 09,1,8
2011/10/19 10,3,13
2011/10/19 11,3,18
2011/10/19 12,2,8
2011/10/19 13,4,11
2011/10/19 14,2,53
2011/10/19 15,3,12
2011/10/19 16,5,49
2011/10/19 17,8,94
2011/10/19 18,10,60
2011/10/19 19,9,209
2011/10/19 20,8,285
2011/10/19 21,7,101
2011/10/19 22,7,81
2011/10/19 23,9,67
2011/10/20 00,13,463
2011/10/20 01,13,478
2011/10/20 02,11,144
2011/10/20 03,11,298
2011/10/20 04,12,320
2011/10/20 05,9,242
2011/10/20 06,12,240
2011/10/20 07,8,48
2011/10/20 08,5,34
2011/10/20 09,5,13
2011/10/20 10,4,9
2011/10/20 13,1,3
2011/10/20 14,4,41
2011/10/20 15,3,25
2011/10/20 16,4,27
2011/10/20 17,5,37
2011/10/20 18,7,96
2011/10/20 19,8,114
2011/10/20 20,8,86
2011/10/20 21,8,42
2011/10/20 22,6,82
2011/10/20 23,13,107
2011/10/21 00,17,132
2011/10/21 01,10,84
2011/10/21 02,7,93
2011/10/21 03,10,191
2011/10/21 04,10,232
2011/10/21 05,4,203
2011/10/21 06,7,106
2011/10/21 07,5,81
2011/10/21 08,7,126
2011/10/21 09,2,111
2011/10/21 10,2,1
2011/10/21 11,1,2
2011/10/21 12,1,4
2011/10/21 13,1,13
2011/10/21 14,1,4
2011/10/21 15,6,23
2011/10/21 16,8,39
2011/10/21 17,9,84
2011/10/21 18,9,87
2011/10/21 19,11,100
2011/10/21 20,10,71
2011/10/21 21,7,126
2011/10/21 22,12,163
2011/10/21 23,9,116
2011/10/22 00,11,93
2011/10/22 01,11,69
2011/10/22 02,10,93
2011/10/22 03,9,85
2011/10/22 04,5,50
2011/10/22 05,5,68
2011/10/22 06,5,67
2011/10/22 07,3,19
2011/10/22 08,4,16
2011/10/22 09,2,8
2011/10/22 10,4,23
2011/10/22 11,3,13
2011/10/22 13,4,14
2011/10/22 14,4,32
2011/10/22 15,5,56
2011/10/22 16,4,36
2011/10/22 17,8,54
2011/10/22 18,8,69
2011/10/22 19,9,423
2011/10/22 20,10,508
2011/10/22 21,9,528
2011/10/22 22,13,179
2011/10/22 23,14,205
2011/10/23 00,12,185
2011/10/23 01,6,172
2011/10/23 02,6,187
2011/10/23 03,7,183
2011/10/23 04,11,491
2011/10/23 05,8,381
2011/10/23 06,10,114
2011/10/23 07,5,51
2011/10/23 08,6,43
2011/10/23 09,2,11
2011/10/23 10,2,7
2011/10/23 11,2,5
2011/10/23 12,2,5
2011/10/23 13,4,12
2011/10/23 14,3,24
2011/10/23 15,5,34
2011/10/23 16,4,35
2011/10/23 17,10,265
2011/10/23 18,15,348
2011/10/23 19,15,603
2011/10/23 20,10,532
2011/10/23 21,8,121
2011/10/23 22,10,107
2011/10/23 23,9,111
2011/10/24 00,9,139
2011/10/24 01,7,131
2011/10/24 02,5,121
2011/10/24 03,8,121
2011/10/24 04,5,54
2011/10/24 05,7,84
2011/10/24 06,5,78
2011/10/24 07,4,33
2011/10/24 08,4,22
2011/10/24 09,3,15
2011/10/24 10,3,20
2011/10/24 11,3,14
2011/10/24 12,4,10
2011/10/24 13,5,18
2011/10/24 14,7,32
2011/10/24 15,9,42
2011/10/24 16,9,64
2011/10/24 17,8,71
2011/10/24 18,9,93
2011/10/24 19,8,48
2011/10/24 20,8,37
2011/10/24 21,7,43
2011/10/24 22,5,44
2011/10/24 23,8,185
2011/10/25 00,10,236
2011/10/25 01,9,274
2011/10/25 02,8,377
2011/10/25 03,12,245
2011/10/25 04,11,86
2011/10/25 05,6,65
2011/10/25 06,5,29
2011/10/25 07,3,13
2011/10/25 10,1,5
2011/10/25 11,3,11
2011/10/25 12,5,15
2011/10/25 13,6,27
2011/10/25 14,4,24
2011/10/25 15,3,25
2011/10/25 16,4,22
2011/10/25 17,3,18
2011/10/25 18,9,149
2011/10/25 19,11,169
2011/10/25 20,5,43
2011/10/25 21,10,49
2011/10/25 22,11,110
2011/10/25 23,6,31
2011/10/26 00,9,51
2011/10/26 01,14,453
2011/10/26 02,13,410
2011/10/26 03,8,346
2011/10/26 04,9,314
2011/10/26 05,5,240
2011/10/26 06,4,139
2011/10/26 07,3,5
2011/10/26 08,4,14
2011/10/26 09,3,13
2011/10/26 10,2,13
2011/10/26 11,3,13
2011/10/26 12,3,18
2011/10/26 13,2,17
2011/10/26 14,2,7
2011/10/26 15,2,11
2011/10/26 16,5,28
2011/10/26 17,7,34
2011/10/26 18,7,59
2011/10/26 19,7,254
2011/10/26 20,9,382
2011/10/26 21,9,117
2011/10/26 22,8,148
2011/10/26 23,10,157
2011/10/27 00,7,122
2011/10/27 01,9,126
2011/10/27 02,10,76
2011/10/27 03,7,64
2011/10/27 04,3,17
2011/10/27 05,3,15
2011/10/27 06,2,15
2011/10/27 07,2,17
2011/10/27 08,1,5
2011/10/27 09,3,12
2011/10/27 10,6,18
2011/10/27 11,7,28
2011/10/27 12,5,28
2011/10/27 13,3,18
2011/10/27 14,3,23
2011/10/27 15,4,21
2011/10/27 16,5,35
2011/10/27 17,3,32
2011/10/27 18,3,33
2011/10/27 19,2,28
2011/10/27 20,5,68
2011/10/27 21,9,86
2011/10/27 22,7,77
2011/10/27 23,8,110
2011/10/28 00,10,81
2011/10/28 01,10,78
2011/10/28 02,11,112
2011/10/28 03,12,208
2011/10/28 04,8,212
2011/10/28 05,3,162
2011/10/28 06,2,54
2011/10/28 07,3,9
2011/10/28 08,4,45
2011/10/28 09,2,41
2011/10/28 10,3,50
2011/10/28 11,3,62
2011/10/28 12,3,54
2011/10/28 13,6,70
2011/10/28 14,6,36
2011/10/28 15,7,50
2011/10/28 16,6,55
2011/10/28 17,5,47
2011/10/28 18,6,25
2011/10/28 19,7,34
2011/10/28 20,12,58
2011/10/28 21,10,61
2011/10/28 22,10,64
2011/10/28 23,13,468
2011/10/29 00,7,453
2011/10/29 01,9,141
2011/10/29 02,12,302
2011/10/29 03,10,279
2011/10/29 04,10,476
2011/10/29 05,11,397
2011/10/29 06,9,89
2011/10/29 07,6,78
2011/10/29 08,4,51
2011/10/29 09,3,10
2011/10/29 10,3,19
2011/10/29 11,5,34
2011/10/29 12,7,34
2011/10/29 13,5,39
2011/10/29 14,4,43
2011/10/29 15,5,46
2011/10/29 16,7,81
2011/10/29 17,12,106
2011/10/29 18,12,99
2011/10/29 19,13,112
2011/10/29 20,10,100
2011/10/29 21,13,410
2011/10/29 22,12,438
2011/10/29 23,14,100
2011/10/30 00,14,99
2011/10/30 01,13,112
2011/10/30 02,7,869
2011/10/30 03,8,829
2011/10/30 04,10,844
2011/10/30 05,10,718
2011/10/30 06,5,605
2011/10/30 07,3,7
2011/10/30 08,2,10
2011/10/30 09,2,13
2011/10/30 10,2,16
2011/10/30 11,3,4
2011/10/30 12,4,5
2011/10/30 13,1,15
2011/10/30 14,2,21
2011/10/30 15,5,29
2011/10/30 16,8,55
2011/10/30 17,10,214
2011/10/30 18,8,262
2011/10/30 19,12,325
2011/10/30 20,5,353
2011/10/30 21,10,383
2011/10/30 22,8,374
2011/10/30 23,7,390
2011/10/31 00,11,251
2011/10/31 01,10,233
2011/10/31 02,10,193
2011/10/31 03,7,152
2011/10/31 04,4,25
2011/10/31 05,2,16
2011/10/31 06,3,15
2011/10/31 07,1,7
2011/10/31 08,3,11
2011/10/31 09,2,6
2011/10/31 11,1,1
2011/10/31 12,3,75
2011/10/31 13,4,116
2011/10/31 14,4,185
2011/10/31 15,7,401
2011/10/31 16,9,278
2011/10/31 17,8,161
2011/10/31 18,10,246
2011/10/31 19,11,267
2011/10/31 20,10,192
2011/10/31 21,12,226
2011/10/31 22,7,107
2011/10/31 23,10,139
2011/11/01 00,10,143
2011/11/01 01,10,152
2011/11/01 02,10,276
2011/11/01 03,15,754
2011/11/01 04,8,603
2011/11/01 05,6,516
2011/11/01 06,2,23
2011/11/01 07,3,16
2011/11/01 08,3,28
2011/11/01 09,2,30
2011/11/01 10,2,26
2011/11/01 11,2,33
2011/11/01 12,2,4
2011/11/01 13,1,1
2011/11/01 14,2,15
2011/11/01 15,7,33
2011/11/01 16,6,30
2011/11/03 15,4,73
2011/11/03 16,6,160
2011/11/03 17,7,121
2011/11/03 18,6,133
2011/11/03 19,9,112
2011/11/03 20,7,297
2011/11/03 21,13,708
2011/11/03 22,12,461
2011/11/03 23,14,473
2011/11/04 00,11,185
2011/11/04 01,11,100
2011/11/04 02,14,119
2011/11/04 03,15,176
2011/11/04 04,11,228
2011/11/04 05,10,127
2011/11/04 06,6,51
2011/11/04 07,4,48
2011/11/04 08,2,26
2011/11/04 09,1,0
2011/11/04 10,1,2
2011/11/04 11,2,3
2011/11/04 12,4,20
2011/11/04 13,5,41
2011/11/04 14,4,31
2011/11/04 15,3,30
2011/11/04 16,3,17
2011/11/04 17,3,28
2011/11/04 18,8,54
2011/11/04 19,10,76
2011/11/04 20,12,159
2011/11/04 21,11,146
2011/11/04 22,10,124
2011/11/04 23,9,117
2011/11/05 00,12,126
2011/11/05 01,11,105
2011/11/05 02,19,133
2011/11/05 03,22,156
2011/11/05 04,13,109
2011/11/05 05,7,52
2011/11/05 06,9,89
2011/11/05 07,8,93
2011/11/05 08,6,81
2011/11/05 09,4,73
2011/11/05 10,4,79
2011/11/05 11,3,58
2011/11/05 12,4,49
2011/11/05 13,4,71
2011/11/05 14,6,53
2011/11/05 15,6,60
2011/11/05 16,11,138
2011/11/05 17,9,174
2011/11/05 18,6,136
2011/11/05 19,7,168
2011/11/05 20,7,162
2011/11/05 21,11,203
2011/11/05 22,9,77
2011/11/05 23,11,331
2011/11/06 00,15,457
2011/11/06 01,11,418
2011/11/06 02,12,365
2011/11/06 03,11,178
2011/11/06 04,8,64
2011/11/06 05,12,86
2011/11/06 06,9,55
2011/11/06 07,9,57
2011/11/06 08,4,47
2011/11/06 09,2,13
2011/11/06 11,1,2
2011/11/06 12,3,7
2011/11/06 13,1,6
2011/11/06 14,2,9
2011/11/06 15,5,12
2011/11/06 16,3,18
2011/11/06 17,4,33
2011/11/06 18,7,50
2011/11/06 19,7,62
2011/11/06 20,5,60
2011/11/06 21,13,324
2011/11/06 22,11,497
2011/11/06 23,12,738
2011/11/07 00,13,217
2011/11/07 01,11,206
2011/11/07 02,15,686
2011/11/07 03,11,559
2011/11/07 04,9,115
2011/11/07 05,7,149
2011/11/07 06,5,110
2011/11/07 07,4,45
2011/11/07 08,3,17
2011/11/07 09,2,15
2011/11/07 10,3,27
2011/11/07 11,2,28
2011/11/07 12,3,8
2011/11/07 13,4,16
2011/11/07 14,4,24
2011/11/07 15,3,16
2011/11/07 16,3,91
2011/11/07 17,5,14
2011/11/07 18,2,9
2011/11/07 19,4,13
2011/11/07 20,8,37
2011/11/07 21,7,45
2011/11/07 22,6,105
2011/11/07 23,5,82
2011/11/08 00,6,103
2011/11/08 01,7,209
2011/11/08 02,10,261
2011/11/08 03,12,245
2011/11/08 04,15,353
2011/11/08 05,15,340
2011/11/08 06,9,204
2011/11/08 07,6,94
2011/11/08 08,6,143
2011/11/08 09,4,119
2011/11/08 10,6,70
2011/11/08 11,6,12
2011/11/08 12,3,7
2011/11/08 13,5,9
2011/11/08 14,3,10
2011/11/08 15,2,1
2011/11/08 16,4,12
2011/11/08 17,5,23
2011/11/08 18,6,35
2011/11/08 19,8,47
2011/11/08 20,6,22
2011/11/08 21,10,34
2011/11/08 22,7,33
2011/11/08 23,5,23
2011/11/09 00,4,31
2011/11/09 01,5,44
2011/11/09 02,8,80
2011/11/09 03,8,77
2011/11/09 04,5,62
2011/11/09 05,6,79
2011/11/09 06,6,226
2011/11/09 07,3,47
2011/11/09 08,5,59
2011/11/09 09,4,37
2011/11/09 10,3,26
2011/11/09 11,3,29
2011/11/09 12,5,51
2011/11/09 13,5,27
2011/11/09 14,4,8
2011/11/09 15,4,8
2011/11/09 16,5,32
2011/11/09 17,4,24
2011/11/09 18,3,3
2011/11/09 19,5,16
2011/11/09 20,4,23
2011/11/09 21,3,22
2011/11/09 22,6,78
2011/11/09 23,8,144
2011/11/10 00,9,130
2011/11/10 01,8,138
2011/11/10 02,14,205
2011/11/10 03,10,108
2011/11/10 04,14,149
2011/11/10 05,10,96
2011/11/10 06,10,207
2011/11/10 07,8,276
2011/11/10 08,7,260
2011/11/10 09,1,0
2011/11/10 10,3,8
2011/11/10 11,2,12
2011/11/10 12,3,29
2011/11/10 13,2,39
2011/11/10 14,2,61
2011/11/10 15,4,3
2011/11/10 16,5,9
2011/11/10 17,5,30
2011/11/10 18,7,49
2011/11/10 19,5,51
2011/11/10 20,3,22
2011/11/10 21,4,20
2011/11/10 22,4,25
2011/11/10 23,5,75
2011/11/11 00,4,101
2011/11/11 01,5,497
2011/11/11 02,5,461
2011/11/11 03,6,460
2011/11/11 04,6,51
2011/11/11 05,7,82
2011/11/11 06,9,166
2011/11/11 07,6,220
2011/11/11 08,6,19
2011/11/11 09,3,7
2011/11/11 10,3,10
2011/11/11 11,2,32
2011/11/11 12,3,37
2011/11/11 13,2,36
2011/11/11 15,1,0
2011/11/11 16,3,9
2011/11/11 17,2,7
2011/11/11 18,6,93
2011/11/11 19,5,109
2011/11/11 20,6,132
2011/11/11 21,10,63
2011/11/11 22,7,51
2011/11/11 23,5,45
2011/11/12 00,6,32
2011/11/12 01,7,42
2011/11/12 02,9,62
2011/11/12 03,7,64
2011/11/12 04,5,36
2011/11/12 05,5,31
2011/11/12 06,6,34
2011/11/12 07,3,53
2011/11/12 08,3,61
2011/11/12 09,2,37
2011/11/12 10,2,41
2011/11/12 11,1,17
2011/11/12 12,1,4
2011/11/12 13,1,4
2011/11/12 14,3,11
2011/11/12 15,2,14
2011/11/12 16,4,19
2011/11/12 17,2,15
2011/11/12 18,4,25
2011/11/12 19,4,22
2011/11/12 20,6,15
2011/11/12 21,11,40
2011/11/12 22,5,44
2011/11/12 23,3,19
2011/11/13 00,5,121
2011/11/13 01,5,125
2011/11/13 02,6,110
2011/11/13 03,7,129
2011/11/13 04,8,97
2011/11/13 05,9,113
2011/11/13 06,5,48
2011/11/13 07,2,22
2011/11/13 08,3,22
2011/11/13 12,2,9
2011/11/13 13,2,23
2011/11/13 14,1,7
2011/11/13 15,3,31
2011/11/13 16,8,53
2011/11/13 17,7,88
2011/11/13 18,6,31
2011/11/13 19,6,26
2011/11/13 20,6,58
2011/11/13 21,5,116
2011/11/13 22,6,214
2011/11/13 23,8,120
2011/11/14 00,9,103
2011/11/14 01,7,117
2011/11/14 02,8,110
2011/11/14 03,9,106
2011/11/14 04,6,85
2011/11/14 05,6,59
2011/11/14 06,4,54
2011/11/14 07,3,45
2011/11/14 08,3,39
2011/11/14 09,2,10
2011/11/14 10,4,31
2011/11/14 11,4,32
2011/11/14 12,4,18
2011/11/14 13,5,16
2011/11/14 14,3,10
2011/11/14 15,2,7
2011/11/14 17,1,1
2011/11/14 18,4,11
2011/11/14 19,4,19
2011/11/14 20,4,64
2011/11/14 21,4,37
2011/11/14 22,6,71
2011/11/14 23,8,80
2011/11/15 00,13,234
2011/11/15 01,13,228
2011/11/15 02,10,248
2011/11/15 03,9,275
2011/11/15 04,4,56
2011/11/15 05,4,79
2011/11/15 06,2,26
2011/11/15 07,1,12
2011/11/15 08,1,0
2011/11/15 09,3,7
2011/11/15 10,1,5
2011/11/15 12,4,8
2011/11/15 13,2,7
2011/11/15 14,3,25
2011/11/15 15,4,59
2011/11/15 16,4,49
2011/11/15 17,3,30
2011/11/15 18,2,21
2011/11/15 19,2,9
2011/11/15 20,4,12
2011/11/15 21,7,27
2011/11/15 22,3,15
2011/11/15 23,2,13
2011/11/16 00,6,75
2011/11/16 01,6,131
2011/11/16 02,6,125
2011/11/16 03,7,115
2011/11/16 04,11,248
2011/11/16 05,8,250
2011/11/16 06,6,157
2011/11/16 07,3,40
2011/11/16 08,4,45
2011/11/16 09,4,55
2011/11/16 10,4,60
2011/11/16 11,2,8
2011/11/16 12,4,22
2011/11/16 13,2,33
2011/11/16 14,3,35
2011/11/16 15,4,49
2011/11/16 16,3,58
2011/11/16 17,4,19
2011/11/16 18,7,25
2011/11/16 19,5,75
2011/11/16 20,5,15
2011/11/16 21,4,50
2011/11/16 22,7,206
2011/11/16 23,4,369
2011/11/17 00,7,312
2011/11/17 01,8,98
2011/11/17 02,11,99
2011/11/17 03,9,261
2011/11/17 04,8,263
2011/11/17 05,7,231
2011/11/17 06,4,26
2011/11/17 07,4,28
2011/11/17 08,3,16
2011/11/17 09,3,20
2011/11/17 10,4,71
2011/11/17 11,4,36
2011/11/17 12,3,30
2011/11/17 13,3,27
2011/11/17 14,2,23
2011/11/17 15,2,25
2011/11/17 16,5,31
2011/11/17 17,8,43
2011/11/17 18,9,58
2011/11/17 19,7,70
2011/11/17 20,8,63
2011/11/17 21,13,40
2011/11/17 22,10,42
2011/11/17 23,9,360
2011/11/18 00,9,390
2011/11/18 01,10,89
2011/11/18 02,13,249
2011/11/18 03,10,542
2011/11/18 04,12,937
2011/11/18 05,13,910
2011/11/18 06,12,835
2011/11/18 07,7,390
2011/11/18 08,5,368
2011/11/18 09,3,269
2011/11/18 10,2,15
2011/11/18 11,1,0
2011/11/18 12,1,3
2011/11/18 13,2,7
2011/11/18 14,3,10
2011/11/18 15,1,11
2011/11/18 16,4,27
2011/11/18 17,5,35
2011/11/18 18,6,49
2011/11/18 19,6,51
2011/11/18 20,8,88
2011/11/18 21,11,97
2011/11/18 22,7,86
2011/11/18 23,8,73
2011/11/19 00,7,85
2011/11/19 01,5,100
2011/11/19 02,12,426
2011/11/19 03,13,525
2011/11/19 04,18,540
2011/11/19 05,12,547
2011/11/19 06,7,599
2011/11/19 07,7,512
2011/11/19 08,7,594
2011/11/19 09,8,482
2011/11/19 10,6,42
2011/11/19 11,8,54
2011/11/19 12,3,26
2011/11/19 13,5,39
2011/11/19 14,4,46
2011/11/19 15,5,40
2011/11/19 16,6,47
2011/11/19 17,8,54
2011/11/19 18,5,48
2011/11/19 19,5,72
2011/11/19 20,6,84
2011/11/19 21,9,138
2011/11/19 22,7,123
2011/11/19 23,7,125
2011/11/20 00,11,97
2011/11/20 01,9,130
2011/11/20 02,8,110
2011/11/20 03,6,96
2011/11/20 04,8,74
2011/11/20 05,7,85
2011/11/20 06,4,16
2011/11/20 07,4,18
2011/11/20 08,3,14
2011/11/20 09,1,3
2011/11/20 10,2,5
2011/11/20 11,1,1
2011/11/20 12,2,12
2011/11/20 13,1,4
2011/11/20 14,5,17
2011/11/20 15,3,19
2011/11/20 16,6,35
2011/11/20 17,7,76
2011/11/20 18,8,83
2011/11/20 19,8,137
2011/11/20 20,13,275
2011/11/20 21,8,246
2011/11/20 22,9,177
2011/11/20 23,12,141
2011/11/21 00,11,136
2011/11/21 01,8,115
2011/11/21 02,12,645
2011/11/21 03,12,602
2011/11/21 04,12,545
2011/11/21 05,8,111
2011/11/21 06,10,101
2011/11/21 07,6,85
2011/11/21 08,3,19
2011/11/21 09,2,15
2011/11/21 10,1,9
2011/11/21 13,4,58
2011/11/21 14,2,5
2011/11/21 15,4,9
2011/11/21 16,5,65
2011/11/21 17,7,74
2011/11/21 18,10,67
2011/11/21 19,4,44
2011/11/21 20,7,56
2011/11/21 21,7,84
2011/11/21 22,4,104
2011/11/21 23,7,123
2011/11/22 00,3,58
2011/11/22 01,9,321
2011/11/22 02,9,180
2011/11/22 03,13,539
2011/11/22 04,9,194
2011/11/22 05,9,168
2011/11/22 06,3,93
2011/11/22 07,3,179
2011/11/22 08,3,60
2011/11/22 09,1,8
2011/11/22 10,2,11
2011/11/22 11,5,15
2011/11/22 12,4,23
2011/11/22 13,3,20
2011/11/22 14,5,46
2011/11/22 15,1,23
2011/11/22 16,3,25
2011/11/22 17,6,62
2011/11/22 18,4,79
2011/11/22 19,6,73
2011/11/22 20,4,91
2011/11/22 21,7,262
2011/11/22 22,6,240
2011/11/22 23,7,202
2011/11/23 00,6,88
2011/11/23 01,6,70
2011/11/23 02,7,62
2011/11/23 03,15,85
2011/11/23 04,11,398
2011/11/23 05,8,352
2011/11/23 06,2,19
2011/11/23 07,2,13
2011/11/23 08,4,16
2011/11/23 09,4,16
2011/11/23 10,2,12
2011/11/23 11,3,17
2011/11/23 12,1,9
2011/11/23 13,3,12
2011/11/23 14,2,21
2011/11/23 15,2,30
2011/11/23 16,3,46
2011/11/23 17,5,40
2011/11/23 18,5,41
2011/11/23 19,10,65
2011/11/23 20,7,47
2011/11/23 21,8,41
2011/11/23 22,9,46
2011/11/23 23,4,94
2011/11/24 00,6,88
2011/11/24 01,7,124
2011/11/24 02,14,152
2011/11/24 03,8,131
2011/11/24 04,8,265
2011/11/24 05,8,289
2011/11/24 06,12,100
2011/11/24 07,8,106
2011/11/24 08,7,100
2011/11/24 09,6,79
2011/11/24 10,4,185
2011/11/24 11,5,161
2011/11/24 12,5,123
2011/11/24 13,2,26
2011/11/24 14,3,21
2011/11/24 15,4,15
2011/11/24 16,2,19
2011/11/24 17,3,52
2011/11/24 18,3,42
2011/11/24 19,2,27
2011/11/24 20,5,37
2011/11/24 21,6,64
2011/11/24 22,5,60
2011/11/24 23,5,83
2011/11/25 00,6,104
2011/11/25 01,9,82
2011/11/25 02,9,90
2011/11/25 03,12,248
2011/11/25 04,9,184
2011/11/25 05,6,70
2011/11/25 06,7,76
2011/11/25 07,9,84
2011/11/25 08,9,75
2011/11/25 09,9,105
2011/11/25 10,6,78
2011/11/25 11,2,47
2011/11/25 12,2,28
2011/11/25 13,4,42
2011/11/25 14,4,43
2011/11/25 16,3,27
2011/11/25 17,5,23
2011/11/25 18,5,33
2011/11/25 19,4,43
2011/11/25 20,4,59
2011/11/25 21,6,77
2011/11/25 22,11,113
2011/11/25 23,12,59
2011/11/26 00,15,150
2011/11/26 01,14,184
2011/11/26 02,15,172
2011/11/26 03,9,100
2011/11/26 04,4,67
2011/11/26 05,7,63
2011/11/26 06,12,174
2011/11/26 07,9,131
2011/11/26 08,9,96
2011/11/26 09,4,49
2011/11/26 10,4,36
2011/11/26 11,4,40
2011/11/26 12,2,38
2011/11/26 13,3,18
2011/11/26 14,1,11
2011/11/26 15,2,17
2011/11/26 16,2,30
2011/11/26 17,2,20
2011/11/26 18,4,38
2011/11/26 19,8,74
2011/11/26 20,10,77
2011/11/26 21,9,63
2011/11/26 22,4,59
2011/11/26 23,7,79
2011/11/27 00,8,130
2011/11/27 01,13,167
2011/11/27 02,13,177
2011/11/27 03,11,154
2011/11/27 04,6,145
2011/11/27 05,7,131
2011/11/27 06,7,83
2011/11/27 07,6,112
2011/11/27 08,8,135
2011/11/27 09,7,121
2011/11/27 10,3,28
2011/11/27 11,2,28
2011/11/27 12,2,6
2011/11/27 13,3,17
2011/11/27 14,2,67
2011/11/27 15,2,92
2011/11/27 16,4,52
2011/11/27 17,5,56
2011/11/27 18,7,53
2011/11/27 19,8,62
2011/11/27 20,11,188
2011/11/27 21,17,304
2011/11/27 22,17,209
2011/11/27 23,24,190
2011/11/28 00,14,145
2011/11/28 01,13,477
2011/11/28 02,13,386
2011/11/28 03,9,99
2011/11/28 04,6,227
2011/11/28 05,6,83
2011/11/28 06,3,53
2011/11/28 07,1,1
2011/11/28 08,1,6
2011/11/28 09,1,10
2011/11/28 10,3,16
2011/11/28 11,3,11
2011/11/28 12,1,2
2011/11/28 13,1,2
2011/11/28 14,1,1
2011/11/28 15,2,3
2011/11/28 16,1,16
2011/11/28 17,2,30
2011/11/28 18,1,15
2011/11/28 19,1,20
2011/11/28 20,1,12
2011/11/28 21,3,15
2011/11/28 22,2,33
2011/11/28 23,7,47
2011/11/29 00,10,405
2011/11/29 01,9,459
2011/11/29 02,7,173
2011/11/29 03,9,230
2011/11/29 04,8,142
2011/11/29 05,8,85
2011/11/29 06,7,43
2011/11/29 07,5,19
2011/11/29 08,4,53
2011/11/29 09,2,45
2011/11/29 10,1,1
2011/11/29 12,1,2
2011/11/29 13,3,9
2011/11/29 16,3,20
2011/11/29 17,2,14
2011/11/29 18,3,21
2011/11/29 19,4,29
2011/11/29 20,7,26
2011/11/29 21,7,44
2011/11/29 22,7,53
2011/11/29 23,6,37
2011/11/30 00,16,93
2011/11/30 01,10,85
2011/11/30 02,9,71
2011/11/30 03,13,456
2011/11/30 04,13,589
2011/11/30 05,10,292
2011/11/30 06,10,222
2011/11/30 07,5,45
2011/11/30 08,4,79
2011/11/30 09,4,62
2011/11/30 10,3,47
2011/11/30 11,3,23
2011/11/30 12,3,24
2011/11/30 13,2,19
2011/11/30 15,4,11
2011/11/30 16,7,128
2011/11/30 17,7,295
2011/11/30 18,5,186
2011/11/30 19,8,206
2011/11/30 20,10,215
2011/11/30 21,13,305
2011/11/30 22,12,175
2011/11/30 23,9,97
2011/12/01 00,10,117
2011/12/01 01,9,84
2011/12/01 02,7,86
2011/12/01 03,6,92
2011/12/01 04,10,257
2011/12/01 05,9,101
2011/12/01 06,8,94
2011/12/01 07,8,78
2011/12/01 08,5,89
2011/12/01 09,6,48
2011/12/01 10,6,49
2011/12/01 11,1,10
2011/12/01 12,1,14
2011/12/01 13,2,16
2011/12/01 14,2,13
2011/12/01 15,4,11
2011/12/01 16,4,24
2011/12/01 17,4,31
2011/12/01 18,5,54
2011/12/01 19,6,91
2011/12/01 20,5,27
2011/12/01 21,7,1413
2011/12/01 22,8,1229
2011/12/01 23,7,74
2011/12/02 00,9,83
2011/12/02 01,14,489
2011/12/02 02,14,465
2011/12/02 03,12,357
2011/12/02 04,10,91
2011/12/02 05,6,42
2011/12/02 06,2,9
2011/12/02 07,3,24
2011/12/02 09,2,9
2011/12/02 10,5,19
2011/12/02 11,2,21
2011/12/02 12,3,31
2011/12/02 13,7,65
2011/12/02 14,7,58
2011/12/02 15,2,13
2011/12/02 16,2,5
2011/12/02 17,2,10
2011/12/02 18,2,19
2011/12/02 19,5,32
2011/12/02 20,7,108
2011/12/02 21,13,153
2011/12/02 22,9,110
2011/12/02 23,3,27
2011/12/03 00,5,56
2011/12/03 01,6,49
2011/12/03 02,7,58
2011/12/03 03,14,74
2011/12/03 04,15,91
2011/12/03 05,15,66
2011/12/03 06,7,74
2011/12/03 07,5,60
2011/12/03 08,6,34
2011/12/03 09,6,44
2011/12/03 10,4,67
2011/12/03 11,5,74
2011/12/03 12,6,94
2011/12/03 13,6,102
2011/12/03 14,5,80
2011/12/03 15,2,54
2011/12/03 16,4,58
2011/12/03 17,3,24
2011/12/03 18,10,48
2011/12/03 19,10,53
2011/12/03 20,8,140
2011/12/03 21,8,177
2011/12/03 22,8,177
2011/12/03 23,11,175
2011/12/04 00,6,46
2011/12/04 01,7,73
2011/12/04 02,9,88
2011/12/04 03,12,72
2011/12/04 04,10,173
2011/12/04 05,9,175
2011/12/04 06,11,233
2011/12/04 07,12,220
2011/12/04 08,9,134
2011/12/04 09,6,33
2011/12/04 10,4,32
2011/12/04 11,3,32
2011/12/04 12,3,34
2011/12/04 13,3,28
2011/12/04 14,3,28
2011/12/04 15,6,38
2011/12/04 16,6,51
2011/12/04 17,5,33
2011/12/04 18,6,39
2011/12/04 19,7,40
2011/12/04 20,8,79
2011/12/04 21,5,93
2011/12/04 22,4,152
2011/12/04 23,10,184
2011/12/05 00,12,130
2011/12/05 01,10,576
2011/12/05 02,9,551
2011/12/05 03,11,77
2011/12/05 04,8,163
2011/12/05 05,7,149
2011/12/05 06,8,81
2011/12/05 07,4,114
2011/12/05 08,5,97
2011/12/05 09,3,51
2011/12/05 10,4,43
2011/12/05 11,2,15
2011/12/05 12,2,24
2011/12/05 13,4,22
2011/12/05 14,2,13
2011/12/05 19,5,116
2011/12/05 20,10,281
2011/12/05 21,10,350
2011/12/05 22,9,341
2011/12/05 23,8,103
2011/12/06 00,10,108
2011/12/06 01,6,63
2011/12/06 02,8,195
2011/12/06 03,11,369
2011/12/06 04,12,411
2011/12/06 05,10,466
2011/12/06 06,6,47
2011/12/06 07,3,33
2011/12/06 08,5,71
2011/12/06 09,5,105
2011/12/06 10,6,196
2011/12/06 11,5,25
2011/12/06 12,4,26
2011/12/06 13,4,29
2011/12/06 14,2,16
2011/12/06 15,1,4
2011/12/06 16,1,12
2011/12/06 17,3,23
2011/12/06 18,5,33
2011/12/06 19,7,24
2011/12/06 20,7,101
2011/12/06 21,5,93
2011/12/06 22,6,98
2011/12/06 23,7,43
2011/12/07 00,7,42
2011/12/07 01,9,105
2011/12/07 02,11,119
2011/12/07 03,11,131
2011/12/07 04,13,198
2011/12/07 05,11,255
2011/12/07 06,7,27
2011/12/07 07,5,25
2011/12/07 08,5,70
2011/12/07 09,4,57
2011/12/07 10,4,58
2011/12/07 11,3,15
2011/12/07 12,3,26
2011/12/07 13,2,18
2011/12/07 14,3,22
2011/12/07 15,2,17
2011/12/07 17,3,17
2011/12/07 18,6,25
2011/12/07 19,8,73
2011/12/07 20,9,63
2011/12/07 21,6,38
2011/12/07 22,9,64
2011/12/07 23,9,44
2011/12/08 00,11,140
2011/12/08 01,9,164
2011/12/08 02,11,161
2011/12/08 03,12,89
2011/12/08 04,12,204
2011/12/08 05,12,335
2011/12/08 06,12,90
2011/12/08 07,9,42
2011/12/08 08,5,32
2011/12/08 09,3,55
2011/12/08 10,4,58
2011/12/08 11,5,15
2011/12/08 12,2,4
2011/12/08 13,2,11
2011/12/08 14,3,18
2011/12/08 15,2,9
2011/12/08 16,8,433
2011/12/08 17,7,369
2011/12/08 18,7,48
2011/12/08 19,6,543
2011/12/08 20,5,488
2011/12/08 21,4,18
2011/12/08 22,7,25
2011/12/08 23,7,32
2011/12/09 00,12,52
2011/12/09 01,10,76
2011/12/09 02,10,69
2011/12/09 03,9,138
2011/12/09 04,14,239
2011/12/09 05,11,312
2011/12/09 06,7,193
2011/12/09 07,7,52
2011/12/09 08,5,22
2011/12/09 09,3,22
2011/12/09 11,3,34
2011/12/09 12,4,39
2011/12/09 13,2,12
2011/12/09 14,1,35
2011/12/09 15,1,7
2011/12/09 16,2,46
2011/12/09 17,5,89
2011/12/09 18,4,32
2011/12/09 19,5,32
2011/12/09 20,5,25
2011/12/09 21,12,174
2011/12/09 22,14,181
2011/12/09 23,12,106
2011/12/10 00,16,424
2011/12/10 01,14,980
2011/12/10 02,16,957
2011/12/10 03,15,675
2011/12/10 04,15,857
2011/12/10 05,15,776
2011/12/10 06,14,601
2011/12/10 07,8,448
2011/12/10 08,8,91
2011/12/10 09,7,108
2011/12/10 10,4,53
2011/12/10 11,5,37
2011/12/10 12,3,29
2011/12/10 13,4,37
2011/12/10 14,3,25
2011/12/10 15,4,23
2011/12/10 16,5,162
2011/12/10 17,9,216
2011/12/10 18,5,138
2011/12/10 19,11,219
2011/12/10 20,12,76
2011/12/10 21,14,69
2011/12/10 22,11,39
2011/12/10 23,7,26
2011/12/11 00,10,89
2011/12/11 01,9,145
2011/12/11 02,12,195
2011/12/11 03,10,114
2011/12/11 04,8,109
2011/12/11 05,10,116
2011/12/11 06,8,72
2011/12/11 07,6,68
2011/12/11 08,5,81
2011/12/11 09,4,82
2011/12/11 10,3,69
2011/12/11 11,3,67
2011/12/11 12,3,44
2011/12/11 13,1,49
2011/12/11 14,1,9
2011/12/11 15,2,27
2011/12/11 16,5,93
2011/12/11 17,8,82
2011/12/11 18,9,99
2011/12/11 19,6,81
2011/12/11 20,17,246
2011/12/11 21,16,250
2011/12/11 22,13,359
2011/12/11 23,14,150
2011/12/12 00,15,144
2011/12/12 01,13,150
2011/12/12 02,14,140
2011/12/12 03,12,91
2011/12/12 04,6,74
2011/12/12 05,9,74
2011/12/12 06,10,75
2011/12/12 07,5,23
2011/12/12 08,6,45
2011/12/12 09,6,35
2011/12/12 10,4,33
2011/12/12 11,4,34
2011/12/12 12,3,17
2011/12/12 13,2,22
2011/12/12 14,2,25
2011/12/12 15,5,36
2011/12/12 16,4,50
2011/12/12 17,4,21
2011/12/12 18,6,34
2011/12/12 19,5,32
2011/12/12 20,4,25
2011/12/12 21,8,43
2011/12/12 22,9,67
2011/12/12 23,6,34
2011/12/13 00,11,66
2011/12/13 01,15,95
2011/12/13 02,17,121
2011/12/13 03,19,730
2011/12/13 04,19,890
2011/12/13 05,12,106
2011/12/13 06,13,193
2011/12/13 07,9,146
2011/12/13 08,9,150
2011/12/13 09,3,31
2011/12/13 10,1,5
2011/12/13 11,2,13
2011/12/13 12,2,25
2011/12/13 13,3,21
2011/12/13 14,4,40
2011/12/13 15,2,50
2011/12/13 16,1,4
2011/12/13 17,2,8
2011/12/13 18,4,22
2011/12/13 19,6,55
2011/12/13 20,6,73
2011/12/13 21,6,32
2011/12/13 22,10,51
2011/12/13 23,10,47
2011/12/14 00,10,112
2011/12/14 01,11,133
2011/12/14 02,18,157
2011/12/14 03,12,144
2011/12/14 04,13,284
2011/12/14 05,11,285
2011/12/14 06,9,227
2011/12/14 07,5,53
2011/12/14 08,5,76
2011/12/14 09,4,26
2011/12/14 10,1,5
2011/12/14 11,1,2
2011/12/14 12,3,17
2011/12/14 13,4,26
2011/12/14 14,2,25
2011/12/14 15,2,29
2011/12/14 16,2,33
2011/12/14 17,3,5
2011/12/14 18,4,5
2011/12/14 19,5,26
2011/12/14 20,7,43
2011/12/14 21,7,51
2011/12/14 22,8,62
2011/12/14 23,7,42
2011/12/15 00,8,43
2011/12/15 01,7,100
2011/12/15 02,7,54
2011/12/15 03,10,90
2011/12/15 04,9,264
2011/12/15 05,13,329
2011/12/15 06,10,164
2011/12/15 07,7,69
2011/12/15 08,6,106
2011/12/15 09,5,54
2011/12/15 10,4,26
2011/12/15 11,3,26
2011/12/15 12,1,9
2011/12/15 13,2,33
2011/12/15 14,2,14
2011/12/15 15,4,23
2011/12/15 16,6,38
2011/12/15 17,4,27
2011/12/15 18,6,16
2011/12/15 19,5,20
2011/12/15 20,7,76
2011/12/15 21,8,43
2011/12/15 22,5,39
2011/12/15 23,8,48
2011/12/16 00,11,988
2011/12/16 01,17,629
2011/12/16 02,13,478
2011/12/16 03,13,483
2011/12/16 04,12,95
2011/12/16 05,13,215
2011/12/16 06,8,102
2011/12/16 07,7,94
2011/12/16 08,5,71
2011/12/16 09,6,61
2011/12/16 10,3,224
2011/12/16 11,3,40
2011/12/16 13,1,4
2011/12/16 14,3,31
2011/12/16 15,9,51
2011/12/16 16,7,50
2011/12/16 17,4,15
2011/12/16 18,10,68
2011/12/16 19,12,1195
2011/12/16 20,13,1023
2011/12/16 21,12,56
2011/12/16 22,13,61
2011/12/16 23,12,654
2011/12/17 00,11,168
2011/12/17 01,16,119
2011/12/17 02,21,263
2011/12/17 03,16,109
2011/12/17 04,17,117
2011/12/17 05,17,151
2011/12/17 06,12,78
2011/12/17 07,13,142
2011/12/17 08,5,70
2011/12/17 09,6,39
2011/12/17 10,2,44
2011/12/17 11,5,16
2011/12/17 12,3,13
2011/12/17 13,4,14
2011/12/17 14,4,33
2011/12/17 15,5,45
2011/12/17 16,8,51
2011/12/17 17,10,72
2011/12/17 18,9,299
2011/12/17 19,12,406
2011/12/17 20,12,367
2011/12/17 21,13,103
2011/12/17 22,19,431
2011/12/17 23,15,275
2011/12/18 00,12,218
2011/12/18 01,13,142
2011/12/18 02,12,164
2011/12/18 03,12,163
2011/12/18 04,11,284
2011/12/18 05,12,132
2011/12/18 06,11,135
2011/12/18 07,13,97
2011/12/18 08,8,57
2011/12/18 09,5,32
2011/12/18 10,4,38
2011/12/18 11,4,37
2011/12/18 12,3,53
2011/12/18 13,6,62
2011/12/18 14,7,44
2011/12/18 15,8,68
2011/12/18 16,7,70
2011/12/18 17,5,37
2011/12/18 18,6,38
2011/12/18 19,6,57
2011/12/18 20,12,116
2011/12/18 21,11,208
2011/12/18 22,11,292
2011/12/18 23,10,276
2011/12/19 00,13,151
2011/12/19 01,13,170
2011/12/19 02,8,102
2011/12/19 03,11,194
2011/12/19 04,13,124
2011/12/19 05,9,98
2011/12/19 06,10,105
2011/12/19 07,9,213
2011/12/19 08,4,36
2011/12/19 09,2,16
2011/12/19 10,3,49
2011/12/19 11,3,86
2011/12/19 12,7,327
2011/12/19 13,3,88
2011/12/19 14,3,29
2011/12/19 15,4,66
2011/12/19 16,7,61
2011/12/19 17,11,49
2011/12/19 18,7,157
2011/12/19 19,8,160
2011/12/19 20,13,124
2011/12/19 21,12,123
2011/12/19 22,12,44
2011/12/19 23,14,122
2011/12/20 00,18,172
2011/12/20 01,16,205
2011/12/20 02,14,177
2011/12/20 03,20,592
2011/12/20 04,16,498
2011/12/20 05,15,119
2011/12/20 06,7,226
2011/12/20 07,6,62
2011/12/20 08,9,107
2011/12/20 09,7,123
2011/12/20 10,3,13
2011/12/20 11,4,19
2011/12/20 12,5,33
2011/12/20 13,5,30
2011/12/20 14,6,46
2011/12/20 15,9,60
2011/12/20 16,7,43
2011/12/20 17,7,40
2011/12/20 18,9,39
2011/12/20 19,7,47
2011/12/20 20,6,48
2011/12/20 21,9,128
2011/12/20 22,10,74
2011/12/20 23,11,272
2011/12/21 00,12,108
2011/12/21 01,13,123
2011/12/21 02,10,190
2011/12/21 03,11,98
2011/12/21 04,11,99
2011/12/21 05,17,493
2011/12/21 06,16,923
2011/12/21 07,13,790
2011/12/21 08,9,67
2011/12/21 09,9,77
2011/12/21 10,8,89
2011/12/21 11,6,40
2011/12/21 12,7,26
2011/12/21 13,4,28
2011/12/21 14,6,31
2011/12/21 15,3,24
2011/12/21 16,6,42
2011/12/21 17,5,41
2011/12/21 18,5,38
2011/12/21 19,6,46
2011/12/21 20,6,82
2011/12/21 21,8,89
2011/12/21 22,9,95
2011/12/21 23,7,47
2011/12/22 00,8,47
2011/12/22 01,9,98
2011/12/22 02,14,116
2011/12/22 03,9,100
2011/12/22 04,10,1036
2011/12/22 05,10,1060
2011/12/22 06,10,1010
2011/12/22 07,10,776
2011/12/22 08,9,664
2011/12/22 09,7,467
2011/12/22 10,5,290
2011/12/22 11,5,270
2011/12/22 12,6,52
2011/12/22 13,3,49
2011/12/22 14,3,36
2011/12/22 15,3,33
2011/12/22 16,8,49
2011/12/22 17,11,50
2011/12/22 18,7,20
2011/12/22 19,5,35
2011/12/22 20,10,136
2011/12/22 21,13,130
2011/12/22 22,10,62
2011/12/22 23,13,93
2011/12/23 00,14,129
2011/12/23 01,20,356
2011/12/23 02,17,313
2011/12/23 03,16,496
2011/12/23 04,16,493
2011/12/23 05,16,502
2011/12/23 06,14,200
2011/12/23 07,15,235
2011/12/23 08,12,129
2011/12/23 09,10,83
2011/12/23 10,9,94
2011/12/23 11,7,80
2011/12/23 12,6,68
2011/12/23 13,6,205
2011/12/23 14,6,49
2011/12/23 15,6,30
2011/12/23 16,6,33
2011/12/23 17,12,121
2011/12/23 18,11,194
2011/12/23 19,10,98
2011/12/23 20,11,157
2011/12/23 21,13,6645
2011/12/23 22,10,122
2011/12/23 23,12,131
2011/12/24 00,17,203
2011/12/24 01,14,204
2011/12/24 02,9,151
2011/12/24 03,19,164
2011/12/24 04,17,182
2011/12/24 05,18,685
2011/12/24 06,18,912
2011/12/24 07,15,683
2011/12/24 08,9,631
2011/12/24 09,8,533
2011/12/24 10,7,528
2011/12/24 11,6,421
2011/12/24 12,5,20
2011/12/24 13,6,28
2011/12/24 14,5,28
2011/12/24 15,6,37
2011/12/24 16,9,43
2011/12/24 17,9,53
2011/12/24 18,8,72
2011/12/24 19,9,80
2011/12/24 20,6,49
2011/12/24 21,7,75
2011/12/24 22,12,106
2011/12/24 23,13,74
2011/12/25 00,15,108
2011/12/25 01,15,116
2011/12/25 02,15,160
2011/12/25 03,15,111
2011/12/25 04,16,120
2011/12/25 05,16,147
2011/12/25 06,10,340
2011/12/25 07,12,119
2011/12/25 08,9,280
2011/12/25 09,8,124
2011/12/25 10,9,134
2011/12/25 11,9,65
2011/12/25 12,6,48
2011/12/25 13,4,29
2011/12/25 14,5,26
2011/12/25 15,5,27
2011/12/25 16,7,43
2011/12/25 17,8,52
2011/12/25 18,9,52
2011/12/25 19,6,187
2011/12/25 20,9,200
2011/12/25 21,8,183
2011/12/25 22,10,79
2011/12/25 23,5,65
2011/12/26 00,6,79
2011/12/26 01,8,90
2011/12/26 02,11,123
2011/12/26 03,13,131
2011/12/26 04,13,151
2011/12/26 05,15,514
2011/12/26 06,12,971
2011/12/26 07,10,287
2011/12/26 08,6,58
2011/12/26 09,6,45
2011/12/26 10,6,33
2011/12/26 11,4,22
2011/12/26 12,4,26
2011/12/26 13,3,22
2011/12/26 15,6,17
2011/12/26 16,6,37
2011/12/26 17,6,45
2011/12/26 18,10,49
2011/12/26 19,10,51
2011/12/26 20,9,34
2011/12/26 21,10,189
2011/12/26 22,10,52
2011/12/26 23,8,42
2011/12/27 00,6,47
2011/12/27 01,5,42
2011/12/27 02,2,23
2011/12/27 03,7,96
2011/12/27 04,9,119
2011/12/27 05,11,114
2011/12/27 06,9,76
2011/12/27 07,11,134
2011/12/27 08,12,142
2011/12/27 09,9,75
2011/12/27 10,5,47
2011/12/27 11,7,47
2011/12/27 12,6,44
2011/12/27 13,4,23
2011/12/27 14,4,23
2011/12/27 15,4,19
2011/12/27 16,5,41
2011/12/27 17,8,55
2011/12/27 18,5,47
2011/12/27 19,10,47
2011/12/27 20,9,46
2011/12/27 21,8,41
2011/12/27 22,14,91
2011/12/27 23,15,146
2011/12/28 00,10,75
2011/12/28 01,15,157
2011/12/28 02,12,111
2011/12/28 03,15,609
2011/12/28 04,13,160
2011/12/28 05,11,88
2011/12/28 06,11,454
2011/12/28 07,10,413
2011/12/28 08,9,108
2011/12/28 09,6,94
2011/12/28 10,2,22
2011/12/28 11,2,12
2011/12/28 12,4,45
2011/12/28 13,3,54
2011/12/28 14,3,51
2011/12/28 15,2,21
2011/12/28 16,6,90
2011/12/28 17,8,111
2011/12/28 18,10,146
2011/12/28 19,10,154
2011/12/28 20,11,65
2011/12/28 21,8,60
2011/12/28 22,10,55
2011/12/28 23,10,75
2011/12/29 00,13,101
2011/12/29 01,13,140
2011/12/29 02,10,129
2011/12/29 03,11,102
2011/12/29 04,15,152
2011/12/29 05,16,231
2011/12/29 06,20,461
2011/12/29 07,15,252
2011/12/29 08,12,265
2011/12/29 09,10,57
2011/12/29 10,5,35
2011/12/29 11,5,15
2011/12/29 12,3,46
2011/12/29 13,3,83
2011/12/29 14,4,29
2011/12/29 15,8,31
2011/12/29 16,6,33
2011/12/29 17,6,45
2011/12/29 18,8,67
2011/12/29 19,9,68
2011/12/29 20,7,72
2011/12/29 21,16,3510
2011/12/29 22,16,3729
2011/12/29 23,20,3937
2011/12/30 00,9,4031
2011/12/30 01,10,3774
2011/12/30 02,10,3273
2011/12/30 03,12,117
2011/12/30 04,13,137
2011/12/30 05,15,171
2011/12/30 06,19,186
2011/12/30 07,12,134
2011/12/30 08,14,77
2011/12/30 09,12,88
2011/12/30 10,9,93
2011/12/30 11,8,107
2011/12/30 12,9,97
2011/12/30 13,4,16
2011/12/30 14,5,102
2011/12/30 15,10,61
2011/12/30 16,9,62
2011/12/30 17,4,35
2011/12/30 18,3,45
2011/12/30 19,10,43
2011/12/30 20,8,59
2011/12/30 21,7,50
2011/12/30 22,8,56
2011/12/30 23,14,63
2011/12/31 00,14,132
2011/12/31 01,17,163
2011/12/31 02,11,118
2011/12/31 03,11,130
2011/12/31 04,9,125
2011/12/31 05,13,134
2011/12/31 06,10,92
2011/12/31 07,11,173
2011/12/31 08,11,160
2011/12/31 09,7,141
2011/12/31 10,6,58
2011/12/31 11,8,307
2011/12/31 12,7,59
2011/12/31 13,3,18
2011/12/31 14,3,23
2011/12/31 15,4,28
2011/12/31 16,4,20
2011/12/31 17,7,40
2011/12/31 18,7,44
2011/12/31 19,4,46
2011/12/31 20,5,26
2011/12/31 21,6,57
2011/12/31 22,8,59
2011/12/31 23,10,71
2012/01/01 00,11,76
2012/01/01 01,14,90
2012/01/01 02,12,136
2012/01/01 03,9,85
2012/01/01 04,12,106
2012/01/01 05,16,163
2012/01/01 06,16,428
2012/01/01 07,11,512
2012/01/01 08,10,319
2012/01/01 09,11,409
2012/01/01 10,10,137
2012/01/01 11,10,122
2012/01/01 12,8,91
2012/01/01 13,7,88
2012/01/01 14,7,122
2012/01/01 15,9,137
2012/01/01 16,6,72
2012/01/01 17,4,45
2012/01/01 18,5,93
2012/01/01 19,10,465
2012/01/01 20,15,457
2012/01/01 21,13,101
2012/01/01 22,14,185
2012/01/01 23,9,179
2012/01/02 00,5,72
2012/01/02 01,13,178
2012/01/02 02,15,259
2012/01/02 03,14,147
2012/01/02 04,20,386
2012/01/02 05,19,431
2012/01/02 06,15,285
2012/01/02 07,12,80
2012/01/02 08,12,63
2012/01/02 09,6,72
2012/01/02 10,6,79
2012/01/02 11,14,67
2012/01/02 12,13,62
2012/01/02 13,8,47
2012/01/02 14,7,48
2012/01/02 15,7,66
2012/01/02 16,7,82
2012/01/02 17,5,33
2012/01/02 18,8,179
2012/01/02 19,12,170
2012/01/02 20,16,905
2012/01/02 21,12,948
2012/01/02 22,21,863
2012/01/02 23,19,96
2012/01/03 00,14,287
2012/01/03 01,15,443
2012/01/03 02,16,490
2012/01/03 03,18,418
2012/01/03 04,14,358
2012/01/03 05,15,158
2012/01/03 06,13,187
2012/01/03 07,13,102
2012/01/03 08,11,54
2012/01/03 09,9,67
2012/01/03 10,5,54
2012/01/03 11,6,95
2012/01/03 12,6,148
2012/01/03 13,8,111
2012/01/03 14,7,146
2012/01/03 15,6,124
2012/01/03 16,4,49
2012/01/03 17,7,63
2012/01/03 18,7,62
2012/01/03 19,7,52
2012/01/03 20,8,74
2012/01/03 21,14,97
2012/01/03 22,9,77
2012/01/03 23,14,323
2012/01/04 00,12,328
2012/01/04 01,16,208
2012/01/04 02,12,138
2012/01/04 03,14,160
2012/01/04 04,19,165
2012/01/04 05,18,382
2012/01/04 06,13,276
2012/01/04 07,13,122
2012/01/04 08,11,100
2012/01/04 09,6,82
2012/01/04 10,6,209
2012/01/04 11,4,65
2012/01/04 12,3,25
2012/01/04 13,2,29
2012/01/04 15,2,8
2012/01/04 16,2,26
2012/01/04 17,5,39
2012/01/04 18,4,92
2012/01/04 19,6,130
2012/01/04 20,7,132
2012/01/04 21,9,103
2012/01/04 22,11,63
2012/01/04 23,13,128
2012/01/05 00,10,113
2012/01/05 01,14,291
2012/01/05 02,16,157
2012/01/05 03,13,219
2012/01/05 04,15,119
2012/01/05 05,10,303
2012/01/05 06,9,425
2012/01/05 07,10,287
2012/01/05 08,6,58
2012/01/05 09,7,62
2012/01/05 10,6,40
2012/01/05 11,4,49
2012/01/05 12,2,43
2012/01/05 13,1,5
2012/01/05 14,5,14
2012/01/05 15,6,26
2012/01/05 16,5,41
2012/01/05 17,7,48
2012/01/05 18,9,49
2012/01/05 19,8,47
2012/01/05 20,7,54
2012/01/05 21,8,364
2012/01/05 22,17,446
2012/01/05 23,18,419
2012/01/06 00,20,459
2012/01/06 01,15,162
2012/01/06 02,17,329
2012/01/06 03,15,184
2012/01/06 04,10,141
2012/01/06 05,14,767
2012/01/06 06,15,531
2012/01/06 07,13,341
2012/01/06 08,10,115
2012/01/06 09,8,62
2012/01/06 10,7,44
2012/01/06 11,4,72
2012/01/06 12,4,51
2012/01/06 13,3,58
2012/01/06 14,2,64
2012/01/06 15,3,20
2012/01/06 16,5,30
2012/01/06 17,4,35
2012/01/06 18,7,56
2012/01/06 19,7,63
2012/01/06 20,9,137
2012/01/06 21,13,250
2012/01/06 22,14,155
2012/01/06 23,17,262
2012/01/07 00,14,179
2012/01/07 01,17,160
2012/01/07 02,12,155
2012/01/07 03,18,154
2012/01/07 04,15,276
2012/01/07 05,17,161
2012/01/07 06,21,165
2012/01/07 07,30,161
2012/01/07 08,16,135
2012/01/07 09,12,99
2012/01/07 10,7,91
2012/01/07 11,5,54
2012/01/07 12,5,55
2012/01/07 13,8,65
2012/01/07 14,6,66
2012/01/07 15,6,34
2012/01/07 16,6,41
2012/01/07 17,9,70
2012/01/07 18,11,81
2012/01/07 19,11,98
2012/01/07 20,10,75
2012/01/07 21,15,210
2012/01/07 22,19,285
2012/01/07 23,15,113
2012/01/08 00,14,102
2012/01/08 01,17,145
2012/01/08 02,21,188
2012/01/08 03,15,213
2012/01/08 04,12,252
2012/01/08 05,19,296
2012/01/08 06,14,327
2012/01/08 07,12,221
2012/01/08 08,11,79
2012/01/08 09,8,59
2012/01/08 10,6,36
2012/01/08 11,5,27
2012/01/08 12,4,25
2012/01/08 13,6,32
2012/01/08 14,6,40
2012/01/08 15,6,41
2012/01/08 16,4,48
2012/01/08 17,4,38
2012/01/08 18,8,57
2012/01/08 19,11,181
2012/01/08 20,16,264
2012/01/08 21,21,374
2012/01/08 22,21,349
2012/01/08 23,23,346
2012/01/09 00,17,150
2012/01/09 01,16,335
2012/01/09 02,14,120
2012/01/09 03,13,195
2012/01/09 04,16,126
2012/01/09 05,13,389
2012/01/09 06,11,456
2012/01/09 07,7,258
2012/01/09 08,4,42
2012/01/09 09,5,45
2012/01/09 10,7,81
2012/01/09 11,2,600
2012/01/09 12,3,15
2012/01/09 13,3,38
2012/01/09 14,4,40
2012/01/09 15,2,29
