2011/09/30 22,1,10
2011/09/30 23,3,17
2011/10/01 00,2,7
2011/10/01 01,3,9
2011/10/01 02,2,9
2011/10/01 03,3,8
2011/10/01 04,1,4
2011/10/01 05,2,2
2011/10/01 06,2,8
2011/10/01 07,1,11
2011/10/01 08,3,20
2011/10/01 09,4,23
2011/10/01 10,2,13
2011/10/01 11,1,1
2011/10/01 13,1,0
2011/10/01 14,2,3
2011/10/01 15,1,2
2011/10/01 16,2,8
2011/10/01 17,1,9
2011/10/01 18,4,18
2011/10/01 19,1,4
2011/10/01 20,3,11
2011/10/01 21,2,2
2011/10/01 22,1,3
2011/10/01 23,1,3
2011/10/02 00,3,4
2011/10/02 01,3,10
2011/10/02 02,3,11
2011/10/02 03,1,2
2011/10/02 04,1,2
2011/10/02 05,1,2
2011/10/02 06,1,23
2011/10/02 07,1,9
2011/10/02 08,1,10
2011/10/02 09,1,9
2011/10/02 10,1,16
2011/10/02 12,1,1
2011/10/02 13,2,6
2011/10/02 14,1,7
2011/10/02 16,1,0
2011/10/02 17,2,3
2011/10/02 18,1,1
2011/10/02 19,1,1
2011/10/02 20,1,0
2011/10/02 21,1,2
2011/10/02 22,1,32
2011/10/02 23,1,19
2011/10/03 00,2,14
2011/10/03 01,2,9
2011/10/03 02,1,10
2011/10/03 03,2,17
2011/10/03 04,1,18
2011/10/03 05,1,15
2011/10/03 06,1,15
2011/10/03 07,1,20
2011/10/03 08,1,16
2011/10/03 09,1,13
2011/10/03 10,1,9
2011/10/03 17,1,0
2011/10/03 18,1,1
2011/10/03 22,1,1
2011/10/03 23,1,2
2011/10/04 00,2,5
2011/10/04 01,2,5
2011/10/04 02,2,5
2011/10/04 03,1,10
2011/10/04 04,1,17
2011/10/04 05,1,15
2011/10/04 06,1,13
2011/10/04 07,1,13
2011/10/04 08,1,23
2011/10/04 09,1,20
2011/10/04 10,1,27
2011/10/04 11,1,18
2011/10/04 12,2,18
2011/10/04 13,1,3
2011/10/04 15,1,12
2011/10/04 16,1,29
2011/10/04 17,1,26
2011/10/04 18,2,11
2011/10/04 20,1,1
2011/10/04 21,2,9
2011/10/04 22,2,21
2011/10/04 23,2,36
2011/10/05 00,1,26
2011/10/05 01,3,21
2011/10/05 02,2,15
2011/10/05 03,2,14
2011/10/05 04,2,14
2011/10/05 05,2,15
2011/10/05 07,1,1
2011/10/05 08,1,7
2011/10/05 09,1,1
2011/10/05 10,1,1
2011/10/05 12,2,2
2011/10/05 13,2,3
2011/10/05 14,1,0
2011/10/05 17,3,8
2011/10/05 18,2,4
2011/10/05 19,1,0
2011/10/05 20,2,2
2011/10/05 21,4,49
2011/10/05 22,3,49
2011/10/05 23,2,49
2011/10/06 00,2,50
2011/10/06 01,1,2
2011/10/06 02,1,3
2011/10/06 03,1,2
2011/10/06 04,1,7
2011/10/06 05,1,6
2011/10/06 06,1,9
2011/10/06 07,1,5
2011/10/06 08,1,6
2011/10/06 09,3,9
2011/10/06 10,3,20
2011/10/06 11,3,23
2011/10/06 12,2,17
2011/10/06 13,1,16
2011/10/06 15,1,1
2011/10/06 16,1,1
2011/10/06 17,1,1
2011/10/06 18,1,2
2011/10/06 19,1,4
2011/10/06 20,4,458
2011/10/06 21,4,422
2011/10/06 22,3,334
2011/10/06 23,3,287
2011/10/07 00,1,2
2011/10/07 01,2,5
2011/10/07 02,2,3
2011/10/07 03,2,4
2011/10/07 04,1,11
2011/10/07 05,1,8
2011/10/07 06,3,12
2011/10/07 07,3,21
2011/10/07 08,3,17
2011/10/07 09,1,14
2011/10/07 10,2,21
2011/10/07 11,3,23
2011/10/07 12,2,2
2011/10/07 13,1,2
2011/10/07 15,1,1
2011/10/07 19,3,5
2011/10/07 20,1,1
2011/10/07 21,1,1
2011/10/07 23,1,2
2011/10/08 03,1,5
2011/10/08 09,1,1
2011/10/08 10,2,3
2011/10/08 11,1,3
2011/10/08 12,1,2
2011/10/08 13,1,2
2011/10/08 14,1,4
2011/10/08 15,1,3
2011/10/08 16,1,5
2011/10/08 17,3,90
2011/10/08 18,3,84
2011/10/08 19,5,101
2011/10/08 20,2,46
2011/10/08 21,1,3
2011/10/08 22,2,6
2011/10/09 00,2,0
2011/10/09 01,1,1
2011/10/09 03,1,0
2011/10/09 06,1,0
2011/10/09 09,1,1
2011/10/09 10,2,5
2011/10/09 11,1,6
2011/10/09 14,1,2
2011/10/09 15,1,3
2011/10/09 16,1,2
2011/10/09 17,1,3
2011/10/09 18,2,5
2011/10/09 19,1,2
2011/10/09 20,2,7
2011/10/09 21,2,6
2011/10/09 22,1,3
2011/10/09 23,2,5
2011/10/10 00,1,1
2011/10/10 01,1,0
2011/10/10 02,2,1
2011/10/10 03,1,0
2011/10/10 04,1,0
2011/10/10 09,2,0
2011/10/10 10,1,3
2011/10/10 11,1,2
2011/10/10 13,1,0
2011/10/10 14,1,1
2011/10/10 15,1,0
2011/10/10 16,1,0
2011/10/10 21,1,4
2011/10/10 22,2,4
2011/10/11 01,1,3
2011/10/11 02,3,8
2011/10/11 03,5,40
2011/10/11 04,1,3
2011/10/11 14,1,1
2011/10/11 15,2,3
2011/10/11 16,2,4
2011/10/11 17,2,4
2011/10/11 18,2,8
2011/10/11 19,1,23
2011/10/11 20,1,13
2011/10/11 21,1,10
2011/10/11 22,1,1
2011/10/12 00,1,1
2011/10/12 01,1,1
2011/10/12 02,1,1
2011/10/12 03,1,1
2011/10/12 04,1,0
2011/10/12 06,1,1
2011/10/12 07,1,0
2011/10/12 09,1,0
2011/10/12 12,1,0
2011/10/12 13,1,0
2011/10/12 14,1,0
2011/10/12 15,1,0
2011/10/12 16,2,3
2011/10/12 17,4,8
2011/10/12 18,3,13
2011/10/12 19,4,13
2011/10/12 20,3,10
2011/10/12 21,3,10
2011/10/12 22,3,15
2011/10/12 23,5,17
2011/10/13 00,5,4
2011/10/13 01,1,1
2011/10/13 02,3,2
2011/10/13 03,1,4
2011/10/13 04,1,2
2011/10/13 05,1,6
2011/10/13 06,2,7
2011/10/13 07,2,5
2011/10/13 08,1,3
2011/10/13 09,2,3
2011/10/13 14,2,2
2011/10/13 15,3,4
2011/10/13 16,1,2
2011/10/13 19,1,4
2011/10/13 20,3,30
2011/10/13 21,2,34
2011/10/13 22,1,9
2011/10/14 00,2,17
2011/10/14 01,1,2
2011/10/14 02,1,5
2011/10/14 04,1,1
2011/10/14 05,2,12
2011/10/14 06,1,4
2011/10/14 10,1,0
2011/10/14 11,1,1
2011/10/14 15,1,0
2011/10/14 16,3,6
2011/10/14 17,4,8
2011/10/14 18,4,10
2011/10/14 19,3,29
2011/10/14 20,2,31
2011/10/14 21,6,32
2011/10/14 22,7,29
2011/10/14 23,6,28
2011/10/15 00,2,3
2011/10/15 01,1,4
2011/10/15 03,1,2
2011/10/15 04,1,2
2011/10/15 06,1,2
2011/10/15 07,3,7
2011/10/15 08,2,9
2011/10/15 09,2,1
2011/10/15 10,2,4
2011/10/15 11,1,5
2011/10/15 14,1,1
2011/10/15 16,2,2
2011/10/15 17,5,16
2011/10/15 18,4,13
2011/10/15 19,3,18
2011/10/15 20,4,19
2011/10/15 21,3,14
2011/10/15 22,5,29
2011/10/15 23,5,27
2011/10/16 00,3,10
2011/10/16 01,2,5
2011/10/16 02,3,8
2011/10/16 03,2,35
2011/10/16 04,2,36
2011/10/16 05,3,30
2011/10/16 06,3,43
2011/10/16 07,2,8
2011/10/16 08,1,5
2011/10/16 09,1,8
2011/10/16 12,2,5
2011/10/16 13,2,8
2011/10/16 14,2,1
2011/10/16 15,3,7
2011/10/16 16,3,7
2011/10/16 17,2,2
2011/10/16 18,3,19
2011/10/16 19,4,11
2011/10/16 20,2,5
2011/10/16 21,2,4
2011/10/16 22,2,1
2011/10/17 00,3,5
2011/10/17 01,3,9
2011/10/17 02,2,5
2011/10/17 03,3,46
2011/10/17 04,1,65
2011/10/17 05,2,63
2011/10/17 06,2,84
2011/10/17 07,2,82
2011/10/17 08,2,54
2011/10/17 09,2,46
2011/10/17 10,1,3
2011/10/17 11,1,2
2011/10/17 12,2,8
2011/10/17 13,3,40
2011/10/17 14,1,5
2011/10/17 15,1,5
2011/10/17 16,2,6
2011/10/17 17,5,15
2011/10/17 18,5,14
2011/10/17 19,6,17
2011/10/17 20,4,4
2011/10/17 21,2,2
2011/10/17 22,3,3
2011/10/18 00,2,4
2011/10/18 01,2,12
2011/10/18 02,2,14
2011/10/18 03,1,6
2011/10/18 04,2,6
2011/10/18 11,1,0
2011/10/18 12,2,7
2011/10/18 13,1,4
2011/10/18 15,1,0
2011/10/18 16,1,18
2011/10/18 17,4,24
2011/10/18 18,4,19
2011/10/18 19,3,8
2011/10/18 20,1,3
2011/10/18 21,1,2
2011/10/18 22,3,13
2011/10/18 23,2,11
2011/10/19 00,3,10
2011/10/19 01,1,11
2011/10/19 02,2,16
2011/10/19 03,2,7
2011/10/19 04,2,6
2011/10/19 05,2,5
2011/10/19 06,2,8
2011/10/19 07,2,6
2011/10/19 08,2,13
2011/10/19 09,2,17
2011/10/19 10,3,18
2011/10/19 11,2,2
2011/10/19 12,1,5
2011/10/19 13,1,5
2011/10/19 15,1,9
2011/10/19 16,2,13
2011/10/19 17,3,16
2011/10/19 18,3,43
2011/10/19 19,2,16
2011/10/19 21,1,1
2011/10/19 22,2,3
2011/10/20 03,1,2
2011/10/20 04,1,1
2011/10/20 06,1,2
2011/10/20 07,2,4
2011/10/20 08,2,5
2011/10/20 09,2,4
2011/10/20 10,1,12
2011/10/20 11,2,10
2011/10/20 12,2,8
2011/10/20 13,3,8
2011/10/20 14,1,1
2011/10/20 15,1,5
2011/10/20 16,2,5
2011/10/20 17,2,3
2011/10/20 18,3,8
2011/10/20 19,2,5
2011/10/20 20,3,7
2011/10/20 21,2,8
2011/10/20 22,2,10
2011/10/20 23,4,12
2011/10/21 00,3,11
2011/10/21 01,3,12
2011/10/21 02,3,15
2011/10/21 03,2,8
2011/10/21 04,3,13
2011/10/21 05,1,2
2011/10/21 06,1,1
2011/10/21 07,1,1
2011/10/21 08,2,9
2011/10/21 09,2,6
2011/10/21 10,3,11
2011/10/21 11,3,17
2011/10/21 12,3,14
2011/10/21 13,2,7
2011/10/21 15,1,2
2011/10/21 16,1,2
2011/10/21 17,2,4
2011/10/21 18,7,41
2011/10/21 19,5,12
2011/10/21 20,1,2
2011/10/21 21,2,7
2011/10/21 22,5,29
2011/10/21 23,3,22
2011/10/22 00,3,18
2011/10/22 01,3,14
2011/10/22 02,2,7
2011/10/22 03,2,6
2011/10/22 04,3,7
2011/10/22 05,4,7
2011/10/22 06,1,3
2011/10/22 07,2,1
2011/10/22 10,1,1
2011/10/22 11,2,2
2011/10/22 12,1,3
2011/10/22 13,1,7
2011/10/22 14,1,8
2011/10/22 15,2,16
2011/10/22 16,5,34
2011/10/22 17,8,40
2011/10/22 18,5,30
2011/10/22 19,4,23
2011/10/22 20,3,9
2011/10/22 21,3,8
2011/10/22 22,1,9
2011/10/22 23,3,27
2011/10/23 00,1,8
2011/10/23 01,1,8
2011/10/23 02,3,18
2011/10/23 03,3,18
2011/10/23 04,3,14
2011/10/23 05,1,3
2011/10/23 06,1,0
2011/10/23 07,2,5
2011/10/23 08,2,6
2011/10/23 09,2,4
2011/10/23 10,1,8
2011/10/23 11,2,10
2011/10/23 12,1,13
2011/10/23 13,1,12
2011/10/23 14,1,13
2011/10/23 15,2,10
2011/10/23 16,2,16
2011/10/23 17,2,9
2011/10/23 18,1,11
2011/10/23 19,3,20
2011/10/23 20,3,21
2011/10/23 21,3,32
2011/10/23 22,2,29
2011/10/23 23,3,7
2011/10/24 00,2,5
2011/10/24 01,1,5
2011/10/24 02,2,14
2011/10/24 04,1,1
2011/10/24 05,1,4
2011/10/24 06,1,4
2011/10/24 07,1,4
2011/10/24 08,1,5
2011/10/24 09,1,6
2011/10/24 11,1,5
2011/10/24 12,2,8
2011/10/24 13,1,3
2011/10/24 14,1,1
2011/10/24 15,2,6
2011/10/24 16,1,7
2011/10/24 17,1,3
2011/10/24 18,5,13
2011/10/24 19,6,17
2011/10/24 20,3,12
2011/10/24 21,1,1
2011/10/24 22,2,2
2011/10/24 23,4,2
2011/10/25 00,3,9
2011/10/25 01,2,4
2011/10/25 02,3,7
2011/10/25 03,4,13
2011/10/25 04,2,7
2011/10/25 05,2,4
2011/10/25 09,1,1
2011/10/25 11,1,1
2011/10/25 12,1,2
2011/10/25 13,1,4
2011/10/25 14,2,10
2011/10/25 15,3,12
2011/10/25 16,2,10
2011/10/25 17,3,12
2011/10/25 18,3,1
2011/10/25 19,2,6
2011/10/25 20,1,4
2011/10/25 21,1,1
2011/10/25 22,1,0
2011/10/26 00,2,2
2011/10/26 01,2,6
2011/10/26 02,2,8
2011/10/26 03,1,3
2011/10/26 04,2,11
2011/10/26 05,2,9
2011/10/26 06,2,5
2011/10/26 07,1,4
2011/10/26 11,1,1
2011/10/26 12,1,2
2011/10/26 13,1,0
2011/10/26 14,2,2
2011/10/26 20,1,0
2011/10/26 21,1,3
2011/10/26 22,1,2
2011/10/26 23,2,4
2011/10/27 00,1,2
2011/10/27 05,1,4
2011/10/27 06,1,4
2011/10/27 07,1,7
2011/10/27 13,1,11
2011/10/27 14,1,16
2011/10/27 15,2,17
2011/10/27 16,2,15
2011/10/27 17,1,3
2011/10/27 19,1,2
2011/10/27 21,1,15
2011/10/27 22,1,5
2011/10/27 23,1,1
2011/10/28 00,1,2
2011/10/28 01,2,1
2011/10/28 02,2,6
2011/10/28 03,3,11
2011/10/28 04,3,16
2011/10/28 05,2,12
2011/10/28 12,2,4
2011/10/28 13,3,7
2011/10/28 14,1,6
2011/10/28 15,3,5
2011/10/28 16,4,11
2011/10/28 17,1,3
2011/10/28 18,2,8
2011/10/28 19,1,5
2011/10/28 20,1,4
2011/10/28 23,1,1
2011/10/29 00,3,9
2011/10/29 01,2,1
2011/10/29 02,2,1
2011/10/29 03,2,3
2011/10/29 04,3,4
2011/10/29 05,2,4
2011/10/29 06,2,8
2011/10/29 07,1,4
2011/10/29 08,1,5
2011/10/29 15,1,1
2011/10/29 16,1,20
2011/10/29 17,2,15
2011/10/29 18,1,4
2011/10/29 19,1,3
2011/10/30 00,5,10
2011/10/30 01,4,9
2011/10/30 02,2,5
2011/10/30 03,2,5
2011/10/30 04,1,3
2011/10/30 05,3,13
2011/10/30 06,4,18
2011/10/30 07,5,31
2011/10/30 08,4,26
2011/10/30 09,1,1
2011/10/30 11,1,1
2011/10/30 12,2,1
2011/10/30 14,1,0
2011/10/30 16,3,25
2011/10/30 17,2,7
2011/10/30 18,1,4
2011/10/30 19,2,4
2011/10/30 20,4,9
2011/10/30 21,2,5
2011/10/30 22,2,4
2011/10/30 23,2,5
2011/10/31 00,3,9
2011/10/31 01,3,6
2011/10/31 02,1,3
2011/10/31 03,1,3
2011/10/31 04,1,2
2011/10/31 08,1,2
2011/10/31 09,1,4
2011/10/31 12,1,2
2011/10/31 13,1,3
2011/10/31 14,1,3
2011/10/31 15,1,2
2011/10/31 18,2,10
2011/10/31 19,1,1
2011/10/31 20,3,4
2011/10/31 22,2,5
2011/10/31 23,3,7
2011/11/01 00,1,2
2011/11/01 01,3,10
2011/11/01 02,2,10
2011/11/01 03,2,12
2011/11/01 04,2,15
2011/11/01 05,1,13
2011/11/01 06,1,7
2011/11/01 14,1,3
2011/11/01 15,1,4
2011/11/01 16,1,5
2011/11/03 15,1,0
2011/11/03 16,2,8
2011/11/03 17,2,5
2011/11/03 18,1,3
2011/11/03 19,2,4
2011/11/03 20,2,4
2011/11/03 21,1,3
2011/11/03 22,2,4
2011/11/03 23,2,8
2011/11/04 00,2,7
2011/11/04 02,2,1
2011/11/04 03,2,3
2011/11/04 04,1,2
2011/11/04 05,1,1
2011/11/04 06,2,3
2011/11/04 07,1,1
2011/11/04 09,1,1
2011/11/04 13,2,0
2011/11/04 14,1,4
2011/11/04 15,2,6
2011/11/04 18,1,4
2011/11/04 19,2,3
2011/11/04 20,3,7
2011/11/04 21,3,10
2011/11/04 22,1,3
2011/11/04 23,2,6
2011/11/05 00,3,7
2011/11/05 01,3,7
2011/11/05 02,3,10
2011/11/05 03,3,17
2011/11/05 04,3,9
2011/11/05 05,2,8
2011/11/05 06,1,2
2011/11/05 07,1,1
2011/11/05 08,2,4
2011/11/05 09,1,2
2011/11/05 10,2,2
2011/11/05 11,2,4
2011/11/05 12,1,3
2011/11/05 16,3,4
2011/11/05 17,2,9
2011/11/05 18,3,12
2011/11/05 19,2,10
2011/11/05 20,2,10
2011/11/05 21,2,8
2011/11/05 22,3,8
2011/11/05 23,2,2
2011/11/06 00,4,8
2011/11/06 01,3,8
2011/11/06 02,3,4
2011/11/06 03,1,1
2011/11/06 04,1,3
2011/11/06 11,2,2
2011/11/06 12,3,12
2011/11/06 13,3,15
2011/11/06 14,5,15
2011/11/06 15,2,9
2011/11/06 16,1,5
2011/11/06 17,1,7
2011/11/06 18,3,12
2011/11/06 19,2,10
2011/11/06 20,2,10
2011/11/06 21,2,8
2011/11/06 22,2,9
2011/11/06 23,2,9
2011/11/07 00,1,1
2011/11/07 01,1,3
2011/11/07 02,4,10
2011/11/07 03,3,6
2011/11/07 04,1,2
2011/11/07 05,4,9
2011/11/07 06,5,12
2011/11/07 07,3,7
2011/11/07 11,2,1
2011/11/07 12,2,3
2011/11/07 13,2,13
2011/11/07 14,2,10
2011/11/07 15,2,7
2011/11/07 16,2,8
2011/11/07 17,1,3
2011/11/07 18,2,3
2011/11/07 19,2,8
2011/11/07 20,2,6
2011/11/07 21,1,2
2011/11/07 22,1,3
2011/11/07 23,1,3
2011/11/08 00,1,3
2011/11/08 01,2,10
2011/11/08 05,1,5
2011/11/08 06,2,10
2011/11/08 07,2,12
2011/11/08 08,3,11
2011/11/08 09,4,14
2011/11/08 10,3,12
2011/11/08 11,1,2
2011/11/08 12,2,3
2011/11/08 13,2,3
2011/11/08 14,1,2
2011/11/08 15,3,8
2011/11/08 16,3,7
2011/11/08 17,1,4
2011/11/08 18,2,5
2011/11/08 19,1,2
2011/11/08 20,1,1
2011/11/08 21,2,7
2011/11/08 22,2,12
2011/11/08 23,2,8
2011/11/09 00,2,8
2011/11/09 01,2,5
2011/11/09 04,1,0
2011/11/09 05,1,11
2011/11/09 06,1,12
2011/11/09 07,1,11
2011/11/09 09,1,2
2011/11/09 10,1,7
2011/11/09 11,2,7
2011/11/09 12,1,7
2011/11/09 13,1,10
2011/11/09 14,1,6
2011/11/09 16,1,1
2011/11/09 17,1,3
2011/11/09 18,1,8
2011/11/09 19,2,63
2011/11/09 22,1,1
2011/11/09 23,2,10
2011/11/10 00,2,8
2011/11/10 01,1,5
2011/11/10 02,1,4
2011/11/10 04,1,1
2011/11/10 05,1,2
2011/11/10 06,1,1
2011/11/10 07,2,4
2011/11/10 08,2,5
2011/11/10 09,2,3
2011/11/10 10,2,6
2011/11/10 11,1,6
2011/11/10 12,1,7
2011/11/10 15,1,1
2011/11/10 16,1,2
2011/11/10 17,1,3
2011/11/10 18,1,4
2011/11/10 19,2,8
2011/11/10 20,1,6
2011/11/10 21,1,3
2011/11/10 22,3,3
2011/11/10 23,4,10
2011/11/11 00,4,11
2011/11/11 01,2,5
2011/11/11 02,1,5
2011/11/11 03,1,6
2011/11/11 04,2,7
2011/11/11 05,3,10
2011/11/11 06,3,11
2011/11/11 07,1,4
2011/11/11 08,1,5
2011/11/11 09,1,4
2011/11/11 18,2,7
2011/11/11 20,1,2
2011/11/11 21,2,3
2011/11/11 22,1,2
2011/11/12 00,1,2
2011/11/12 01,2,3
2011/11/12 13,2,4
2011/11/12 14,2,7
2011/11/12 15,1,1
2011/11/12 17,1,1
2011/11/12 18,1,0
2011/11/12 21,2,2
2011/11/12 22,2,1
2011/11/12 23,1,4
2011/11/13 00,1,3
2011/11/13 03,1,2
2011/11/13 04,2,4
2011/11/13 05,2,5
2011/11/13 06,1,5
2011/11/13 07,2,6
2011/11/13 08,1,1
2011/11/13 12,1,5
2011/11/13 13,1,7
2011/11/13 14,3,7
2011/11/13 15,2,5
2011/11/13 16,3,11
2011/11/13 17,2,7
2011/11/13 18,3,8
2011/11/13 20,2,1
2011/11/13 21,2,3
2011/11/13 22,3,8
2011/11/14 03,1,0
2011/11/14 05,1,1
2011/11/14 06,1,2
2011/11/14 07,1,1
2011/11/14 12,1,1
2011/11/14 17,1,1
2011/11/14 18,1,1
2011/11/14 20,1,3
2011/11/14 21,1,1
2011/11/14 22,1,3
2011/11/14 23,1,3
2011/11/15 00,3,5
2011/11/15 01,2,5
2011/11/15 02,2,4
2011/11/15 03,1,1
2011/11/15 04,1,2
2011/11/15 05,1,1
2011/11/15 14,1,2
2011/11/15 15,2,4
2011/11/15 16,2,4
2011/11/15 17,1,4
2011/11/15 18,2,3
2011/11/15 19,2,4
2011/11/15 20,1,3
2011/11/15 21,3,6
2011/11/15 22,4,4
2011/11/15 23,2,6
2011/11/16 00,2,5
2011/11/16 01,1,2
2011/11/16 02,1,2
2011/11/16 03,1,0
2011/11/16 04,2,2
2011/11/16 05,3,4
2011/11/16 06,2,4
2011/11/16 07,1,2
2011/11/16 08,1,2
2011/11/16 21,1,1
2011/11/17 16,1,0
2011/11/17 19,1,1
2011/11/17 21,1,1
2011/11/17 22,1,3
2011/11/18 01,1,2
2011/11/18 02,1,6
2011/11/18 03,1,6
2011/11/18 04,1,3
2011/11/18 14,1,1
2011/11/18 16,2,3
2011/11/18 18,2,3
2011/11/18 20,1,0
2011/11/18 21,1,1
2011/11/18 22,1,1
2011/11/19 03,1,1
2011/11/19 04,1,1
2011/11/19 05,1,4
2011/11/19 06,1,5
2011/11/19 07,1,4
2011/11/19 08,2,6
2011/11/19 09,2,10
2011/11/19 10,1,8
2011/11/19 11,1,8
2011/11/19 12,1,4
2011/11/19 13,2,6
2011/11/19 14,2,13
2011/11/19 15,1,13
2011/11/19 16,1,12
2011/11/19 18,1,3
2011/11/19 19,1,1
2011/11/19 20,1,4
2011/11/19 21,1,3
2011/11/19 23,2,2
2011/11/20 00,1,5
2011/11/20 01,2,6
2011/11/20 05,1,1
2011/11/20 12,1,2
2011/11/20 13,2,5
2011/11/20 14,2,6
2011/11/20 18,1,1
2011/11/20 19,2,2
2011/11/20 21,1,3
2011/11/20 22,1,2
2011/11/20 23,1,5
2011/11/21 00,3,7
2011/11/21 01,3,10
2011/11/21 02,2,13
2011/11/21 03,1,5
2011/11/21 04,2,6
2011/11/21 05,2,16
2011/11/21 06,2,18
2011/11/21 07,1,3
2011/11/21 08,1,0
2011/11/21 14,1,2
2011/11/21 19,1,18
2011/11/21 20,1,20
2011/11/21 21,2,24
2011/11/21 22,2,20
2011/11/21 23,2,22
2011/11/22 00,3,24
2011/11/22 01,2,3
2011/11/22 03,1,2
2011/11/22 04,1,4
2011/11/22 05,1,0
2011/11/22 07,1,1
2011/11/22 08,1,1
2011/11/22 20,1,1
2011/11/22 21,2,3
2011/11/22 22,2,14
2011/11/22 23,2,13
2011/11/23 00,2,13
2011/11/23 01,3,16
2011/11/23 02,2,5
2011/11/23 03,3,7
2011/11/23 04,3,9
2011/11/23 05,2,3
2011/11/23 10,1,1
2011/11/23 11,1,3
2011/11/23 12,1,0
2011/11/23 15,1,2
2011/11/23 16,1,1
2011/11/23 17,2,74
2011/11/23 18,2,178
2011/11/23 19,4,22
2011/11/23 20,5,35
2011/11/23 21,5,40
2011/11/23 22,4,84
2011/11/23 23,1,24
2011/11/24 00,1,24
2011/11/24 01,3,20
2011/11/24 02,2,9
2011/11/24 03,2,17
2011/11/24 04,2,14
2011/11/24 05,2,11
2011/11/24 06,3,14
2011/11/24 07,3,13
2011/11/24 08,2,13
2011/11/24 09,2,14
2011/11/24 10,2,12
2011/11/24 11,1,8
2011/11/24 12,2,9
2011/11/24 13,1,1
2011/11/24 14,2,2
2011/11/24 15,2,4
2011/11/24 16,2,7
2011/11/24 17,1,0
2011/11/24 18,2,2
2011/11/24 19,2,1
2011/11/24 20,1,133
2011/11/24 21,2,6
2011/11/24 22,1,5
2011/11/24 23,1,5
2011/11/25 00,2,8
2011/11/25 01,3,15
2011/11/25 02,3,21
2011/11/25 03,3,21
2011/11/25 04,4,30
2011/11/25 05,3,28
2011/11/25 06,3,7
2011/11/25 07,1,1
2011/11/25 10,1,2
2011/11/25 11,1,1
2011/11/25 12,1,2
2011/11/25 13,1,3
2011/11/25 14,3,6
2011/11/25 15,1,4
2011/11/25 16,2,13
2011/11/25 17,1,5
2011/11/25 19,1,3
2011/11/25 20,3,20
2011/11/25 21,2,22
2011/11/25 22,3,27
2011/11/25 23,3,28
2011/11/26 00,1,1
2011/11/26 01,4,8
2011/11/26 02,8,20
2011/11/26 03,8,22
2011/11/26 04,3,7
2011/11/26 06,1,1
2011/11/26 07,2,1
2011/11/26 08,2,4
2011/11/26 09,2,1
2011/11/26 10,1,1
2011/11/26 15,1,1
2011/11/26 16,1,63
2011/11/26 17,2,11
2011/11/26 18,2,8
2011/11/26 19,2,3
2011/11/26 21,2,5
2011/11/26 22,1,8
2011/11/26 23,2,17
2011/11/27 00,2,6
2011/11/27 01,2,10
2011/11/27 02,3,10
2011/11/27 03,1,4
2011/11/27 04,3,9
2011/11/27 05,5,12
2011/11/27 07,2,18
2011/11/27 08,1,13
2011/11/27 09,2,11
2011/11/27 14,2,80
2011/11/27 15,1,106
2011/11/27 16,2,121
2011/11/27 17,3,106
2011/11/27 18,5,32
2011/11/27 19,5,14
2011/11/27 20,5,18
2011/11/27 21,4,12
2011/11/27 22,4,18
2011/11/27 23,2,7
2011/11/28 00,1,2
2011/11/28 01,1,3
2011/11/28 02,3,6
2011/11/28 03,1,4
2011/11/28 05,1,4
2011/11/28 09,1,2
2011/11/28 20,5,11
2011/11/28 21,6,19
2011/11/28 22,7,13
2011/11/28 23,3,14
2011/11/29 00,8,40
2011/11/29 01,7,28
2011/11/29 02,6,22
2011/11/29 03,5,47
2011/11/29 04,4,56
2011/11/29 05,2,56
2011/11/29 06,1,30
2011/11/29 09,1,1
2011/11/29 10,1,0
2011/11/29 20,3,4
2011/11/29 21,1,8
2011/11/29 22,3,10
2011/11/29 23,6,27
2011/11/30 00,5,14
2011/11/30 01,3,9
2011/11/30 02,2,8
2011/11/30 03,3,9
2011/11/30 04,3,10
2011/11/30 05,2,8
2011/11/30 06,1,6
2011/11/30 08,1,2
2011/11/30 09,1,1
2011/11/30 12,3,4
2011/11/30 13,2,5
2011/11/30 14,3,9
2011/11/30 15,1,1
2011/11/30 16,3,6
2011/11/30 17,4,9
2011/11/30 18,1,1
2011/11/30 19,1,1
2011/11/30 20,3,65
2011/11/30 21,4,11
2011/11/30 22,5,18
2011/11/30 23,4,10
2011/12/01 00,1,3
2011/12/01 01,2,6
2011/12/01 02,2,4
2011/12/01 03,2,7
2011/12/01 04,3,8
2011/12/01 05,3,10
2011/12/01 06,1,3
2011/12/01 07,1,0
2011/12/01 14,1,4
2011/12/01 15,2,20
2011/12/01 16,1,5
2011/12/01 17,5,36
2011/12/01 18,6,49
2011/12/01 19,13,264
2011/12/01 20,17,395
2011/12/01 21,22,538
2011/12/01 22,22,475
2011/12/01 23,23,476
2011/12/02 00,22,530
2011/12/02 01,24,737
2011/12/02 02,29,689
2011/12/02 03,28,663
2011/12/02 04,30,681
2011/12/02 05,28,644
2011/12/02 06,27,315
2011/12/02 07,15,243
2011/12/02 08,10,220
2011/12/02 09,10,187
2011/12/02 10,6,31
2011/12/02 11,5,23
2011/12/02 12,5,46
2011/12/02 13,7,39
2011/12/02 14,6,16
2011/12/02 15,7,92
2011/12/02 16,8,103
2011/12/02 17,17,118
2011/12/02 18,19,147
2011/12/02 19,19,417
2011/12/02 20,19,434
2011/12/02 21,22,256
2011/12/02 22,22,177
2011/12/02 23,26,578
2011/12/03 00,34,631
2011/12/03 01,27,593
2011/12/03 02,21,556
2011/12/03 03,13,520
2011/12/03 04,16,972
2011/12/03 05,20,1016
2011/12/03 06,18,650
2011/12/03 07,18,552
2011/12/03 08,16,516
2011/12/03 09,15,327
2011/12/03 10,16,213
2011/12/03 11,14,104
2011/12/03 12,12,112
2011/12/03 13,9,80
2011/12/03 14,13,57
2011/12/03 15,13,84
2011/12/03 16,14,232
2011/12/03 17,15,244
2011/12/03 18,17,83
2011/12/03 19,18,205
2011/12/03 20,20,380
2011/12/03 21,20,452
2011/12/03 22,21,570
2011/12/03 23,18,626
2011/12/04 00,19,519
2011/12/04 01,23,617
2011/12/04 02,18,605
2011/12/04 03,21,679
2011/12/04 04,16,670
2011/12/04 05,15,412
2011/12/04 06,15,582
2011/12/04 07,12,296
2011/12/04 08,9,63
2011/12/04 09,6,65
2011/12/04 10,6,75
2011/12/04 11,8,79
2011/12/04 12,7,60
2011/12/04 13,4,26
2011/12/04 14,4,32
2011/12/04 15,7,175
2011/12/04 16,7,274
2011/12/04 17,9,280
2011/12/04 18,10,486
2011/12/04 19,16,464
2011/12/04 20,18,590
2011/12/04 21,16,562
2011/12/04 22,20,603
2011/12/04 23,18,207
2011/12/05 00,19,403
2011/12/05 01,19,228
2011/12/05 02,18,209
2011/12/05 03,21,222
2011/12/05 04,16,159
2011/12/05 05,14,61
2011/12/05 06,13,65
2011/12/05 07,10,62
2011/12/05 08,8,57
2011/12/05 09,6,66
2011/12/05 10,6,98
2011/12/05 11,4,95
2011/12/05 12,5,84
2011/12/05 13,1,10
2011/12/05 14,3,19
2011/12/05 15,7,43
2011/12/05 16,7,56
2011/12/05 17,11,49
2011/12/05 18,15,131
2011/12/05 19,17,205
2011/12/05 20,18,181
2011/12/05 21,18,172
2011/12/05 22,16,153
2011/12/05 23,15,157
2011/12/06 00,13,70
2011/12/06 01,16,82
2011/12/06 02,14,244
2011/12/06 03,14,104
2011/12/06 04,18,120
2011/12/06 05,10,93
2011/12/06 06,11,91
2011/12/06 07,12,81
2011/12/06 08,7,51
2011/12/06 09,6,53
2011/12/06 10,5,70
2011/12/06 11,3,55
2011/12/06 12,2,17
2011/12/06 13,5,35
2011/12/06 14,4,34
2011/12/06 15,5,31
2011/12/06 16,6,34
2011/12/06 17,5,37
2011/12/06 18,8,36
2011/12/06 19,13,220
2011/12/06 20,13,348
2011/12/06 21,15,381
2011/12/06 22,18,457
2011/12/06 23,16,425
2011/12/07 00,14,445
2011/12/07 01,18,79
2011/12/07 02,19,87
2011/12/07 03,15,554
2011/12/07 04,15,468
2011/12/07 05,12,392
2011/12/07 06,9,344
2011/12/07 07,9,34
2011/12/07 08,7,28
2011/12/07 09,5,26
2011/12/07 10,5,32
2011/12/07 11,2,26
2011/12/07 13,1,7
2011/12/07 14,1,12
2011/12/07 15,2,18
2011/12/07 16,2,17
2011/12/07 17,4,32
2011/12/07 18,6,30
2011/12/07 19,6,18
2011/12/07 20,11,88
2011/12/07 21,14,398
2011/12/07 22,13,370
2011/12/07 23,8,379
2011/12/08 00,10,82
2011/12/08 01,11,72
2011/12/08 02,15,113
2011/12/08 03,19,552
2011/12/08 04,14,144
2011/12/08 05,16,449
2011/12/08 06,17,469
2011/12/08 07,15,450
2011/12/08 08,11,122
2011/12/08 09,9,94
2011/12/08 10,5,100
2011/12/08 11,2,55
2011/12/08 12,3,61
2011/12/08 13,3,84
2011/12/08 14,5,25
2011/12/08 15,3,29
2011/12/08 16,4,21
2011/12/08 17,3,22
2011/12/08 18,6,124
2011/12/08 19,9,123
2011/12/08 20,12,395
2011/12/08 21,16,465
2011/12/08 22,16,258
2011/12/08 23,12,215
2011/12/09 00,10,109
2011/12/09 01,9,80
2011/12/09 02,15,446
2011/12/09 03,17,621
2011/12/09 04,13,634
2011/12/09 05,16,627
2011/12/09 06,12,500
2011/12/09 07,8,79
2011/12/09 08,5,63
2011/12/09 09,5,40
2011/12/09 10,2,20
2011/12/09 11,3,25
2011/12/09 12,4,34
2011/12/09 13,3,34
2011/12/09 14,4,34
2011/12/09 15,3,15
2011/12/09 16,6,44
2011/12/09 17,6,49
2011/12/09 18,5,50
2011/12/09 19,10,48
2011/12/09 20,11,90
2011/12/09 21,8,56
2011/12/09 22,9,82
2011/12/09 23,15,176
2011/12/10 00,16,178
2011/12/10 01,13,129
2011/12/10 02,13,463
2011/12/10 03,15,475
2011/12/10 04,15,271
2011/12/10 05,14,213
2011/12/10 06,18,230
2011/12/10 07,16,185
2011/12/10 08,11,82
2011/12/10 09,6,82
2011/12/10 10,5,57
2011/12/10 11,4,37
2011/12/10 12,4,23
2011/12/10 13,1,7
2011/12/10 14,3,15
2011/12/10 15,7,47
2011/12/10 16,7,61
2011/12/10 17,10,79
2011/12/10 18,11,80
2011/12/10 19,15,175
2011/12/10 20,14,161
2011/12/10 21,17,97
2011/12/10 22,12,175
2011/12/10 23,13,220
2011/12/11 00,14,273
2011/12/11 01,12,126
2011/12/11 02,8,77
2011/12/11 03,9,58
2011/12/11 04,9,58
2011/12/11 05,10,55
2011/12/11 06,12,78
2011/12/11 07,12,59
2011/12/11 08,12,58
2011/12/11 09,8,28
2011/12/11 10,10,91
2011/12/11 11,8,94
2011/12/11 12,10,96
2011/12/11 13,7,113
2011/12/11 14,6,137
2011/12/11 15,8,114
2011/12/11 16,5,36
2011/12/11 17,10,72
2011/12/11 18,14,85
2011/12/11 19,12,249
2011/12/11 20,16,312
2011/12/11 21,16,226
2011/12/11 22,13,77
2011/12/11 23,14,106
2011/12/12 00,17,125
2011/12/12 01,11,104
2011/12/12 02,6,67
2011/12/12 03,11,110
2011/12/12 04,6,61
2011/12/12 05,5,68
2011/12/12 06,5,38
2011/12/12 07,3,39
2011/12/12 08,4,55
2011/12/12 09,3,55
2011/12/12 10,4,54
2011/12/12 11,4,28
2011/12/12 12,3,10
2011/12/12 13,3,148
2011/12/12 14,4,244
2011/12/12 15,7,267
2011/12/12 16,5,24
2011/12/12 17,4,27
2011/12/12 18,4,23
2011/12/12 19,6,42
2011/12/12 20,7,42
2011/12/12 21,7,37
2011/12/12 22,10,52
2011/12/12 23,15,75
2011/12/13 00,12,63
2011/12/13 01,8,55
2011/12/13 02,11,52
2011/12/13 03,12,352
2011/12/13 04,12,322
2011/12/13 05,13,57
2011/12/13 06,13,144
2011/12/13 07,9,39
2011/12/13 08,10,45
2011/12/13 09,6,24
2011/12/13 10,4,20
2011/12/13 11,3,13
2011/12/13 12,3,35
2011/12/13 13,3,32
2011/12/13 14,4,40
2011/12/13 15,3,22
2011/12/13 16,5,14
2011/12/13 17,4,18
2011/12/13 18,4,18
2011/12/13 19,2,8
2011/12/13 20,1,14
2011/12/13 21,4,41
2011/12/13 22,7,47
2011/12/13 23,10,58
2011/12/14 00,14,62
2011/12/14 01,10,220
2011/12/14 02,12,50
2011/12/14 03,12,49
2011/12/14 04,9,45
2011/12/14 05,4,15
2011/12/14 06,5,27
2011/12/14 07,6,60
2011/12/14 08,6,64
2011/12/14 09,4,63
2011/12/14 10,2,55
2011/12/14 11,1,39
2011/12/14 12,2,9
2011/12/14 13,4,22
2011/12/14 14,4,19
2011/12/14 15,3,19
2011/12/14 16,3,10
2011/12/14 17,4,101
2011/12/14 18,7,154
2011/12/14 19,7,154
2011/12/14 20,7,65
2011/12/14 21,6,186
2011/12/14 22,8,104
2011/12/14 23,9,77
2011/12/15 00,8,78
2011/12/15 01,10,90
2011/12/15 02,11,327
2011/12/15 03,7,274
2011/12/15 04,5,40
2011/12/15 05,7,135
2011/12/15 06,5,124
2011/12/15 07,5,407
2011/12/15 08,4,347
2011/12/15 09,3,98
2011/12/15 10,3,80
2011/12/15 11,3,79
2011/12/15 12,2,1
2011/12/15 13,2,4
2011/12/15 14,2,7
2011/12/15 15,3,10
2011/12/15 16,6,78
2011/12/15 17,5,87
2011/12/15 18,3,100
2011/12/15 19,4,108
2011/12/15 20,10,263
2011/12/15 21,11,188
2011/12/15 22,9,219
2011/12/15 23,12,107
2011/12/16 00,11,101
2011/12/16 01,16,413
2011/12/16 02,16,441
2011/12/16 03,15,231
2011/12/16 04,10,268
2011/12/16 05,10,205
2011/12/16 06,6,138
2011/12/16 07,5,102
2011/12/16 08,3,17
2011/12/16 09,1,14
2011/12/16 10,2,18
2011/12/16 11,1,6
2011/12/16 12,1,5
2011/12/16 13,2,10
2011/12/16 14,3,17
2011/12/16 15,4,25
2011/12/16 16,2,16
2011/12/16 17,4,9
2011/12/16 18,5,15
2011/12/16 19,4,16
2011/12/16 20,7,32
2011/12/16 21,10,51
2011/12/16 22,10,55
2011/12/16 23,13,96
2011/12/17 00,17,117
2011/12/17 01,15,186
2011/12/17 02,7,139
2011/12/17 03,9,20
2011/12/17 04,8,89
2011/12/17 05,10,102
2011/12/17 06,11,106
2011/12/17 07,8,68
2011/12/17 08,7,68
2011/12/17 09,5,68
2011/12/17 10,4,55
2011/12/17 11,3,28
2011/12/17 12,3,7
2011/12/17 13,2,13
2011/12/17 14,2,11
2011/12/17 15,1,0
2011/12/17 16,4,15
2011/12/17 17,5,58
2011/12/17 18,7,70
2011/12/17 19,8,30
2011/12/17 20,8,21
2011/12/17 21,10,34
2011/12/17 22,10,31
2011/12/17 23,15,332
2011/12/18 00,15,402
2011/12/18 01,14,216
2011/12/18 02,12,201
2011/12/18 03,8,46
2011/12/18 04,7,25
2011/12/18 05,8,38
2011/12/18 06,8,82
2011/12/18 07,6,91
2011/12/18 08,5,108
2011/12/18 09,2,87
2011/12/18 10,1,71
2011/12/18 11,1,70
2011/12/18 12,1,3
2011/12/18 14,1,3
2011/12/18 15,4,115
2011/12/18 16,6,211
2011/12/18 17,8,229
2011/12/18 18,8,207
2011/12/18 19,10,52
2011/12/18 20,16,63
2011/12/18 21,13,64
2011/12/18 22,10,57
2011/12/18 23,11,65
2011/12/19 00,7,39
2011/12/19 01,6,44
2011/12/19 02,4,28
2011/12/19 03,6,50
2011/12/19 04,7,87
2011/12/19 05,7,101
2011/12/19 06,6,146
2011/12/19 07,9,142
2011/12/19 08,11,152
2011/12/19 09,7,114
2011/12/19 10,6,101
2011/12/19 11,4,71
2011/12/19 12,4,53
2011/12/19 13,1,13
2011/12/19 14,2,10
2011/12/19 15,2,9
2011/12/19 16,4,22
2011/12/19 17,8,45
2011/12/19 18,5,35
2011/12/19 19,9,35
2011/12/19 20,9,59
2011/12/19 21,8,77
2011/12/19 22,7,95
2011/12/19 23,10,81
2011/12/20 00,18,121
2011/12/20 01,15,249
2011/12/20 02,14,188
2011/12/20 03,13,174
2011/12/20 04,13,172
2011/12/20 05,11,130
2011/12/20 06,10,123
2011/12/20 07,8,121
2011/12/20 08,6,124
2011/12/20 09,6,135
2011/12/20 10,4,50
2011/12/20 11,3,40
2011/12/20 12,3,40
2011/12/20 13,2,26
2011/12/20 14,3,20
2011/12/20 15,2,23
2011/12/20 16,5,26
2011/12/20 17,8,45
2011/12/20 18,7,45
2011/12/20 19,7,58
2011/12/20 20,9,61
2011/12/20 21,10,100
2011/12/20 22,10,115
2011/12/20 23,14,267
2011/12/21 00,15,321
2011/12/21 01,17,257
2011/12/21 02,14,75
2011/12/21 03,11,93
2011/12/21 04,4,83
2011/12/21 05,8,84
2011/12/21 06,7,86
2011/12/21 07,6,49
2011/12/21 08,7,89
2011/12/21 09,6,94
2011/12/21 10,6,98
2011/12/21 11,4,85
2011/12/21 12,4,31
2011/12/21 13,3,21
2011/12/21 14,3,18
2011/12/21 15,2,16
2011/12/21 16,3,19
2011/12/21 17,5,27
2011/12/21 18,5,54
2011/12/21 19,9,104
2011/12/21 20,10,100
2011/12/21 21,13,201
2011/12/21 22,14,63
2011/12/21 23,11,119
2011/12/22 00,10,172
2011/12/22 01,9,45
2011/12/22 02,8,50
2011/12/22 03,11,56
2011/12/22 04,11,41
2011/12/22 05,10,42
2011/12/22 06,5,23
2011/12/22 07,5,32
2011/12/22 08,6,24
2011/12/22 09,4,36
2011/12/22 10,4,20
2011/12/22 11,1,3
2011/12/22 12,1,1
2011/12/22 13,3,9
2011/12/22 14,3,14
2011/12/22 15,4,26
2011/12/22 16,5,32
2011/12/22 17,4,33
2011/12/22 18,7,42
2011/12/22 19,10,115
2011/12/22 20,10,168
2011/12/22 21,10,24517
2011/12/22 22,8,24894
2011/12/22 23,11,23789
2011/12/23 00,11,23282
2011/12/23 01,10,77
2011/12/23 02,12,64
2011/12/23 03,15,71
2011/12/23 04,14,77
2011/12/23 05,12,50
2011/12/23 06,9,42
2011/12/23 07,7,35
2011/12/23 08,5,25
2011/12/23 09,4,27
2011/12/23 10,2,14
2011/12/23 11,2,10
2011/12/23 12,3,4
2011/12/23 13,2,10
2011/12/23 14,5,22
2011/12/23 15,4,58
2011/12/23 16,7,88
2011/12/23 17,4,46
2011/12/23 18,5,84
2011/12/23 19,7,145
2011/12/23 20,10,139
2011/12/23 21,13,158
2011/12/23 22,14,133
2011/12/23 23,10,127
2011/12/24 00,12,92
2011/12/24 01,15,72
2011/12/24 02,19,199
2011/12/24 03,14,164
2011/12/24 04,10,128
2011/12/24 05,8,109
2011/12/24 06,8,152
2011/12/24 07,8,179
2011/12/24 08,8,501
2011/12/24 09,7,148
2011/12/24 10,4,57
2011/12/24 11,3,10
2011/12/24 12,4,21
2011/12/24 13,5,26
2011/12/24 14,4,18
2011/12/24 15,4,9
2011/12/24 16,5,24
2011/12/24 17,5,29
2011/12/24 18,4,35
2011/12/24 19,9,61
2011/12/24 20,10,148
2011/12/24 21,10,118
2011/12/24 22,6,69
2011/12/24 23,7,206
2011/12/25 00,6,195
2011/12/25 01,4,19
2011/12/25 02,5,25
2011/12/25 03,9,150
2011/12/25 04,9,71
2011/12/25 05,9,80
2011/12/25 06,7,68
2011/12/25 07,8,59
2011/12/25 08,7,27
2011/12/25 09,6,12
2011/12/25 10,4,9
2011/12/25 11,2,4
2011/12/25 12,3,29
2011/12/25 13,3,42
2011/12/25 14,4,53
2011/12/25 15,3,31
2011/12/25 16,4,46
2011/12/25 17,4,78
2011/12/25 18,4,79
2011/12/25 19,6,92
2011/12/25 20,6,50
2011/12/25 21,7,42
2011/12/25 22,8,47
2011/12/25 23,6,103
2011/12/26 00,3,28
2011/12/26 01,3,17
2011/12/26 02,5,27
2011/12/26 03,10,80
2011/12/26 04,8,78
2011/12/26 05,5,65
2011/12/26 06,5,53
2011/12/26 07,5,45
2011/12/26 08,9,57
2011/12/26 09,6,60
2011/12/26 10,7,114
2011/12/26 11,5,27
2011/12/26 12,5,24
2011/12/26 13,4,12
2011/12/26 14,2,3
2011/12/26 15,2,3
2011/12/26 16,5,35
2011/12/26 17,5,51
2011/12/26 18,6,54
2011/12/26 19,6,65
2011/12/26 20,5,66
2011/12/26 21,10,95
2011/12/26 22,8,91
2011/12/26 23,11,145
2011/12/27 00,12,162
2011/12/27 01,13,145
2011/12/27 02,10,68
2011/12/27 03,11,85
2011/12/27 04,8,78
2011/12/27 05,12,86
2011/12/27 06,16,139
2011/12/27 07,12,64
2011/12/27 08,10,63
2011/12/27 09,7,50
2011/12/27 10,8,31
2011/12/27 11,5,36
2011/12/27 12,7,22
2011/12/27 13,4,20
2011/12/27 14,3,9
2011/12/27 15,4,12
2011/12/27 16,3,25
2011/12/27 17,7,41
2011/12/27 18,10,46
2011/12/27 19,9,42
2011/12/27 20,13,65
2011/12/27 21,19,104
2011/12/27 22,21,107
2011/12/27 23,21,131
2011/12/28 00,18,219
2011/12/28 01,17,281
2011/12/28 02,19,190
2011/12/28 03,17,169
2011/12/28 04,13,97
2011/12/28 05,11,48
2011/12/28 06,11,67
2011/12/28 07,10,59
2011/12/28 08,11,55
2011/12/28 09,11,88
2011/12/28 10,6,76
2011/12/28 11,13,83
2011/12/28 12,9,121
2011/12/28 13,9,158
2011/12/28 14,12,199
2011/12/28 15,12,122
2011/12/28 16,12,122
2011/12/28 17,4,24
2011/12/28 18,6,34
2011/12/28 19,7,32
2011/12/28 20,12,93
2011/12/28 21,14,107
2011/12/28 22,17,95
2011/12/28 23,15,95
2011/12/29 00,16,435
2011/12/29 01,13,305
2011/12/29 02,15,148
2011/12/29 03,12,144
2011/12/29 04,11,114
2011/12/29 05,9,69
2011/12/29 06,13,65
2011/12/29 07,17,83
2011/12/29 08,15,74
2011/12/29 09,12,116
2011/12/29 10,12,71
2011/12/29 11,10,48
2011/12/29 12,6,40
2011/12/29 13,8,30
2011/12/29 14,6,25
2011/12/29 15,5,24
2011/12/29 16,3,22
2011/12/29 17,5,21
2011/12/29 18,7,43
2011/12/29 19,9,59
2011/12/29 20,6,166
2011/12/29 21,7,57
2011/12/29 22,12,71
2011/12/29 23,17,98
2011/12/30 00,18,114
2011/12/30 01,14,115
2011/12/30 02,15,80
2011/12/30 03,12,90
2011/12/30 04,16,101
2011/12/30 05,13,87
2011/12/30 06,14,73
2011/12/30 07,12,63
2011/12/30 08,10,59
2011/12/30 09,6,48
2011/12/30 10,11,39
2011/12/30 11,12,109
2011/12/30 12,7,41
2011/12/30 13,5,45
2011/12/30 14,5,40
2011/12/30 15,9,58
2011/12/30 16,7,73
2011/12/30 17,7,102
2011/12/30 18,10,127
2011/12/30 19,8,110
2011/12/30 20,11,117
2011/12/30 21,14,81
2011/12/30 22,10,80
2011/12/30 23,9,71
2011/12/31 00,7,42
2011/12/31 01,12,92
2011/12/31 02,13,73
2011/12/31 03,10,49
2011/12/31 04,6,38
2011/12/31 05,12,221
2011/12/31 06,12,189
2011/12/31 07,9,170
2011/12/31 08,9,175
2011/12/31 09,6,54
2011/12/31 10,10,50
2011/12/31 11,8,96
2011/12/31 12,4,85
2011/12/31 13,3,23
2011/12/31 14,1,9
2011/12/31 15,4,26
2011/12/31 16,9,52
2011/12/31 17,6,55
2011/12/31 18,8,59
2011/12/31 19,9,53
2011/12/31 20,9,75
2011/12/31 21,9,53
2011/12/31 22,10,74
2011/12/31 23,16,240
2012/01/01 00,13,262
2012/01/01 01,13,200
2012/01/01 02,14,66
2012/01/01 03,10,67
2012/01/01 04,4,58
2012/01/01 05,10,752
2012/01/01 06,9,504
2012/01/01 07,9,190
2012/01/01 08,8,162
2012/01/01 09,6,47
2012/01/01 10,5,32
2012/01/01 11,4,33
2012/01/01 12,8,36
2012/01/01 13,8,173
2012/01/01 14,5,44
2012/01/01 15,5,55
2012/01/01 16,4,206
2012/01/01 17,5,288
2012/01/01 18,12,307
2012/01/01 19,8,45
2012/01/01 20,3,45
2012/01/01 21,6,52
2012/01/01 22,9,62
2012/01/01 23,7,73
2012/01/02 00,8,69
2012/01/02 01,8,113
2012/01/02 02,8,96
2012/01/02 03,14,118
2012/01/02 04,18,142
2012/01/02 05,14,119
2012/01/02 06,15,286
2012/01/02 07,15,236
2012/01/02 08,14,222
2012/01/02 09,11,196
2012/01/02 10,7,63
2012/01/02 11,6,33
2012/01/02 12,5,104
2012/01/02 13,6,60
2012/01/02 14,8,169
2012/01/02 15,5,39
2012/01/02 16,6,36
2012/01/02 17,7,42
2012/01/02 18,9,118
2012/01/02 19,12,117
2012/01/02 20,16,132
2012/01/02 21,16,139
2012/01/02 22,13,103
2012/01/02 23,16,128
2012/01/03 00,17,137
2012/01/03 01,20,823
2012/01/03 02,13,879
2012/01/03 03,16,865
2012/01/03 04,9,714
2012/01/03 05,7,106
2012/01/03 06,6,92
2012/01/03 07,4,65
2012/01/03 08,7,55
2012/01/03 09,7,67
2012/01/03 10,4,42
2012/01/03 11,7,49
2012/01/03 12,9,61
2012/01/03 13,8,50
2012/01/03 14,7,56
2012/01/03 15,9,47
2012/01/03 16,12,64
2012/01/03 17,10,47
2012/01/03 18,9,60
2012/01/03 19,11,64
2012/01/03 20,13,85
2012/01/03 21,10,61
2012/01/03 22,11,64
2012/01/03 23,9,69
2012/01/04 00,10,76
2012/01/04 01,10,87
2012/01/04 02,10,87
2012/01/04 03,10,88
2012/01/04 04,10,72
2012/01/04 05,8,49
2012/01/04 06,6,22
2012/01/04 07,8,24
2012/01/04 08,7,29
2012/01/04 09,9,32
2012/01/04 10,6,37
2012/01/04 11,7,60
2012/01/04 12,8,59
2012/01/04 13,6,55
2012/01/04 14,4,58
2012/01/04 15,8,57
2012/01/04 16,12,53
2012/01/04 17,14,84
2012/01/04 18,11,94
2012/01/04 19,9,91
2012/01/04 20,6,91
2012/01/04 21,7,112
2012/01/04 22,13,100
2012/01/04 23,11,122
2012/01/05 00,12,152
2012/01/05 01,12,239
2012/01/05 02,15,205
2012/01/05 03,14,182
2012/01/05 04,14,326
2012/01/05 05,14,109
2012/01/05 06,10,106
2012/01/05 07,7,70
2012/01/05 08,6,37
2012/01/05 09,5,42
2012/01/05 10,8,54
2012/01/05 11,9,54
2012/01/05 12,6,24
2012/01/05 13,5,149
2012/01/05 14,5,57
2012/01/05 15,6,56
2012/01/05 16,4,34
2012/01/05 17,5,45
2012/01/05 18,6,47
2012/01/05 19,5,61
2012/01/05 20,5,65
2012/01/05 21,4,25
2012/01/05 22,11,77
2012/01/05 23,12,77
2012/01/06 00,8,78
2012/01/06 01,9,86
2012/01/06 02,11,88
2012/01/06 03,12,101
2012/01/06 04,10,80
2012/01/06 05,4,46
2012/01/06 06,6,27
2012/01/06 07,7,26
2012/01/06 08,5,26
2012/01/06 09,5,17
2012/01/06 10,7,29
2012/01/06 11,4,21
2012/01/06 12,4,18
2012/01/06 13,6,32
2012/01/06 14,7,34
2012/01/06 15,5,28
2012/01/06 16,5,29
2012/01/06 17,5,41
2012/01/06 18,8,47
2012/01/06 19,8,49
2012/01/06 20,8,137
2012/01/06 21,10,54
2012/01/06 22,11,68
2012/01/06 23,12,97
2012/01/07 00,13,126
2012/01/07 01,14,131
2012/01/07 02,11,98
2012/01/07 03,13,118
2012/01/07 04,8,93
2012/01/07 05,6,33
2012/01/07 06,10,40
2012/01/07 07,8,36
2012/01/07 08,8,26
2012/01/07 09,7,28
2012/01/07 10,4,31
2012/01/07 11,6,28
2012/01/07 12,6,32
2012/01/07 13,5,48
2012/01/07 14,4,56
2012/01/07 15,4,44
2012/01/07 16,4,34
2012/01/07 17,4,35
2012/01/07 18,5,50
2012/01/07 19,8,70
2012/01/07 20,11,86
2012/01/07 21,10,76
2012/01/07 22,12,61
2012/01/07 23,18,246
2012/01/08 00,19,300
2012/01/08 01,19,373
2012/01/08 02,15,458
2012/01/08 03,13,176
2012/01/08 04,12,120
2012/01/08 05,12,84
2012/01/08 06,12,64
2012/01/08 07,9,46
2012/01/08 08,7,39
2012/01/08 09,5,29
2012/01/08 10,6,32
2012/01/08 11,3,21
2012/01/08 12,4,11
2012/01/08 13,5,147
2012/01/08 14,6,38
2012/01/08 15,4,30
2012/01/08 16,7,100
2012/01/08 17,9,237
2012/01/08 18,11,306
2012/01/08 19,9,62
2012/01/08 20,6,61
2012/01/08 21,8,76
2012/01/08 22,12,130
2012/01/08 23,9,115
2012/01/09 00,7,103
2012/01/09 01,7,138
2012/01/09 02,10,266
2012/01/09 03,10,281
2012/01/09 04,11,970
2012/01/09 05,18,1003
2012/01/09 06,17,959
2012/01/09 07,13,882
2012/01/09 08,9,161
2012/01/09 09,5,60
2012/01/09 10,4,73
2012/01/09 11,3,15
2012/01/09 12,4,29
2012/01/09 13,3,26
2012/01/09 14,2,22
2012/01/09 15,1,16
