2011/09/30 22,1,2
2011/09/30 23,1,7
2011/10/01 00,2,142
2011/10/01 01,1,6
2011/10/01 02,1,12
2011/10/01 03,1,21
2011/10/01 04,2,17
2011/10/01 05,2,14
2011/10/01 06,1,4
2011/10/01 07,2,7
2011/10/01 08,1,4
2011/10/01 09,1,3
2011/10/01 10,3,21
2011/10/01 11,1,33
2011/10/01 12,1,48
2011/10/01 13,1,38
2011/10/01 14,2,1
2011/10/01 15,2,2
2011/10/01 19,1,2
2011/10/01 20,1,4
2011/10/01 21,2,9
2011/10/01 22,2,19
2011/10/01 23,2,25
2011/10/02 00,2,8
2011/10/02 01,1,8
2011/10/02 02,1,8
2011/10/02 03,1,5
2011/10/02 04,2,21
2011/10/02 05,1,15
2011/10/02 06,1,15
2011/10/02 13,1,1
2011/10/02 14,1,41
2011/10/02 15,3,91
2011/10/02 16,3,118
2011/10/02 17,2,16
2011/10/02 18,1,2
2011/10/02 19,2,6
2011/10/02 20,3,9
2011/10/02 21,4,34
2011/10/02 22,2,26
2011/10/02 23,3,31
2011/10/03 00,2,28
2011/10/03 01,3,45
2011/10/03 02,3,57
2011/10/03 03,1,29
2011/10/03 07,1,8
2011/10/03 08,1,14
2011/10/03 09,1,16
2011/10/03 10,1,14
2011/10/03 11,1,13
2011/10/03 22,1,0
2011/10/03 23,2,12
2011/10/04 00,2,9
2011/10/04 01,1,3
2011/10/04 06,2,4
2011/10/04 07,1,2
2011/10/04 09,1,0
2011/10/04 10,1,5
2011/10/04 11,1,9
2011/10/04 16,1,2
2011/10/04 17,1,5
2011/10/04 18,1,4
2011/10/04 19,1,4
2011/10/04 20,2,4
2011/10/04 21,1,4
2011/10/04 22,1,1
2011/10/05 04,2,3
2011/10/05 05,2,8
2011/10/05 06,3,12
2011/10/05 07,4,16
2011/10/05 08,3,20
2011/10/05 09,2,18
2011/10/05 10,2,22
2011/10/05 11,1,13
2011/10/05 12,1,1
2011/10/05 18,2,27
2011/10/05 19,2,29
2011/10/05 20,3,4
2011/10/05 21,2,2
2011/10/05 22,2,1
2011/10/05 23,1,1
2011/10/06 03,2,6
2011/10/06 04,4,10
2011/10/06 05,3,6
2011/10/06 06,2,12
2011/10/06 07,3,23
2011/10/06 08,3,29
2011/10/06 09,2,22
2011/10/06 10,2,17
2011/10/06 12,1,1
2011/10/06 13,1,1
2011/10/06 15,1,3
2011/10/06 16,2,3
2011/10/06 17,1,1
2011/10/06 18,1,1
2011/10/06 19,1,1
2011/10/06 20,2,1
2011/10/06 21,1,1
2011/10/06 23,1,2
2011/10/07 00,1,3
2011/10/07 04,1,2
2011/10/07 05,1,2
2011/10/07 07,2,5
2011/10/07 08,1,1
2011/10/07 13,1,1
2011/10/07 14,1,1
2011/10/07 15,1,1
2011/10/07 16,1,1
2011/10/07 17,1,2
2011/10/07 18,1,4
2011/10/07 19,2,5
2011/10/07 20,3,6
2011/10/07 21,4,17
2011/10/07 22,3,16
2011/10/07 23,2,12
2011/10/08 00,1,5
2011/10/08 02,3,3
2011/10/08 03,1,2
2011/10/08 04,1,2
2011/10/08 05,3,3
2011/10/08 06,2,5
2011/10/08 07,1,4
2011/10/08 10,1,9
2011/10/08 11,1,47
2011/10/08 12,1,56
2011/10/08 13,1,38
2011/10/08 14,1,33
2011/10/08 15,2,28
2011/10/08 16,3,13
2011/10/08 17,2,17
2011/10/08 18,2,16
2011/10/08 21,2,5
2011/10/08 22,1,2
2011/10/08 23,1,3
2011/10/09 00,2,10
2011/10/09 01,1,10
2011/10/09 02,2,10
2011/10/09 03,1,2
2011/10/09 04,1,3
2011/10/09 05,3,8
2011/10/09 06,3,11
2011/10/09 07,2,13
2011/10/09 08,1,5
2011/10/09 13,1,1
2011/10/09 15,2,7
2011/10/09 16,1,7
2011/10/09 17,3,56
2011/10/09 18,1,62
2011/10/09 19,1,52
2011/10/09 20,2,43
2011/10/09 21,3,48
2011/10/09 22,2,12
2011/10/09 23,3,15
2011/10/10 00,4,23
2011/10/10 01,3,12
2011/10/10 02,4,4
2011/10/10 03,3,16
2011/10/10 04,4,22
2011/10/10 05,4,28
2011/10/10 06,3,37
2011/10/10 07,2,29
2011/10/10 08,1,43
2011/10/10 09,2,65
2011/10/10 10,2,79
2011/10/10 11,1,64
2011/10/10 14,3,11
2011/10/10 15,4,26
2011/10/10 16,5,30
2011/10/10 17,5,32
2011/10/10 21,3,21
2011/10/10 22,1,13
2011/10/10 23,2,15
2011/10/11 02,1,3
2011/10/11 03,2,14
2011/10/11 04,1,10
2011/10/11 07,2,1
2011/10/11 08,1,3
2011/10/11 09,1,4
2011/10/11 10,1,1
2011/10/11 11,1,1
2011/10/11 13,1,2
2011/10/11 14,4,41
2011/10/11 15,4,62
2011/10/11 16,4,99
2011/10/11 17,3,53
2011/10/11 18,2,7
2011/10/11 19,1,6
2011/10/11 20,1,6
2011/10/11 21,1,5
2011/10/11 22,1,2
2011/10/11 23,1,1
2011/10/12 00,1,0
2011/10/12 01,2,0
2011/10/12 02,3,4
2011/10/12 03,2,13
2011/10/12 04,3,11
2011/10/12 05,2,4
2011/10/12 06,2,6
2011/10/12 07,2,17
2011/10/12 08,3,21
2011/10/12 09,3,29
2011/10/12 10,3,29
2011/10/12 11,1,20
2011/10/12 12,1,7
2011/10/12 13,1,64
2011/10/12 14,1,72
2011/10/12 15,2,68
2011/10/12 16,3,84
2011/10/12 17,1,6
2011/10/12 18,2,4
2011/10/12 19,3,8
2011/10/12 20,3,14
2011/10/12 21,3,22
2011/10/12 22,4,17
2011/10/12 23,2,6
2011/10/13 00,2,5
2011/10/13 01,1,3
2011/10/13 02,1,7
2011/10/13 03,4,14
2011/10/13 04,2,11
2011/10/13 05,2,12
2011/10/13 07,1,8
2011/10/13 08,1,16
2011/10/13 09,1,16
2011/10/13 10,2,19
2011/10/13 11,2,16
2011/10/13 12,1,1
2011/10/13 13,1,5
2011/10/13 14,2,6
2011/10/13 15,2,5
2011/10/13 16,4,13
2011/10/13 17,4,17
2011/10/13 18,5,19
2011/10/13 19,5,27
2011/10/13 20,4,25
2011/10/13 21,4,31
2011/10/13 22,4,28
2011/10/13 23,3,14
2011/10/14 00,4,10
2011/10/14 01,4,15
2011/10/14 02,3,24
2011/10/14 03,3,19
2011/10/14 04,2,12
2011/10/14 05,2,11
2011/10/14 07,2,13
2011/10/14 08,3,16
2011/10/14 09,3,21
2011/10/14 10,1,14
2011/10/14 15,2,3
2011/10/14 16,2,7
2011/10/14 17,3,11
2011/10/14 18,2,6
2011/10/14 19,4,24
2011/10/14 20,4,95
2011/10/14 21,6,94
2011/10/14 22,4,22
2011/10/14 23,2,15
2011/10/15 00,1,13
2011/10/15 01,2,9
2011/10/15 02,1,4
2011/10/15 03,3,7
2011/10/15 04,2,6
2011/10/15 05,2,4
2011/10/15 06,2,3
2011/10/15 07,1,3
2011/10/15 09,1,2
2011/10/15 10,1,6
2011/10/15 12,1,2
2011/10/15 13,1,2
2011/10/15 14,1,4
2011/10/15 15,1,3
2011/10/15 16,3,6
2011/10/15 17,3,95
2011/10/15 18,2,7
2011/10/15 19,2,9
2011/10/15 20,2,10
2011/10/15 21,2,12
2011/10/15 22,3,12
2011/10/15 23,3,10
2011/10/16 01,1,0
2011/10/16 02,2,9
2011/10/16 03,2,18
2011/10/16 04,2,16
2011/10/16 05,2,50
2011/10/16 06,2,42
2011/10/16 07,1,30
2011/10/16 08,1,20
2011/10/16 12,1,1
2011/10/16 13,1,3
2011/10/16 14,1,10
2011/10/16 15,1,10
2011/10/16 16,1,2
2011/10/16 17,1,4
2011/10/16 18,3,136
2011/10/16 19,1,7
2011/10/16 20,3,12
2011/10/16 21,2,11
2011/10/16 22,4,19
2011/10/16 23,3,19
2011/10/17 00,4,6
2011/10/17 01,3,14
2011/10/17 02,4,103
2011/10/17 03,3,30
2011/10/17 04,3,22
2011/10/17 05,2,11
2011/10/17 06,2,11
2011/10/17 07,2,11
2011/10/17 08,1,6
2011/10/17 11,1,1
2011/10/17 12,1,7
2011/10/17 13,2,9
2011/10/17 14,4,16
2011/10/17 15,3,14
2011/10/17 16,1,6
2011/10/17 17,3,20
2011/10/17 18,6,22
2011/10/17 19,6,26
2011/10/17 20,8,36
2011/10/17 21,5,24
2011/10/17 22,4,23
2011/10/17 23,2,13
2011/10/18 00,2,9
2011/10/18 01,3,10
2011/10/18 02,3,12
2011/10/18 03,2,12
2011/10/18 04,2,10
2011/10/18 05,3,49
2011/10/18 06,3,46
2011/10/18 07,1,7
2011/10/18 08,2,7
2011/10/18 09,2,6
2011/10/18 13,1,2
2011/10/18 17,1,3
2011/10/18 18,2,9
2011/10/18 19,3,12
2011/10/18 20,4,27
2011/10/18 21,4,29
2011/10/18 22,5,44
2011/10/18 23,5,29
2011/10/19 00,4,17
2011/10/19 01,3,12
2011/10/19 02,4,12
2011/10/19 03,4,20
2011/10/19 04,1,13
2011/10/19 08,1,0
2011/10/19 13,2,1
2011/10/19 14,1,8
2011/10/19 15,3,12
2011/10/19 16,4,10
2011/10/19 17,4,18
2011/10/19 18,5,20
2011/10/19 19,5,27
2011/10/19 20,5,21
2011/10/19 21,4,20
2011/10/19 22,4,14
2011/10/19 23,3,8
2011/10/20 00,3,9
2011/10/20 01,3,10
2011/10/20 02,4,11
2011/10/20 03,2,9
2011/10/20 04,3,11
2011/10/20 05,3,9
2011/10/20 06,2,7
2011/10/20 07,2,55
2011/10/20 08,1,49
2011/10/20 09,1,59
2011/10/20 10,1,68
2011/10/20 11,1,64
2011/10/20 12,1,63
2011/10/20 16,1,14
2011/10/20 17,1,6
2011/10/20 18,2,15
2011/10/20 19,4,22
2011/10/20 20,4,27
2011/10/20 21,3,28
2011/10/20 22,4,36
2011/10/20 23,5,25
2011/10/21 00,2,14
2011/10/21 01,3,15
2011/10/21 02,3,20
2011/10/21 03,6,27
2011/10/21 04,4,19
2011/10/21 05,5,16
2011/10/21 06,4,13
2011/10/21 07,3,10
2011/10/21 08,3,7
2011/10/21 09,1,3
2011/10/21 10,1,4
2011/10/21 11,1,2
2011/10/21 13,2,3
2011/10/21 14,2,4
2011/10/21 15,1,3
2011/10/21 16,1,4
2011/10/21 17,3,13
2011/10/21 18,6,10
2011/10/21 19,5,25
2011/10/21 20,5,23
2011/10/21 21,4,46
2011/10/21 22,5,44
2011/10/21 23,8,80
2011/10/22 00,5,46
2011/10/22 01,2,28
2011/10/22 02,1,3
2011/10/22 03,3,13
2011/10/22 04,2,11
2011/10/22 05,1,6
2011/10/22 06,1,3
2011/10/22 07,1,1
2011/10/22 08,1,4
2011/10/22 09,1,9
2011/10/22 10,1,11
2011/10/22 11,1,12
2011/10/22 12,1,1
2011/10/22 13,2,9
2011/10/22 14,2,15
2011/10/22 15,2,30
2011/10/22 16,3,27
2011/10/22 17,3,6
2011/10/22 18,2,3
2011/10/22 19,3,71
2011/10/22 20,4,113
2011/10/22 21,4,117
2011/10/22 22,3,119
2011/10/22 23,2,112
2011/10/23 00,1,7
2011/10/23 01,2,13
2011/10/23 02,1,2
2011/10/23 03,1,3
2011/10/23 04,3,11
2011/10/23 05,5,14
2011/10/23 06,4,13
2011/10/23 07,3,15
2011/10/23 08,2,19
2011/10/23 09,1,17
2011/10/23 10,3,69
2011/10/23 11,3,105
2011/10/23 12,2,170
2011/10/23 13,2,72
2011/10/23 14,2,12
2011/10/23 15,1,6
2011/10/23 16,1,9
2011/10/23 17,2,10
2011/10/23 18,3,19
2011/10/23 19,6,33
2011/10/23 20,7,38
2011/10/23 21,5,31
2011/10/23 22,6,30
2011/10/23 23,3,17
2011/10/24 00,2,7
2011/10/24 01,2,9
2011/10/24 02,3,9
2011/10/24 03,3,9
2011/10/24 04,3,9
2011/10/24 05,2,9
2011/10/24 06,3,11
2011/10/24 07,4,32
2011/10/24 08,5,53
2011/10/24 09,4,49
2011/10/24 10,4,53
2011/10/24 11,1,22
2011/10/24 14,2,8
2011/10/24 15,2,12
2011/10/24 16,1,2
2011/10/24 17,2,8
2011/10/24 18,3,13
2011/10/24 19,3,12
2011/10/24 20,4,21
2011/10/24 21,4,24
2011/10/24 22,2,15
2011/10/24 23,2,13
2011/10/25 00,5,27
2011/10/25 01,5,19
2011/10/25 02,4,21
2011/10/25 03,6,30
2011/10/25 04,7,38
2011/10/25 05,5,23
2011/10/25 06,4,8
2011/10/25 07,3,10
2011/10/25 08,2,8
2011/10/25 09,1,3
2011/10/25 12,2,5
2011/10/25 13,1,5
2011/10/25 14,1,13
2011/10/25 15,1,18
2011/10/25 17,1,3
2011/10/25 18,2,13
2011/10/25 19,2,24
2011/10/25 20,4,35
2011/10/25 21,4,33
2011/10/25 22,4,14
2011/10/25 23,4,19
2011/10/26 00,2,6
2011/10/26 01,2,3
2011/10/26 02,2,3
2011/10/26 03,4,19
2011/10/26 04,3,27
2011/10/26 05,3,11
2011/10/26 06,2,2
2011/10/26 07,2,17
2011/10/26 08,2,30
2011/10/26 09,1,29
2011/10/26 10,2,37
2011/10/26 11,3,76
2011/10/26 12,2,84
2011/10/26 13,1,65
2011/10/26 14,1,62
2011/10/26 15,3,8
2011/10/26 16,2,11
2011/10/26 17,5,30
2011/10/26 18,4,17
2011/10/26 19,4,18
2011/10/26 20,5,24
2011/10/26 21,4,14
2011/10/26 22,4,17
2011/10/26 23,3,17
2011/10/27 00,3,17
2011/10/27 01,3,14
2011/10/27 02,2,6
2011/10/27 03,3,8
2011/10/27 04,3,11
2011/10/27 05,3,11
2011/10/27 06,3,9
2011/10/27 07,3,16
2011/10/27 08,3,25
2011/10/27 09,2,33
2011/10/27 10,2,35
2011/10/27 11,3,36
2011/10/27 12,2,13
2011/10/27 13,1,7
2011/10/27 14,1,7
2011/10/27 15,2,15
2011/10/27 16,1,17
2011/10/27 17,1,3
2011/10/27 18,1,8
2011/10/27 19,1,6
2011/10/27 20,1,6
2011/10/27 21,2,7
2011/10/27 22,2,10
2011/10/27 23,2,12
2011/10/28 00,2,14
2011/10/28 01,2,7
2011/10/28 02,4,7
2011/10/28 03,1,2
2011/10/28 04,1,2
2011/10/28 05,1,1
2011/10/28 06,3,3
2011/10/28 07,3,10
2011/10/28 08,2,25
2011/10/28 09,2,27
2011/10/28 10,3,33
2011/10/28 11,3,36
2011/10/28 12,1,29
2011/10/28 13,1,30
2011/10/28 14,1,11
2011/10/28 15,1,20
2011/10/28 16,1,20
2011/10/28 17,1,19
2011/10/28 20,1,4
2011/10/28 21,1,6
2011/10/28 22,2,8
2011/10/28 23,1,4
2011/10/29 00,1,1
2011/10/29 01,1,4
2011/10/29 02,3,10
2011/10/29 03,6,13
2011/10/29 04,7,21
2011/10/29 05,5,25
2011/10/29 06,6,40
2011/10/29 07,4,47
2011/10/29 08,3,47
2011/10/29 09,2,35
2011/10/29 10,1,37
2011/10/29 13,1,4
2011/10/29 14,1,4
2011/10/29 17,1,8
2011/10/29 18,1,7
2011/10/29 19,2,17
2011/10/29 20,1,6
2011/10/29 21,1,4
2011/10/29 22,3,10
2011/10/29 23,2,10
2011/10/30 00,2,2
2011/10/30 01,2,13
2011/10/30 02,1,23
2011/10/30 03,3,32
2011/10/30 04,3,8
2011/10/30 05,2,13
2011/10/30 06,2,15
2011/10/30 07,2,15
2011/10/30 08,1,14
2011/10/30 09,1,13
2011/10/30 10,1,10
2011/10/30 14,1,4
2011/10/30 17,1,14
2011/10/30 18,6,61
2011/10/30 19,6,109
2011/10/30 20,5,75
2011/10/30 21,5,69
2011/10/30 22,5,80
2011/10/30 23,6,71
2011/10/31 00,3,166
2011/10/31 01,2,13
2011/10/31 02,4,31
2011/10/31 03,3,8
2011/10/31 04,4,12
2011/10/31 05,5,20
2011/10/31 06,4,16
2011/10/31 07,3,11
2011/10/31 08,3,12
2011/10/31 09,2,16
2011/10/31 10,2,13
2011/10/31 11,1,1
2011/10/31 14,1,4
2011/10/31 15,1,8
2011/10/31 16,2,50
2011/10/31 17,6,100
2011/10/31 18,5,113
2011/10/31 19,4,104
2011/10/31 20,3,86
2011/10/31 21,4,28
2011/10/31 22,5,19
2011/10/31 23,3,21
2011/11/01 00,4,20
2011/11/01 01,1,10
2011/11/01 02,1,3
2011/11/01 03,2,2
2011/11/01 04,3,8
2011/11/01 05,2,6
2011/11/01 06,1,5
2011/11/01 07,2,5
2011/11/01 08,2,2
2011/11/01 12,1,10
2011/11/01 13,1,5
2011/11/03 15,1,49
2011/11/03 16,2,43
2011/11/03 17,4,52
2011/11/03 18,3,66
2011/11/03 19,3,75
2011/11/03 20,5,76
2011/11/03 21,6,87
2011/11/03 22,7,96
2011/11/03 23,3,31
2011/11/04 00,2,24
2011/11/04 01,3,32
2011/11/04 02,2,33
2011/11/04 03,3,10
2011/11/04 04,4,18
2011/11/04 05,3,22
2011/11/04 06,3,30
2011/11/04 07,3,73
2011/11/04 08,2,150
2011/11/04 09,3,233
2011/11/04 10,3,256
2011/11/04 11,2,27
2011/11/04 12,2,28
2011/11/04 13,2,38
2011/11/04 14,2,52
2011/11/04 15,2,37
2011/11/04 16,2,26
2011/11/04 17,2,39
2011/11/04 18,3,75
2011/11/04 19,4,68
2011/11/04 20,2,20
2011/11/04 21,2,19
2011/11/04 22,4,39
2011/11/04 23,4,36
2011/11/05 00,8,68
2011/11/05 01,5,65
2011/11/05 02,5,68
2011/11/05 03,9,99
2011/11/05 04,7,70
2011/11/05 05,7,72
2011/11/05 06,6,49
2011/11/05 07,5,49
2011/11/05 08,4,38
2011/11/05 09,3,24
2011/11/05 10,3,24
2011/11/05 11,4,37
2011/11/05 12,5,49
2011/11/05 13,4,53
2011/11/05 14,3,47
2011/11/05 16,2,30
2011/11/05 17,4,72
2011/11/05 18,7,123
2011/11/05 19,9,170
2011/11/05 20,7,167
2011/11/05 21,7,63
2011/11/05 22,7,71
2011/11/05 23,7,54
2011/11/06 00,4,38
2011/11/06 01,3,27
2011/11/06 02,5,39
2011/11/06 03,5,44
2011/11/06 04,5,49
2011/11/06 05,6,251
2011/11/06 06,6,321
2011/11/06 07,5,66
2011/11/06 08,3,47
2011/11/06 09,2,19
2011/11/06 10,1,26
2011/11/06 11,2,32
2011/11/06 12,2,35
2011/11/06 13,1,6
2011/11/06 14,1,2
2011/11/06 16,2,15
2011/11/06 17,6,34
2011/11/06 18,6,61
2011/11/06 19,6,72
2011/11/06 20,9,62
2011/11/06 21,5,85
2011/11/06 22,6,92
2011/11/06 23,7,92
2011/11/07 00,6,92
2011/11/07 01,5,119
2011/11/07 02,8,155
2011/11/07 03,11,166
2011/11/07 04,12,188
2011/11/07 05,8,112
2011/11/07 06,8,117
2011/11/07 07,5,23
2011/11/07 08,2,2
2011/11/07 09,2,11
2011/11/07 10,2,15
2011/11/07 11,2,16
2011/11/07 12,1,5
2011/11/07 15,2,10
2011/11/07 16,1,6
2011/11/07 17,1,7
2011/11/07 18,4,24
2011/11/07 19,5,47
2011/11/07 20,6,61
2011/11/07 21,8,64
2011/11/07 22,8,81
2011/11/07 23,8,95
2011/11/08 00,7,87
2011/11/08 01,7,91
2011/11/08 02,4,34
2011/11/08 03,6,46
2011/11/08 04,6,29
2011/11/08 05,6,33
2011/11/08 06,8,37
2011/11/08 07,5,33
2011/11/08 08,6,58
2011/11/08 09,6,94
2011/11/08 10,4,175
2011/11/08 11,3,257
2011/11/08 12,1,6
2011/11/08 15,1,0
2011/11/08 16,3,3
2011/11/08 17,3,14
2011/11/08 18,5,19
2011/11/08 19,4,21
2011/11/08 20,7,156
2011/11/08 21,7,60
2011/11/08 22,7,68
2011/11/08 23,10,88
2011/11/09 00,11,103
2011/11/09 01,10,95
2011/11/09 02,10,56
2011/11/09 03,9,66
2011/11/09 04,8,57
2011/11/09 05,9,75
2011/11/09 06,8,109
2011/11/09 07,9,50
2011/11/09 08,3,24
2011/11/09 09,1,13
2011/11/09 10,4,13
2011/11/09 11,3,26
2011/11/09 12,3,23
2011/11/09 13,3,23
2011/11/09 14,3,48
2011/11/09 15,2,72
2011/11/09 16,3,80
2011/11/09 17,2,119
2011/11/09 18,1,33
2011/11/09 19,2,49
2011/11/09 20,4,66
2011/11/09 21,7,91
2011/11/09 22,7,105
2011/11/09 23,11,106
2011/11/10 00,10,99
2011/11/10 01,13,125
2011/11/10 02,12,118
2011/11/10 03,8,121
2011/11/10 04,11,127
2011/11/10 05,12,119
2011/11/10 06,8,59
2011/11/10 07,11,112
2011/11/10 08,10,248
2011/11/10 09,10,227
2011/11/10 10,10,3819
2011/11/10 11,6,3980
2011/11/10 12,7,3938
2011/11/10 13,6,4202
2011/11/10 14,6,4631
2011/11/10 15,8,5268
2011/11/10 16,10,4822
2011/11/10 17,13,5236
2011/11/10 18,19,8068
2011/11/10 19,14,12325
2011/11/10 20,14,14838
2011/11/10 21,20,15594
2011/11/10 22,27,18607
2011/11/10 23,23,11489
2011/11/11 00,25,11710
2011/11/11 01,28,11419
2011/11/11 02,52,12315
2011/11/11 03,68,10048
2011/11/11 04,46,8762
2011/11/11 05,45,9842
2011/11/11 06,53,9184
2011/11/11 07,178,3653
2011/11/11 08,233,7251
2011/11/11 09,228,6537
2011/11/11 10,212,7252
2011/11/11 11,169,7157
2011/11/11 12,150,6200
2011/11/11 13,123,5951
2011/11/11 14,108,5082
2011/11/11 15,106,5204
2011/11/11 16,133,5164
2011/11/11 17,133,5849
2011/11/11 18,230,21263
2011/11/11 19,173,20603
2011/11/11 20,202,21269
2011/11/11 21,201,21504
2011/11/11 22,204,19796
2011/11/11 23,206,20607
2011/11/12 00,216,20437
2011/11/12 01,216,19638
2011/11/12 02,211,6185
2011/11/12 03,186,6494
2011/11/12 04,187,6690
2011/11/12 05,179,6086
2011/11/12 06,159,5420
2011/11/12 07,147,4331
2011/11/12 08,121,4508
2011/11/12 09,103,4066
2011/11/12 10,88,5401
2011/11/12 11,82,5321
2011/11/12 12,79,4954
2011/11/12 13,89,4767
2011/11/12 14,105,5837
2011/11/12 15,116,6763
2011/11/12 16,123,6259
2011/11/12 17,149,6312
2011/11/12 18,157,6837
2011/11/12 19,158,6412
2011/11/12 20,171,6994
2011/11/12 21,185,6972
2011/11/12 22,196,5964
2011/11/12 23,197,6572
2011/11/13 00,181,6619
2011/11/13 01,192,6854
2011/11/13 02,175,6680
2011/11/13 03,157,6238
2011/11/13 04,167,6663
2011/11/13 05,157,7487
2011/11/13 06,149,5624
2011/11/13 07,138,5554
2011/11/13 08,126,5944
2011/11/13 12,62,3439
2011/11/13 13,82,4374
2011/11/13 14,90,5809
2011/11/13 15,91,8330
2011/11/13 16,113,5327
2011/11/13 17,127,6290
2011/11/13 18,132,5118
2011/11/13 19,155,7088
2011/11/13 20,162,7369
2011/11/13 21,166,6699
2011/11/13 22,167,8091
2011/11/13 23,157,7292
2011/11/14 00,151,7637
2011/11/14 01,165,7039
2011/11/14 02,157,8388
2011/11/14 03,150,14016
2011/11/14 04,141,15482
2011/11/14 05,140,7484
2011/11/14 06,119,5288
2011/11/14 07,95,3474
2011/11/14 08,77,3664
2011/11/14 09,67,1998
2011/11/14 10,59,1707
2011/11/14 11,49,1800
2011/11/14 12,43,2076
2011/11/14 13,44,2708
2011/11/14 14,51,3437
2011/11/14 15,61,4033
2011/11/14 16,70,6912
2011/11/14 17,84,8903
2011/11/14 18,95,4846
2011/11/14 19,110,4818
2011/11/14 20,127,5729
2011/11/14 21,136,5909
2011/11/14 22,147,6435
2011/11/14 23,157,5808
2011/11/15 00,142,5951
2011/11/15 01,140,5506
2011/11/15 02,136,4568
2011/11/15 03,150,11983
2011/11/15 04,132,6188
2011/11/15 05,125,6083
2011/11/15 06,104,3643
2011/11/15 07,86,2131
2011/11/15 08,80,1718
2011/11/15 09,61,1592
2011/11/15 10,54,1559
2011/11/15 11,55,1552
2011/11/15 12,45,1605
2011/11/15 13,44,1718
2011/11/15 14,55,1873
2011/11/15 15,69,1907
2011/11/15 16,76,2059
2011/11/15 17,80,2849
2011/11/15 18,87,4096
2011/11/15 19,111,5357
2011/11/15 20,112,5650
2011/11/15 21,119,5795
2011/11/15 22,128,5331
2011/11/15 23,131,3984
2011/11/16 00,120,2937
2011/11/16 01,109,3692
2011/11/16 02,101,2964
2011/11/16 03,109,3022
2011/11/16 04,94,3471
2011/11/16 05,94,2010
2011/11/16 06,95,2045
2011/11/16 07,88,1795
2011/11/16 08,76,2183
2011/11/16 09,64,1304
2011/11/16 10,57,1408
2011/11/16 11,54,1544
2011/11/16 12,58,1835
2011/11/16 13,50,1641
2011/11/16 14,43,1792
2011/11/16 15,48,1931
2011/11/16 16,61,2671
2011/11/16 17,80,3310
2011/11/16 18,83,3377
2011/11/16 19,94,3747
2011/11/16 20,116,4396
2011/11/16 21,124,4947
2011/11/16 22,131,6451
2011/11/16 23,126,6554
2011/11/17 00,127,6119
2011/11/17 01,129,6082
2011/11/17 02,119,4313
2011/11/17 03,117,3414
2011/11/17 04,120,2944
2011/11/17 05,110,2544
2011/11/17 06,99,2220
2011/11/17 07,72,1348
2011/11/17 08,65,1398
2011/11/17 09,60,1549
2011/11/17 10,47,1463
2011/11/17 11,38,1405
2011/11/17 12,40,1221
2011/11/17 13,46,1532
2011/11/17 14,55,1606
2011/11/17 15,64,1803
2011/11/17 16,85,2082
2011/11/17 17,83,3025
2011/11/17 18,79,2986
2011/11/17 19,91,3195
2011/11/17 20,100,3366
2011/11/17 21,121,3654
2011/11/17 22,120,3740
2011/11/17 23,103,3579
2011/11/18 00,116,6706
2011/11/18 01,118,7228
2011/11/18 02,120,3470
2011/11/18 03,111,2245
2011/11/18 04,110,2592
2011/11/18 05,105,2588
2011/11/18 06,96,2631
2011/11/18 07,75,2572
2011/11/18 08,68,2488
2011/11/18 09,56,1551
2011/11/18 10,42,1356
2011/11/18 11,48,1469
2011/11/18 12,43,1628
2011/11/18 13,41,1569
2011/11/18 14,56,1768
2011/11/18 15,56,1725
2011/11/18 16,72,2050
2011/11/18 17,80,2266
2011/11/18 18,76,3147
2011/11/18 19,85,4116
2011/11/18 20,95,4331
2011/11/18 21,95,3131
2011/11/18 22,98,2356
2011/11/18 23,94,2637
2011/11/19 00,96,2532
2011/11/19 01,109,2222
2011/11/19 02,114,3014
2011/11/19 03,109,3197
2011/11/19 04,101,3488
2011/11/19 05,106,3214
2011/11/19 06,113,3315
2011/11/19 07,110,3019
2011/11/19 08,90,3059
2011/11/19 09,74,2003
2011/11/19 10,71,2447
2011/11/19 11,58,2403
2011/11/19 12,57,2543
2011/11/19 13,59,2142
2011/11/19 14,66,3273
2011/11/19 15,62,3621
2011/11/19 16,83,2296
2011/11/19 17,92,2495
2011/11/19 18,81,2833
2011/11/19 19,103,3279
2011/11/19 20,103,3422
2011/11/19 21,109,2891
2011/11/19 22,110,2303
2011/11/19 23,115,2819
2011/11/20 00,111,1916
2011/11/20 01,103,1710
2011/11/20 02,95,1756
2011/11/20 03,85,2253
2011/11/20 04,92,2205
2011/11/20 05,90,2073
2011/11/20 06,79,2046
2011/11/20 07,66,1911
2011/11/20 08,61,1528
2011/11/20 09,48,1762
2011/11/20 10,45,1286
2011/11/20 11,42,1306
2011/11/20 12,38,1277
2011/11/20 13,41,1437
2011/11/20 14,54,1727
2011/11/20 15,58,1535
2011/11/20 16,62,1453
2011/11/20 17,82,1309
2011/11/20 18,84,1556
2011/11/20 19,93,1658
2011/11/20 20,94,1771
2011/11/20 21,90,1797
2011/11/20 22,83,2032
2011/11/20 23,82,2049
2011/11/21 00,80,1737
2011/11/21 01,83,1703
2011/11/21 02,87,1393
2011/11/21 03,87,1119
2011/11/21 04,85,1274
2011/11/21 05,73,1701
2011/11/21 06,76,1890
2011/11/21 07,65,1667
2011/11/21 08,53,1139
2011/11/21 09,43,1072
2011/11/21 10,40,1135
2011/11/21 11,33,945
2011/11/21 12,39,1169
2011/11/21 13,39,985
2011/11/21 14,35,1163
2011/11/21 15,35,1304
2011/11/21 16,35,1136
2011/11/21 17,49,1049
2011/11/21 18,49,1258
2011/11/21 19,61,1296
2011/11/21 20,63,1948
2011/11/21 21,78,2601
2011/11/21 22,93,2261
2011/11/21 23,83,2467
2011/11/22 00,72,2149
2011/11/22 01,76,1945
2011/11/22 02,76,2149
2011/11/22 03,75,2307
2011/11/22 04,85,1416
2011/11/22 05,80,1275
2011/11/22 06,75,1595
2011/11/22 07,63,1325
2011/11/22 08,43,1211
2011/11/22 09,46,1105
2011/11/22 10,39,873
2011/11/22 11,35,658
2011/11/22 12,39,653
2011/11/22 13,38,721
2011/11/22 14,28,851
2011/11/22 15,39,1051
2011/11/22 16,48,1300
2011/11/22 17,61,1541
2011/11/22 18,71,1661
2011/11/22 19,81,1853
2011/11/22 20,75,1583
2011/11/22 21,76,1409
2011/11/22 22,83,1935
2011/11/22 23,88,1965
2011/11/23 00,87,1916
2011/11/23 01,83,1939
2011/11/23 02,73,2857
2011/11/23 03,79,2774
2011/11/23 04,76,2167
2011/11/23 05,69,1911
2011/11/23 06,67,2152
2011/11/23 07,62,1777
2011/11/23 08,55,1697
2011/11/23 09,48,1715
2011/11/23 10,44,1612
2011/11/23 11,35,1190
2011/11/23 12,31,1197
2011/11/23 13,35,1329
2011/11/23 14,35,1273
2011/11/23 15,43,1630
2011/11/23 16,55,1610
2011/11/23 17,60,1918
2011/11/23 18,68,1201
2011/11/23 19,69,1304
2011/11/23 20,71,4098
2011/11/23 21,56,5036
2011/11/23 22,76,5869
2011/11/23 23,90,6172
2011/11/24 00,85,3855
2011/11/24 01,73,2020
2011/11/24 02,74,2044
2011/11/24 03,74,2456
2011/11/24 04,81,1908
2011/11/24 05,80,1841
2011/11/24 06,82,1967
2011/11/24 07,77,1546
2011/11/24 08,75,1496
2011/11/24 09,62,895
2011/11/24 10,43,891
2011/11/24 11,41,505
2011/11/24 12,35,603
2011/11/24 13,31,702
2011/11/24 14,32,846
2011/11/24 15,29,635
2011/11/24 16,34,1085
2011/11/24 17,57,760
2011/11/24 18,61,772
2011/11/24 19,59,818
2011/11/24 20,55,944
2011/11/24 21,52,881
2011/11/24 22,52,850
2011/11/24 23,60,1152
2011/11/25 00,63,1562
2011/11/25 01,53,1298
2011/11/25 02,52,1097
2011/11/25 03,54,1233
2011/11/25 04,52,1230
2011/11/25 05,59,1271
2011/11/25 06,56,1632
2011/11/25 07,55,1093
2011/11/25 08,46,874
2011/11/25 09,50,889
2011/11/25 10,40,744
2011/11/25 11,31,869
2011/11/25 12,22,525
2011/11/25 13,26,610
2011/11/25 14,27,616
2011/11/25 15,34,771
2011/11/25 16,42,924
2011/11/25 17,47,1132
2011/11/25 18,47,1479
2011/11/25 19,56,835
2011/11/25 20,58,1219
2011/11/25 21,65,1440
2011/11/25 22,63,1640
2011/11/25 23,66,1586
2011/11/26 00,68,1674
2011/11/26 01,77,2574
2011/11/26 02,76,2461
2011/11/26 03,78,2709
2011/11/26 04,74,2073
2011/11/26 05,65,1904
2011/11/26 06,70,1743
2011/11/26 07,69,1048
2011/11/26 08,54,769
2011/11/26 09,49,686
2011/11/26 10,42,885
2011/11/26 11,36,862
2011/11/26 12,37,605
2011/11/26 13,40,594
2011/11/26 14,36,544
2011/11/26 15,40,702
2011/11/26 16,34,783
2011/11/26 17,29,539
2011/11/26 18,41,783
2011/11/26 19,38,1135
2011/11/26 20,46,1532
2011/11/26 21,54,1713
2011/11/26 22,59,1792
2011/11/26 23,55,1564
2011/11/27 00,63,1795
2011/11/27 01,66,1958
2011/11/27 02,66,3004
2011/11/27 03,71,3358
2011/11/27 04,71,1871
2011/11/27 05,67,1381
2011/11/27 06,55,1145
2011/11/27 07,48,1088
2011/11/27 08,44,767
2011/11/27 09,31,610
2011/11/27 10,36,675
2011/11/27 11,34,771
2011/11/27 12,30,718
2011/11/27 13,28,835
2011/11/27 14,35,801
2011/11/27 15,42,1113
2011/11/27 16,38,716
2011/11/27 17,46,1075
2011/11/27 18,47,1209
2011/11/27 19,61,1866
2011/11/27 20,60,1944
2011/11/27 21,58,2630
2011/11/27 22,56,1754
2011/11/27 23,54,1639
2011/11/28 00,66,1698
2011/11/28 01,60,1274
2011/11/28 02,66,2139
2011/11/28 03,65,2355
2011/11/28 04,66,2437
2011/11/28 05,57,1845
2011/11/28 06,38,1288
2011/11/28 07,39,949
2011/11/28 08,35,931
2011/11/28 09,32,650
2011/11/28 10,29,669
2011/11/28 11,27,619
2011/11/28 12,25,504
2011/11/28 13,31,600
2011/11/28 14,32,657
2011/11/28 15,35,768
2011/11/28 16,32,874
2011/11/28 17,33,771
2011/11/28 18,29,300
2011/11/28 19,38,465
2011/11/28 20,48,842
2011/11/28 21,56,1050
2011/11/28 22,61,1237
2011/11/28 23,69,1335
2011/11/29 00,62,1263
2011/11/29 01,55,1603
2011/11/29 02,57,1474
2011/11/29 03,56,1921
2011/11/29 04,50,1826
2011/11/29 05,55,1850
2011/11/29 06,49,1689
2011/11/29 07,39,1139
2011/11/29 08,37,875
2011/11/29 09,31,766
2011/11/29 10,32,668
2011/11/29 11,25,731
2011/11/29 12,28,641
2011/11/29 13,31,452
2011/11/29 14,28,506
2011/11/29 15,31,635
2011/11/29 16,38,892
2011/11/29 17,37,1173
2011/11/29 18,46,1182
2011/11/29 19,42,1274
2011/11/29 20,41,1548
2011/11/29 21,54,1775
2011/11/29 22,54,1870
2011/11/29 23,63,2605
2011/11/30 00,48,3525
2011/11/30 01,51,3101
2011/11/30 02,50,6317
2011/11/30 03,50,7526
2011/11/30 04,51,7443
2011/11/30 05,45,1548
2011/11/30 06,34,1044
2011/11/30 07,31,985
2011/11/30 08,37,697
2011/11/30 09,31,841
2011/11/30 10,33,727
2011/11/30 11,35,784
2011/11/30 12,31,804
2011/11/30 13,29,852
2011/11/30 14,33,934
2011/11/30 15,41,1070
2011/11/30 16,45,1181
2011/11/30 17,36,785
2011/11/30 18,40,918
2011/11/30 19,36,720
2011/11/30 20,37,826
2011/11/30 21,59,1233
2011/11/30 22,53,1560
2011/11/30 23,62,1804
2011/12/01 00,61,1994
2011/12/01 01,50,1922
2011/12/01 02,50,1631
2011/12/01 03,39,5687
2011/12/01 04,41,6143
2011/12/01 05,49,5458
2011/12/01 06,52,4855
2011/12/01 07,49,4374
2011/12/01 08,44,1077
2011/12/01 09,38,1393
2011/12/01 10,32,1149
2011/12/01 11,28,620
2011/12/01 12,26,557
2011/12/01 13,20,724
2011/12/01 14,21,857
2011/12/01 15,26,833
2011/12/01 16,21,1052
2011/12/01 17,28,651
2011/12/01 18,38,749
2011/12/01 19,42,1827
2011/12/01 20,40,2447
2011/12/01 21,42,3426
2011/12/01 22,42,1336
2011/12/01 23,49,1441
2011/12/02 00,44,3131
2011/12/02 01,38,3868
2011/12/02 02,45,3557
2011/12/02 03,49,1101
2011/12/02 04,44,1042
2011/12/02 05,38,1056
2011/12/02 06,39,1011
2011/12/02 07,33,1053
2011/12/02 08,32,1032
2011/12/02 09,36,978
2011/12/02 10,30,379
2011/12/02 11,30,349
2011/12/02 12,27,365
2011/12/02 13,21,314
2011/12/02 14,21,362
2011/12/02 15,23,280
2011/12/02 16,30,554
2011/12/02 17,34,801
2011/12/02 18,37,958
2011/12/02 19,40,965
2011/12/02 20,51,1090
2011/12/02 21,45,1431
2011/12/02 22,51,1726
2011/12/02 23,63,1701
2011/12/03 00,55,1560
2011/12/03 01,51,1582
2011/12/03 02,55,1814
2011/12/03 03,59,2066
2011/12/03 04,53,1709
2011/12/03 05,37,1385
2011/12/03 06,30,1288
2011/12/03 07,40,1298
2011/12/03 08,35,1206
2011/12/03 09,41,1250
2011/12/03 10,34,785
2011/12/03 11,25,595
2011/12/03 12,26,505
2011/12/03 13,24,296
2011/12/03 14,27,309
2011/12/03 15,33,410
2011/12/03 16,39,508
2011/12/03 17,47,658
2011/12/03 18,58,734
2011/12/03 19,50,910
2011/12/03 20,52,907
2011/12/03 21,52,971
2011/12/03 22,67,1465
2011/12/03 23,66,1617
2011/12/04 00,57,1657
2011/12/04 01,62,2017
2011/12/04 02,58,2087
2011/12/04 03,57,2152
2011/12/04 04,63,2385
2011/12/04 05,65,1602
2011/12/04 06,56,1539
2011/12/04 07,51,1433
2011/12/04 08,52,1402
2011/12/04 09,42,1336
2011/12/04 10,47,1564
2011/12/04 11,47,867
2011/12/04 12,46,871
2011/12/04 13,40,771
2011/12/04 14,43,872
2011/12/04 15,38,944
2011/12/04 16,35,1055
2011/12/04 17,40,610
2011/12/04 18,42,949
2011/12/04 19,43,910
2011/12/04 20,55,1100
2011/12/04 21,57,1137
2011/12/04 22,59,936
2011/12/04 23,57,1211
2011/12/05 00,50,1434
2011/12/05 01,48,1070
2011/12/05 02,49,1039
2011/12/05 03,41,1151
2011/12/05 04,37,693
2011/12/05 05,40,681
2011/12/05 06,39,713
2011/12/05 07,35,818
2011/12/05 08,31,433
2011/12/05 09,25,463
2011/12/05 10,23,326
2011/12/05 11,27,334
2011/12/05 12,24,367
2011/12/05 13,26,384
2011/12/05 14,27,284
2011/12/05 15,31,299
2011/12/05 16,32,363
2011/12/05 17,33,507
2011/12/05 18,31,651
2011/12/05 19,36,706
2011/12/05 20,38,4285
2011/12/05 21,38,5143
2011/12/05 22,45,4983
2011/12/05 23,61,6381
2011/12/06 00,54,6054
2011/12/06 01,43,3881
2011/12/06 02,44,3379
2011/12/06 03,41,605
2011/12/06 04,42,835
2011/12/06 05,42,1010
2011/12/06 06,45,1034
2011/12/06 07,32,614
2011/12/06 08,28,535
2011/12/06 09,28,415
2011/12/06 10,27,466
2011/12/06 11,24,494
2011/12/06 12,25,531
2011/12/06 13,30,431
2011/12/06 14,25,407
2011/12/06 15,24,379
2011/12/06 16,26,375
2011/12/06 17,27,755
2011/12/06 18,27,1162
2011/12/06 19,30,865
2011/12/06 20,36,1066
2011/12/06 21,37,1290
2011/12/06 22,49,1612
2011/12/06 23,46,1521
2011/12/07 00,45,1386
2011/12/07 01,40,1481
2011/12/07 02,36,1614
2011/12/07 03,35,1058
2011/12/07 04,43,1319
2011/12/07 05,38,1332
2011/12/07 06,32,1519
2011/12/07 07,33,1044
2011/12/07 08,26,947
2011/12/07 09,25,834
2011/12/07 10,22,881
2011/12/07 11,23,951
2011/12/07 12,26,782
2011/12/07 13,25,502
2011/12/07 14,24,366
2011/12/07 15,22,459
2011/12/07 16,20,583
2011/12/07 17,23,531
2011/12/07 18,30,568
2011/12/07 19,33,616
2011/12/07 20,37,718
2011/12/07 21,39,855
2011/12/07 22,43,1072
2011/12/07 23,50,1495
2011/12/08 00,54,1822
2011/12/08 01,45,1420
2011/12/08 02,48,1396
2011/12/08 03,42,2338
2011/12/08 04,47,2009
2011/12/08 05,35,1701
2011/12/08 06,36,1649
2011/12/08 07,29,1579
2011/12/08 08,29,1307
2011/12/08 09,22,1095
2011/12/08 10,25,957
2011/12/08 11,24,354
2011/12/08 12,24,380
2011/12/08 13,24,442
2011/12/08 14,23,436
2011/12/08 15,26,409
2011/12/08 16,24,463
2011/12/08 17,30,586
2011/12/08 18,29,650
2011/12/08 19,24,684
2011/12/08 20,36,888
2011/12/08 21,37,970
2011/12/08 22,29,1005
2011/12/08 23,36,990
2011/12/09 00,39,2404
2011/12/09 01,46,3413
2011/12/09 02,47,3697
2011/12/09 03,48,4179
2011/12/09 04,49,4183
2011/12/09 05,41,826
2011/12/09 06,40,811
2011/12/09 07,31,783
2011/12/09 08,31,797
2011/12/09 09,29,648
2011/12/09 10,30,1006
2011/12/09 11,21,931
2011/12/09 12,20,1023
2011/12/09 13,20,481
2011/12/09 14,20,591
2011/12/09 15,24,689
2011/12/09 16,26,382
2011/12/09 17,31,483
2011/12/09 18,32,715
2011/12/09 19,36,775
2011/12/09 20,39,619
2011/12/09 21,59,891
2011/12/09 22,56,1004
2011/12/09 23,60,1071
2011/12/10 00,66,1498
2011/12/10 01,53,1066
2011/12/10 02,54,1197
2011/12/10 03,64,1570
2011/12/10 04,55,1013
2011/12/10 05,61,1197
2011/12/10 06,45,1123
2011/12/10 07,45,796
2011/12/10 08,33,769
2011/12/10 09,41,932
2011/12/10 10,40,951
2011/12/10 11,39,798
2011/12/10 12,33,765
2011/12/10 13,32,587
2011/12/10 14,32,668
2011/12/10 15,31,750
2011/12/10 16,35,943
2011/12/10 17,30,775
2011/12/10 18,36,867
2011/12/10 19,34,930
2011/12/10 20,33,976
2011/12/10 21,32,559
2011/12/10 22,43,830
2011/12/10 23,40,823
2011/12/11 00,41,1046
2011/12/11 01,48,1496
2011/12/11 02,45,1489
2011/12/11 03,41,1395
2011/12/11 04,40,1382
2011/12/11 05,35,1263
2011/12/11 06,42,1131
2011/12/11 07,41,1115
2011/12/11 08,39,998
2011/12/11 09,31,1005
2011/12/11 10,31,804
2011/12/11 11,25,805
2011/12/11 12,18,646
2011/12/11 13,23,624
2011/12/11 14,27,761
2011/12/11 15,22,971
2011/12/11 16,31,771
2011/12/11 17,31,755
2011/12/11 18,36,736
2011/12/11 19,39,742
2011/12/11 20,39,919
2011/12/11 21,48,1098
2011/12/11 22,52,1401
2011/12/11 23,53,1891
2011/12/12 00,42,1681
2011/12/12 01,50,1734
2011/12/12 02,52,1613
2011/12/12 03,49,1550
2011/12/12 04,43,1180
2011/12/12 05,39,1327
2011/12/12 06,36,1047
2011/12/12 07,37,910
2011/12/12 08,34,909
2011/12/12 09,23,830
2011/12/12 10,24,676
2011/12/12 11,18,640
2011/12/12 12,17,387
2011/12/12 13,14,518
2011/12/12 14,15,744
2011/12/12 15,12,392
2011/12/12 16,21,573
2011/12/12 17,24,532
2011/12/12 18,31,644
2011/12/12 19,35,964
2011/12/12 20,32,1018
2011/12/12 21,41,1035
2011/12/12 22,35,1386
2011/12/12 23,41,1261
2011/12/13 00,38,1072
2011/12/13 01,41,1068
2011/12/13 02,39,1068
2011/12/13 03,34,1086
2011/12/13 04,35,1186
2011/12/13 05,37,1161
2011/12/13 06,38,994
2011/12/13 07,30,869
2011/12/13 08,33,916
2011/12/13 09,28,653
2011/12/13 10,25,358
2011/12/13 11,21,382
2011/12/13 12,18,309
2011/12/13 13,15,177
2011/12/13 14,18,227
2011/12/13 15,15,257
2011/12/13 16,17,445
2011/12/13 17,31,588
2011/12/13 18,35,671
2011/12/13 19,38,691
2011/12/13 20,42,848
2011/12/13 21,36,726
2011/12/13 22,39,867
2011/12/13 23,38,667
2011/12/14 00,34,1373
2011/12/14 01,33,1274
2011/12/14 02,44,899
2011/12/14 03,36,1279
2011/12/14 04,36,1174
2011/12/14 05,32,964
2011/12/14 06,33,1031
2011/12/14 07,31,811
2011/12/14 08,27,712
2011/12/14 09,22,660
2011/12/14 10,21,454
2011/12/14 11,20,461
2011/12/14 12,15,515
2011/12/14 13,15,500
2011/12/14 14,18,590
2011/12/14 15,19,676
2011/12/14 16,20,676
2011/12/14 17,24,833
2011/12/14 18,22,603
2011/12/14 19,30,1167
2011/12/14 20,35,1063
2011/12/14 21,37,948
2011/12/14 22,37,1133
2011/12/14 23,42,1145
2011/12/15 00,46,1927
2011/12/15 01,48,2674
2011/12/15 02,44,2720
2011/12/15 03,33,2390
2011/12/15 04,36,3065
2011/12/15 05,38,3176
2011/12/15 06,43,2854
2011/12/15 07,35,968
2011/12/15 08,27,1296
2011/12/15 09,25,946
2011/12/15 10,20,492
2011/12/15 11,21,544
2011/12/15 12,24,449
2011/12/15 13,19,565
2011/12/15 14,15,434
2011/12/15 15,20,507
2011/12/15 16,23,1288
2011/12/15 17,20,703
2011/12/15 18,22,658
2011/12/15 19,27,742
2011/12/15 20,23,704
2011/12/15 21,31,1233
2011/12/15 22,35,905
2011/12/15 23,37,987
2011/12/16 00,31,1029
2011/12/16 01,34,6552
2011/12/16 02,30,1364
2011/12/16 03,33,1012
2011/12/16 04,38,1107
2011/12/16 05,36,957
2011/12/16 06,33,892
2011/12/16 07,25,483
2011/12/16 08,25,490
2011/12/16 09,18,449
2011/12/16 10,11,402
2011/12/16 11,15,496
2011/12/16 12,14,328
2011/12/16 13,21,497
2011/12/16 14,20,323
2011/12/16 15,22,364
2011/12/16 16,23,418
2011/12/16 17,23,371
2011/12/16 18,27,502
2011/12/16 19,27,617
2011/12/16 20,27,621
2011/12/16 21,27,599
2011/12/16 22,28,1071
2011/12/16 23,29,1159
2011/12/17 00,27,1169
2011/12/17 01,30,938
2011/12/17 02,32,1305
2011/12/17 03,28,937
2011/12/17 04,34,939
2011/12/17 05,36,961
2011/12/17 06,39,914
2011/12/17 07,31,866
2011/12/17 08,32,465
2011/12/17 09,24,497
2011/12/17 10,18,439
2011/12/17 11,15,404
2011/12/17 12,16,326
2011/12/17 13,19,382
2011/12/17 14,18,385
2011/12/17 15,20,470
2011/12/17 16,17,310
2011/12/17 17,23,593
2011/12/17 18,22,589
2011/12/17 19,21,558
2011/12/17 20,22,627
2011/12/17 21,30,725
2011/12/17 22,34,1281
2011/12/17 23,40,1372
2011/12/18 00,36,947
2011/12/18 01,27,991
2011/12/18 02,32,990
2011/12/18 03,34,936
2011/12/18 04,40,1444
2011/12/18 05,46,1412
2011/12/18 06,40,1438
2011/12/18 07,33,1401
2011/12/18 08,31,1021
2011/12/18 09,26,1135
2011/12/18 10,24,855
2011/12/18 11,25,717
2011/12/18 12,24,437
2011/12/18 13,23,432
2011/12/18 14,23,611
2011/12/18 15,22,431
2011/12/18 16,20,423
2011/12/18 17,24,535
2011/12/18 18,24,712
2011/12/18 19,28,751
2011/12/18 20,29,659
2011/12/18 21,26,1049
2011/12/18 22,32,914
2011/12/18 23,37,1113
2011/12/19 00,25,866
2011/12/19 01,29,865
2011/12/19 02,35,1118
2011/12/19 03,36,1277
2011/12/19 04,38,1400
2011/12/19 05,32,1579
2011/12/19 06,27,888
2011/12/19 07,22,500
2011/12/19 08,19,430
2011/12/19 09,23,430
2011/12/19 10,14,294
2011/12/19 11,18,302
2011/12/19 12,18,308
2011/12/19 13,16,403
2011/12/19 14,10,269
2011/12/19 15,16,680
2011/12/19 16,18,539
2011/12/19 17,24,638
2011/12/19 18,21,617
2011/12/19 19,24,733
2011/12/19 20,22,856
2011/12/19 21,25,740
2011/12/19 22,34,1387
2011/12/19 23,35,1493
2011/12/20 00,32,1576
2011/12/20 01,31,1338
2011/12/20 02,27,1494
2011/12/20 03,26,1325
2011/12/20 04,32,1408
2011/12/20 05,32,1157
2011/12/20 06,30,751
2011/12/20 07,30,839
2011/12/20 08,27,984
2011/12/20 09,25,607
2011/12/20 10,21,425
2011/12/20 11,20,333
2011/12/20 12,20,322
2011/12/20 13,16,321
2011/12/20 14,22,360
2011/12/20 15,20,191
2011/12/20 16,27,435
2011/12/20 17,22,798
2011/12/20 18,20,1544
2011/12/20 19,25,1979
2011/12/20 20,29,933
2011/12/20 21,32,703
2011/12/20 22,39,760
2011/12/20 23,33,764
2011/12/21 00,32,1138
2011/12/21 01,39,1033
2011/12/21 02,37,1172
2011/12/21 03,33,1292
2011/12/21 04,30,753
2011/12/21 05,31,790
2011/12/21 06,31,904
2011/12/21 07,24,776
2011/12/21 08,27,746
2011/12/21 09,27,660
2011/12/21 10,24,552
2011/12/21 11,19,374
2011/12/21 12,15,413
2011/12/21 13,17,731
2011/12/21 14,18,805
2011/12/21 15,14,896
2011/12/21 16,14,591
2011/12/21 17,20,295
2011/12/21 18,27,712
2011/12/21 19,24,1423
2011/12/21 20,23,742
2011/12/21 21,33,564
2011/12/21 22,28,584
2011/12/21 23,30,716
2011/12/22 00,35,780
2011/12/22 01,36,812
2011/12/22 02,40,783
2011/12/22 03,33,560
2011/12/22 04,32,510
2011/12/22 05,30,424
2011/12/22 06,36,475
2011/12/22 07,29,617
2011/12/22 08,28,441
2011/12/22 09,28,414
2011/12/22 10,21,285
2011/12/22 11,17,358
2011/12/22 12,14,301
2011/12/22 13,14,363
2011/12/22 14,15,393
2011/12/22 15,15,419
2011/12/22 16,20,556
2011/12/22 17,20,516
2011/12/22 18,23,564
2011/12/22 19,24,845
2011/12/22 20,27,838
2011/12/22 21,26,914
2011/12/22 22,25,946
2011/12/22 23,27,675
2011/12/23 00,27,781
2011/12/23 01,27,709
2011/12/23 02,29,762
2011/12/23 03,34,822
2011/12/23 04,42,962
2011/12/23 05,39,750
2011/12/23 06,35,785
2011/12/23 07,31,439
2011/12/23 08,23,342
2011/12/23 09,20,427
2011/12/23 10,17,243
2011/12/23 11,18,446
2011/12/23 12,15,360
2011/12/23 13,19,383
2011/12/23 14,14,163
2011/12/23 15,21,290
2011/12/23 16,27,479
2011/12/23 17,28,611
2011/12/23 18,33,846
2011/12/23 19,30,828
2011/12/23 20,31,868
2011/12/23 21,23,1103
2011/12/23 22,30,876
2011/12/23 23,36,713
2011/12/24 00,29,925
2011/12/24 01,28,930
2011/12/24 02,38,1019
2011/12/24 03,38,1077
2011/12/24 04,33,896
2011/12/24 05,32,709
2011/12/24 06,29,1326
2011/12/24 07,27,1273
2011/12/24 08,25,1080
2011/12/24 09,26,1084
2011/12/24 10,28,789
2011/12/24 11,21,254
2011/12/24 12,19,195
2011/12/24 13,13,228
2011/12/24 14,15,719
2011/12/24 15,17,722
2011/12/24 16,21,1034
2011/12/24 17,21,906
2011/12/24 18,19,1063
2011/12/24 19,20,1142
2011/12/24 20,21,860
2011/12/24 21,20,1624
2011/12/24 22,19,1436
2011/12/24 23,32,1332
2011/12/25 00,28,907
2011/12/25 01,30,915
2011/12/25 02,27,1687
2011/12/25 03,31,1075
2011/12/25 04,26,1064
2011/12/25 05,24,788
2011/12/25 06,21,942
2011/12/25 07,24,500
2011/12/25 08,20,325
2011/12/25 09,22,411
2011/12/25 10,18,279
2011/12/25 11,15,286
2011/12/25 12,14,210
2011/12/25 13,18,265
2011/12/25 14,20,328
2011/12/25 15,19,380
2011/12/25 16,23,297
2011/12/25 17,20,303
2011/12/25 18,29,623
2011/12/25 19,31,1199
2011/12/25 20,23,1174
2011/12/25 21,28,762
2011/12/25 22,31,674
2011/12/25 23,34,939
2011/12/26 00,29,1253
2011/12/26 01,30,1569
2011/12/26 02,38,1894
2011/12/26 03,34,1351
2011/12/26 04,28,1392
2011/12/26 05,36,1416
2011/12/26 06,32,1335
2011/12/26 07,29,1244
2011/12/26 08,28,1218
2011/12/26 09,25,990
2011/12/26 10,21,960
2011/12/26 11,17,345
2011/12/26 12,15,530
2011/12/26 13,9,355
2011/12/26 14,13,254
2011/12/26 15,11,161
2011/12/26 16,23,464
2011/12/26 17,30,441
2011/12/26 18,26,554
2011/12/26 19,36,970
2011/12/26 20,44,875
2011/12/26 21,50,1600
2011/12/26 22,46,1432
2011/12/26 23,45,1344
2011/12/27 00,42,1172
2011/12/27 01,44,997
2011/12/27 02,43,1176
2011/12/27 03,50,893
2011/12/27 04,47,874
2011/12/27 05,41,829
2011/12/27 06,46,1031
2011/12/27 07,44,626
2011/12/27 08,39,520
2011/12/27 09,32,531
2011/12/27 10,25,433
2011/12/27 11,24,470
2011/12/27 12,16,407
2011/12/27 13,19,494
2011/12/27 14,16,468
2011/12/27 15,18,636
2011/12/27 16,28,708
2011/12/27 17,31,741
2011/12/27 18,36,695
2011/12/27 19,46,801
2011/12/27 20,39,707
2011/12/27 21,46,638
2011/12/27 22,45,625
2011/12/27 23,40,750
2011/12/28 00,35,766
2011/12/28 01,30,794
2011/12/28 02,34,927
2011/12/28 03,41,871
2011/12/28 04,44,1481
2011/12/28 05,42,1361
2011/12/28 06,52,1532
2011/12/28 07,41,1272
2011/12/28 08,29,467
2011/12/28 09,19,268
2011/12/28 10,15,243
2011/12/28 11,16,700
2011/12/28 12,15,640
2011/12/28 13,16,835
2011/12/28 14,17,1001
2011/12/28 15,18,947
2011/12/28 16,31,1711
2011/12/28 17,29,1016
2011/12/28 18,34,1418
2011/12/28 19,36,1232
2011/12/28 20,34,522
2011/12/28 21,38,891
2011/12/28 22,40,1029
2011/12/28 23,42,791
2011/12/29 00,49,904
2011/12/29 01,43,818
2011/12/29 02,35,777
2011/12/29 03,39,1917
2011/12/29 04,38,3264
2011/12/29 05,37,3201
2011/12/29 06,42,880
2011/12/29 07,41,881
2011/12/29 08,31,326
2011/12/29 09,22,324
2011/12/29 10,21,322
2011/12/29 11,18,289
2011/12/29 12,17,314
2011/12/29 13,19,322
2011/12/29 14,18,343
2011/12/29 15,22,418
2011/12/29 16,23,1143
2011/12/29 17,25,838
2011/12/29 18,25,1073
2011/12/29 19,27,1193
2011/12/29 20,39,1128
2011/12/29 21,40,368
2011/12/29 22,41,499
2011/12/29 23,35,530
2011/12/30 00,33,390
2011/12/30 01,34,417
2011/12/30 02,27,356
2011/12/30 03,29,279
2011/12/30 04,31,286
2011/12/30 05,34,445
2011/12/30 06,39,908
2011/12/30 07,39,543
2011/12/30 08,35,459
2011/12/30 09,29,466
2011/12/30 10,22,364
2011/12/30 11,24,437
2011/12/30 12,22,247
2011/12/30 13,24,678
2011/12/30 14,27,734
2011/12/30 15,34,804
2011/12/30 16,34,986
2011/12/30 17,24,980
2011/12/30 18,30,1068
2011/12/30 19,27,495
2011/12/30 20,35,645
2011/12/30 21,33,672
2011/12/30 22,44,877
2011/12/30 23,35,1320
2011/12/31 00,43,645
2011/12/31 01,38,270
2011/12/31 02,42,551
2011/12/31 03,42,397
2011/12/31 04,40,496
2011/12/31 05,45,576
2011/12/31 06,40,642
2011/12/31 07,41,619
2011/12/31 08,28,560
2011/12/31 09,28,601
2011/12/31 10,20,388
2011/12/31 11,18,435
2011/12/31 12,21,456
2011/12/31 13,17,426
2011/12/31 14,18,398
2011/12/31 15,23,438
2011/12/31 16,25,560
2011/12/31 17,25,824
2011/12/31 18,25,1080
2011/12/31 19,23,458
2011/12/31 20,24,592
2011/12/31 21,34,608
2011/12/31 22,41,691
2011/12/31 23,39,664
2012/01/01 00,31,610
2012/01/01 01,32,317
2012/01/01 02,38,404
2012/01/01 03,37,591
2012/01/01 04,33,544
2012/01/01 05,36,499
2012/01/01 06,32,561
2012/01/01 07,28,427
2012/01/01 08,29,275
2012/01/01 09,30,480
2012/01/01 10,31,347
2012/01/01 11,19,397
2012/01/01 12,16,407
2012/01/01 13,23,911
2012/01/01 14,21,886
2012/01/01 15,19,1055
2012/01/01 16,20,1201
2012/01/01 17,21,984
2012/01/01 18,25,1061
2012/01/01 19,30,1116
2012/01/01 20,35,717
2012/01/01 21,28,930
2012/01/01 22,39,1701
2012/01/01 23,44,2137
2012/01/02 00,48,2285
2012/01/02 01,57,2064
2012/01/02 02,54,2241
2012/01/02 03,45,1118
2012/01/02 04,43,929
2012/01/02 05,45,1110
2012/01/02 06,44,1030
2012/01/02 07,34,1147
2012/01/02 08,32,718
2012/01/02 09,24,745
2012/01/02 10,17,559
2012/01/02 11,13,333
2012/01/02 12,14,413
2012/01/02 13,12,304
2012/01/02 14,14,307
2012/01/02 15,15,357
2012/01/02 16,19,535
2012/01/02 17,26,490
2012/01/02 18,31,437
2012/01/02 19,27,393
2012/01/02 20,32,332
2012/01/02 21,34,359
2012/01/02 22,38,930
2012/01/02 23,32,1227
2012/01/03 00,34,1179
2012/01/03 01,32,936
2012/01/03 02,33,984
2012/01/03 03,35,958
2012/01/03 04,42,1018
2012/01/03 05,39,1234
2012/01/03 06,39,1089
2012/01/03 07,33,925
2012/01/03 08,25,747
2012/01/03 09,24,742
2012/01/03 10,21,314
2012/01/03 11,14,288
2012/01/03 12,13,426
2012/01/03 13,14,257
2012/01/03 14,16,262
2012/01/03 15,23,351
2012/01/03 16,29,513
2012/01/03 17,27,555
2012/01/03 18,26,1078
2012/01/03 19,26,1133
2012/01/03 20,32,1538
2012/01/03 21,37,1600
2012/01/03 22,33,2097
2012/01/03 23,36,2520
2012/01/04 00,36,986
2012/01/04 01,32,1313
2012/01/04 02,33,1155
2012/01/04 03,27,1263
2012/01/04 04,28,855
2012/01/04 05,32,1240
2012/01/04 06,32,1674
2012/01/04 07,28,1290
2012/01/04 08,22,794
2012/01/04 09,20,551
2012/01/04 10,15,425
2012/01/04 11,18,388
2012/01/04 12,23,550
2012/01/04 13,21,370
2012/01/04 14,19,345
2012/01/04 15,20,309
2012/01/04 16,23,303
2012/01/04 17,21,267
2012/01/04 18,26,965
2012/01/04 19,27,580
2012/01/04 20,26,481
2012/01/04 21,28,586
2012/01/04 22,34,1241
2012/01/04 23,29,1287
2012/01/05 00,28,1456
2012/01/05 01,32,1159
2012/01/05 02,32,1310
2012/01/05 03,30,1241
2012/01/05 04,31,999
2012/01/05 05,25,808
2012/01/05 06,28,1279
2012/01/05 07,26,751
2012/01/05 08,22,323
2012/01/05 09,22,311
2012/01/05 10,17,230
2012/01/05 11,17,292
2012/01/05 12,13,307
2012/01/05 13,11,326
2012/01/05 14,17,302
2012/01/05 15,17,362
2012/01/05 16,21,533
2012/01/05 17,26,342
2012/01/05 18,27,971
2012/01/05 19,33,800
2012/01/05 20,35,953
2012/01/05 21,32,985
2012/01/05 22,32,1059
2012/01/05 23,24,1015
2012/01/06 00,31,866
2012/01/06 01,32,827
2012/01/06 02,42,845
2012/01/06 03,39,1114
2012/01/06 04,37,963
2012/01/06 05,28,813
2012/01/06 06,29,1051
2012/01/06 07,35,453
2012/01/06 08,29,394
2012/01/06 09,28,554
2012/01/06 10,16,438
2012/01/06 11,9,280
2012/01/06 12,12,479
2012/01/06 13,21,718
2012/01/06 14,25,360
2012/01/06 15,15,195
2012/01/06 16,17,219
2012/01/06 17,19,297
2012/01/06 18,24,967
2012/01/06 19,34,670
2012/01/06 20,36,872
2012/01/06 21,32,568
2012/01/06 22,37,1357
2012/01/06 23,33,960
2012/01/07 00,38,1143
2012/01/07 01,43,1242
2012/01/07 02,38,791
2012/01/07 03,41,783
2012/01/07 04,32,902
2012/01/07 05,36,984
2012/01/07 06,30,893
2012/01/07 07,32,973
2012/01/07 08,29,560
2012/01/07 09,21,475
2012/01/07 10,22,573
2012/01/07 11,22,464
2012/01/07 12,18,202
2012/01/07 13,14,171
2012/01/07 14,7,186
2012/01/07 15,13,138
2012/01/07 16,20,272
2012/01/07 17,22,228
2012/01/07 18,30,313
2012/01/07 19,34,362
2012/01/07 20,30,368
2012/01/07 21,31,492
2012/01/07 22,34,727
2012/01/07 23,33,815
2012/01/08 00,32,1090
2012/01/08 01,41,1090
2012/01/08 02,34,890
2012/01/08 03,34,1061
2012/01/08 04,31,1037
2012/01/08 05,31,850
2012/01/08 06,35,886
2012/01/08 07,32,891
2012/01/08 08,30,888
2012/01/08 09,31,827
2012/01/08 10,31,915
2012/01/08 11,22,670
2012/01/08 12,17,530
2012/01/08 13,19,360
2012/01/08 14,18,279
2012/01/08 15,19,281
2012/01/08 16,23,301
2012/01/08 17,23,227
2012/01/08 18,23,253
2012/01/08 19,21,333
2012/01/08 20,25,381
2012/01/08 21,22,385
2012/01/08 22,30,620
2012/01/08 23,35,742
2012/01/09 00,45,867
2012/01/09 01,36,1071
2012/01/09 02,38,1046
2012/01/09 03,27,830
2012/01/09 04,28,1553
2012/01/09 05,28,1017
2012/01/09 06,32,1075
2012/01/09 07,30,1141
2012/01/09 08,30,505
2012/01/09 09,26,751
2012/01/09 10,19,359
2012/01/09 11,12,372
2012/01/09 12,14,237
2012/01/09 13,17,295
2012/01/09 14,18,344
2012/01/09 15,12,198
