2011/09/30 22,5,61
2011/09/30 23,6,107
2011/10/01 00,6,68
2011/10/01 01,4,59
2011/10/01 02,3,12
2011/10/01 03,4,356
2011/10/01 04,4,394
2011/10/01 05,1,8
2011/10/01 06,1,3
2011/10/01 07,4,29
2011/10/01 08,3,28
2011/10/01 09,1,9
2011/10/01 12,1,1
2011/10/01 13,4,17
2011/10/01 14,3,18
2011/10/01 15,3,19
2011/10/01 16,2,6
2011/10/01 17,1,6
2011/10/01 18,4,24
2011/10/01 19,5,55
2011/10/01 20,3,70
2011/10/01 21,6,81
2011/10/01 22,7,363
2011/10/01 23,7,309
2011/10/02 00,8,276
2011/10/02 01,5,18
2011/10/02 02,3,25
2011/10/02 03,2,16
2011/10/02 04,3,7
2011/10/02 05,2,2
2011/10/02 06,2,2
2011/10/02 07,1,2
2011/10/02 08,1,5
2011/10/02 09,1,8
2011/10/02 10,3,57
2011/10/02 11,2,84
2011/10/02 12,2,98
2011/10/02 13,2,13
2011/10/02 14,3,17
2011/10/02 15,1,3
2011/10/02 16,2,10
2011/10/02 17,4,83
2011/10/02 18,5,70
2011/10/02 19,3,28
2011/10/02 20,4,68
2011/10/02 21,4,52
2011/10/02 22,5,124
2011/10/02 23,3,191
2011/10/03 00,6,194
2011/10/03 01,5,18
2011/10/03 02,3,16
2011/10/03 03,4,24
2011/10/03 04,2,6
2011/10/03 05,1,3
2011/10/03 06,2,5
2011/10/03 07,2,4
2011/10/03 08,1,3
2011/10/03 09,1,6
2011/10/03 10,1,1
2011/10/03 11,1,1
2011/10/03 12,1,3
2011/10/03 13,2,1
2011/10/03 14,2,4
2011/10/03 15,1,2
2011/10/03 16,2,6
2011/10/03 17,3,10
2011/10/03 18,1,0
2011/10/03 19,2,12
2011/10/03 20,2,14
2011/10/03 21,3,10
2011/10/03 22,3,9
2011/10/03 23,3,17
2011/10/04 00,7,783
2011/10/04 01,7,1149
2011/10/04 02,6,2251
2011/10/04 03,7,2349
2011/10/04 04,5,1834
2011/10/04 05,2,1219
2011/10/04 06,2,242
2011/10/04 07,1,1
2011/10/04 09,1,0
2011/10/04 10,1,4
2011/10/04 11,1,5
2011/10/04 12,3,4
2011/10/04 13,2,5
2011/10/04 14,2,54
2011/10/04 15,2,26
2011/10/04 16,3,491
2011/10/04 17,3,682
2011/10/04 18,5,750
2011/10/04 19,4,754
2011/10/04 20,5,697
2011/10/04 21,6,718
2011/10/04 22,6,42
2011/10/04 23,5,29
2011/10/05 00,3,4
2011/10/05 01,3,9
2011/10/05 02,2,9
2011/10/05 03,3,12
2011/10/05 04,3,8
2011/10/05 05,1,3
2011/10/05 06,1,3
2011/10/05 07,1,13
2011/10/05 08,1,12
2011/10/05 14,2,6
2011/10/05 15,3,57
2011/10/05 16,3,78
2011/10/05 17,4,64
2011/10/05 18,6,129
2011/10/05 19,5,74
2011/10/05 20,4,26
2011/10/05 21,2,13
2011/10/05 22,2,3
2011/10/05 23,1,1
2011/10/06 00,2,4
2011/10/06 01,3,13
2011/10/06 02,4,739
2011/10/06 03,3,742
2011/10/06 04,1,348
2011/10/06 05,1,346
2011/10/06 07,1,1
2011/10/06 08,1,4
2011/10/06 09,1,6
2011/10/06 10,1,7
2011/10/06 11,1,6
2011/10/06 12,1,6
2011/10/06 13,3,9
2011/10/06 14,3,17
2011/10/06 15,3,31
2011/10/06 16,2,90
2011/10/06 17,2,12
2011/10/06 18,5,283
2011/10/06 19,3,294
2011/10/06 20,1,39
2011/10/06 21,1,37
2011/10/06 22,1,22
2011/10/06 23,4,399
2011/10/07 00,5,404
2011/10/07 01,4,122
2011/10/07 02,2,95
2011/10/07 03,3,8
2011/10/07 04,4,149
2011/10/07 05,4,107
2011/10/07 06,3,85
2011/10/07 07,2,77
2011/10/07 08,2,75
2011/10/07 09,2,183
2011/10/07 10,4,422
2011/10/07 11,5,592
2011/10/07 12,4,643
2011/10/07 13,4,658
2011/10/07 14,6,630
2011/10/07 15,6,809
2011/10/07 16,4,811
2011/10/07 17,5,791
2011/10/07 18,6,752
2011/10/07 19,9,834
2011/10/07 20,6,505
2011/10/07 21,5,110
2011/10/07 22,3,114
2011/10/07 23,3,52
2011/10/08 00,2,35
2011/10/08 01,2,3
2011/10/08 02,2,10
2011/10/08 03,2,9
2011/10/08 04,1,4
2011/10/08 05,2,4
2011/10/08 06,2,17
2011/10/08 07,2,43
2011/10/08 08,3,39
2011/10/08 09,2,48
2011/10/08 10,1,47
2011/10/08 11,2,317
2011/10/08 12,2,470
2011/10/08 13,2,417
2011/10/08 14,3,444
2011/10/08 15,4,483
2011/10/08 16,6,438
2011/10/08 17,6,430
2011/10/08 18,5,93
2011/10/08 19,5,102
2011/10/08 20,6,105
2011/10/08 21,4,77
2011/10/08 22,3,38
2011/10/08 23,3,33
2011/10/09 00,2,63
2011/10/09 01,3,374
2011/10/09 02,5,343
2011/10/09 03,3,313
2011/10/09 04,2,209
2011/10/09 05,2,183
2011/10/09 06,2,172
2011/10/09 07,4,147
2011/10/09 08,5,216
2011/10/09 09,3,212
2011/10/09 10,5,234
2011/10/09 11,4,129
2011/10/09 12,3,164
2011/10/09 13,4,154
2011/10/09 14,2,19
2011/10/09 15,2,23
2011/10/09 16,4,7
2011/10/09 17,4,17
2011/10/09 18,4,30
2011/10/09 19,4,31
2011/10/09 20,4,21
2011/10/09 21,2,5
2011/10/09 22,3,7
2011/10/09 23,3,11
2011/10/10 00,4,9
2011/10/10 01,2,4
2011/10/10 02,1,1
2011/10/10 03,2,4
2011/10/10 04,2,3
2011/10/10 05,2,3
2011/10/10 06,1,1
2011/10/10 07,2,378
2011/10/10 08,2,557
2011/10/10 09,2,642
2011/10/10 10,3,808
2011/10/10 11,4,816
2011/10/10 12,5,855
2011/10/10 13,3,933
2011/10/10 14,2,781
2011/10/10 15,2,25
2011/10/10 16,1,21
2011/10/10 22,1,1
2011/10/10 23,4,324
2011/10/11 00,4,311
2011/10/11 01,4,358
2011/10/11 02,4,326
2011/10/11 03,6,271
2011/10/11 04,6,244
2011/10/11 05,3,254
2011/10/11 06,4,233
2011/10/11 07,4,226
2011/10/11 08,4,241
2011/10/11 09,1,36
2011/10/11 10,1,42
2011/10/11 11,1,44
2011/10/11 12,1,39
2011/10/11 13,1,40
2011/10/11 14,2,39
2011/10/11 15,4,50
2011/10/11 16,2,47
2011/10/11 17,5,105
2011/10/11 18,3,63
2011/10/11 19,4,40
2011/10/11 20,3,27
2011/10/11 21,3,21
2011/10/11 22,2,16
2011/10/11 23,4,7
2011/10/12 00,4,10
2011/10/12 01,3,12
2011/10/12 02,2,6
2011/10/12 03,2,6
2011/10/12 05,1,1
2011/10/12 06,1,4
2011/10/12 07,1,5
2011/10/12 08,2,9
2011/10/12 09,1,3
2011/10/12 17,1,1
2011/10/12 18,2,6
2011/10/12 19,4,30
2011/10/12 20,5,51
2011/10/12 21,4,70
2011/10/12 22,2,46
2011/10/12 23,1,46
2011/10/13 00,1,20
2011/10/13 05,4,5
2011/10/13 06,6,13
2011/10/13 07,4,7
2011/10/13 08,2,5
2011/10/13 09,1,3
2011/10/13 10,1,2
2011/10/13 13,1,10
2011/10/13 16,1,3
2011/10/13 17,2,2
2011/10/13 18,2,4
2011/10/13 19,3,10
2011/10/13 20,5,22
2011/10/13 21,2,9
2011/10/13 22,4,29
2011/10/13 23,3,19
2011/10/14 00,1,1
2011/10/14 01,2,2
2011/10/14 02,4,5
2011/10/14 03,5,20
2011/10/14 04,6,32
2011/10/14 05,2,6
2011/10/14 10,1,0
2011/10/14 14,1,9
2011/10/14 15,2,47
2011/10/14 16,2,36
2011/10/14 17,5,228
2011/10/14 18,5,291
2011/10/14 19,1,11
2011/10/14 20,2,9
2011/10/14 21,2,5
2011/10/14 22,1,3
2011/10/14 23,1,4
2011/10/15 00,1,0
2011/10/15 01,2,7
2011/10/15 02,3,12
2011/10/15 03,6,15
2011/10/15 04,5,26
2011/10/15 05,3,41
2011/10/15 06,2,15
2011/10/15 07,2,2
2011/10/15 08,3,4
2011/10/15 09,3,5
2011/10/15 10,2,4
2011/10/15 11,1,2
2011/10/15 12,1,2
2011/10/15 13,1,2
2011/10/15 14,2,4
2011/10/15 15,2,8
2011/10/15 16,4,12
2011/10/15 17,2,6
2011/10/15 21,3,2
2011/10/15 22,4,391
2011/10/15 23,3,385
2011/10/16 00,2,344
2011/10/16 01,1,3
2011/10/16 03,1,7
2011/10/16 04,4,55
2011/10/16 05,4,59
2011/10/16 06,3,6
2011/10/16 07,2,1
2011/10/16 08,1,1
2011/10/16 09,2,4
2011/10/16 16,1,2
2011/10/16 17,2,5
2011/10/16 18,2,3
2011/10/16 19,1,5
2011/10/16 20,3,404
2011/10/16 21,2,9
2011/10/16 22,5,15
2011/10/16 23,4,5
2011/10/17 00,5,25
2011/10/17 01,5,92
2011/10/17 02,6,236
2011/10/17 03,3,268
2011/10/17 04,3,278
2011/10/17 05,1,241
2011/10/17 06,2,216
2011/10/17 07,1,7
2011/10/17 17,1,2
2011/10/17 18,4,8
2011/10/17 19,3,19
2011/10/17 20,2,15
2011/10/17 21,2,59
2011/10/17 22,2,58
2011/10/17 23,2,49
2011/10/18 00,2,67
2011/10/18 01,4,70
2011/10/18 02,2,26
2011/10/18 03,1,1
2011/10/18 04,1,1
2011/10/18 05,1,3
2011/10/18 06,2,4
2011/10/18 07,1,3
2011/10/18 08,1,6
2011/10/18 14,1,3
2011/10/18 15,1,3
2011/10/18 16,1,0
2011/10/18 17,1,1
2011/10/18 18,2,2
2011/10/18 19,1,0
2011/10/18 20,1,3
2011/10/18 21,2,7
2011/10/18 22,4,11
2011/10/18 23,6,16
2011/10/19 00,5,21
2011/10/19 01,3,18
2011/10/19 02,2,6
2011/10/19 03,2,23
2011/10/19 04,2,22
2011/10/19 05,2,21
2011/10/19 06,3,14
2011/10/19 07,2,13
2011/10/19 08,2,14
2011/10/19 09,1,6
2011/10/19 10,2,7
2011/10/19 11,2,4
2011/10/19 12,2,4
2011/10/19 13,2,2
2011/10/19 16,1,0
2011/10/19 17,1,1
2011/10/19 18,2,545
2011/10/19 19,3,632
2011/10/19 20,3,643
2011/10/19 21,4,557
2011/10/19 22,5,520
2011/10/19 23,4,36
2011/10/20 00,4,38
2011/10/20 01,4,12
2011/10/20 02,5,33
2011/10/20 03,4,57
2011/10/20 04,4,68
2011/10/20 05,4,61
2011/10/20 06,3,69
2011/10/20 12,1,0
2011/10/20 17,1,5
2011/10/20 18,2,6
2011/10/20 20,2,10
2011/10/20 21,2,10
2011/10/20 22,2,10
2011/10/20 23,2,7
2011/10/21 00,2,7
2011/10/21 01,1,6
2011/10/21 02,3,54
2011/10/21 03,4,140
2011/10/21 04,3,111
2011/10/21 05,2,67
2011/10/21 06,2,61
2011/10/21 07,3,55
2011/10/21 08,2,13
2011/10/21 09,1,13
2011/10/21 12,1,1
2011/10/21 13,1,5
2011/10/21 14,1,6
2011/10/21 15,1,4
2011/10/21 16,1,1
2011/10/21 17,1,7
2011/10/21 18,1,6
2011/10/21 20,1,1
2011/10/21 21,2,5
2011/10/21 22,2,11
2011/10/21 23,2,11
2011/10/22 00,1,4
2011/10/22 01,3,27
2011/10/22 02,3,40
2011/10/22 03,3,3
2011/10/22 04,1,3
2011/10/22 06,2,0
2011/10/22 07,1,4
2011/10/22 09,1,1
2011/10/22 12,1,8
2011/10/22 13,1,11
2011/10/22 14,1,9
2011/10/22 16,1,0
2011/10/22 17,1,1
2011/10/22 18,1,1
2011/10/22 19,5,25
2011/10/22 20,8,145
2011/10/22 21,3,98
2011/10/22 22,2,33
2011/10/22 23,1,3
2011/10/23 01,1,1
2011/10/23 02,1,0
2011/10/23 03,3,30
2011/10/23 04,1,32
2011/10/23 05,1,26
2011/10/23 06,2,32
2011/10/23 07,2,5
2011/10/23 08,3,12
2011/10/23 09,2,10
2011/10/23 10,1,3
2011/10/23 16,2,3
2011/10/23 17,2,6
2011/10/23 18,2,6
2011/10/23 19,5,16
2011/10/23 20,6,139
2011/10/23 21,6,197
2011/10/23 22,3,29
2011/10/23 23,4,107
2011/10/24 00,3,103
2011/10/24 01,2,17
2011/10/24 02,1,9
2011/10/24 03,2,5
2011/10/24 04,2,3
2011/10/24 05,2,7
2011/10/24 06,2,6
2011/10/24 07,1,0
2011/10/24 09,1,2
2011/10/24 12,1,1
2011/10/24 14,1,1
2011/10/24 15,1,1
2011/10/24 21,1,22
2011/10/24 22,2,48
2011/10/24 23,2,16
2011/10/25 00,2,17
2011/10/25 01,3,50
2011/10/25 02,2,36
2011/10/25 03,1,11
2011/10/25 04,1,13
2011/10/25 05,1,13
2011/10/25 09,1,1
2011/10/25 16,1,1
2011/10/25 17,1,1
2011/10/25 18,1,17
2011/10/25 19,1,28
2011/10/25 20,2,45
2011/10/25 21,3,62
2011/10/25 22,2,34
2011/10/25 23,1,9
2011/10/26 00,1,7
2011/10/26 01,2,8
2011/10/26 02,1,8
2011/10/26 03,1,12
2011/10/26 04,2,10
2011/10/26 05,2,9
2011/10/26 17,1,4
2011/10/26 18,2,6
2011/10/26 20,1,0
2011/10/26 21,1,14
2011/10/26 22,2,22
2011/10/26 23,2,30
2011/10/27 00,3,37
2011/10/27 01,2,15
2011/10/27 02,1,2
2011/10/27 03,1,2
2011/10/27 04,1,3
2011/10/27 13,1,0
2011/10/27 15,1,0
2011/10/27 20,1,1
2011/10/27 21,1,10
2011/10/27 22,1,9
2011/10/28 00,1,43
2011/10/28 01,1,42
2011/10/28 02,1,2
2011/10/28 03,1,3
2011/10/28 04,1,3
2011/10/28 15,1,1
2011/10/28 21,1,0
2011/10/28 23,1,2
2011/10/29 00,1,1
2011/10/29 02,1,1
2011/10/29 03,1,3
2011/10/29 06,2,4
2011/10/29 07,3,139
2011/10/29 08,3,145
2011/10/29 09,1,124
2011/10/29 10,2,133
2011/10/29 11,2,141
2011/10/29 12,1,137
2011/10/29 13,1,136
2011/10/29 14,1,145
2011/10/29 15,1,148
2011/10/29 16,1,160
2011/10/29 17,1,162
2011/10/29 18,1,165
2011/10/29 19,1,152
2011/10/29 20,1,1
2011/10/30 02,2,5
2011/10/30 03,1,2
2011/10/30 06,2,1
2011/10/30 07,1,0
2011/10/30 16,1,7
2011/10/30 17,2,5
2011/10/30 18,3,4
2011/10/30 19,3,109
2011/10/30 20,1,221
2011/10/30 21,3,354
2011/10/30 22,3,405
2011/10/30 23,3,3
2011/10/31 00,1,31
2011/10/31 01,1,22
2011/10/31 02,1,21
2011/10/31 03,1,37
2011/10/31 04,1,36
2011/10/31 05,1,54
2011/10/31 06,1,44
2011/10/31 15,1,1
2011/10/31 16,3,2
2011/10/31 17,2,1
2011/10/31 18,1,3
2011/10/31 19,1,0
2011/10/31 20,1,2
2011/10/31 21,1,3
2011/10/31 22,1,5
2011/10/31 23,2,27
2011/11/01 01,2,2
2011/11/01 02,1,2
2011/11/01 03,1,2
2011/11/01 04,2,3
2011/11/01 05,3,320
2011/11/01 06,3,386
2011/11/01 07,5,683
2011/11/01 08,3,538
2011/11/01 09,3,435
2011/11/01 10,2,438
2011/11/01 11,1,418
2011/11/01 12,1,474
2011/11/01 13,2,546
2011/11/01 14,2,623
2011/11/01 15,4,734
2011/11/01 16,5,819
2011/11/03 15,3,176
2011/11/03 16,5,440
2011/11/03 17,5,445
2011/11/03 18,7,663
2011/11/03 19,6,613
2011/11/03 20,5,545
2011/11/03 21,4,538
2011/11/03 22,2,24
2011/11/03 23,6,79
2011/11/04 00,6,90
2011/11/04 01,6,95
2011/11/04 02,5,75
2011/11/04 03,6,89
2011/11/04 04,4,63
2011/11/04 05,5,67
2011/11/04 06,4,33
2011/11/04 07,4,28
2011/11/04 08,4,24
2011/11/04 09,2,5
2011/11/04 13,1,3
2011/11/04 14,2,6
2011/11/04 15,1,4
2011/11/04 16,1,1
2011/11/04 17,2,271
2011/11/04 18,4,610
2011/11/04 19,5,721
2011/11/04 20,7,708
2011/11/04 21,4,629
2011/11/04 22,7,703
2011/11/04 23,7,55
2011/11/05 00,3,42
2011/11/05 01,3,38
2011/11/05 02,3,53
2011/11/05 03,3,71
2011/11/05 04,4,71
2011/11/05 05,3,38
2011/11/05 06,5,43
2011/11/05 07,4,32
2011/11/05 08,3,35
2011/11/05 09,2,31
2011/11/05 10,2,24
2011/11/05 11,2,11
2011/11/05 12,3,15
2011/11/05 13,3,15
2011/11/05 14,2,24
2011/11/05 15,3,34
2011/11/05 16,6,62
2011/11/05 17,5,34
2011/11/05 18,6,495
2011/11/05 19,4,618
2011/11/05 20,2,727
2011/11/05 21,2,737
2011/11/05 22,1,646
2011/11/05 23,1,651
2011/11/06 00,2,72
2011/11/06 01,3,5
2011/11/06 02,4,12
2011/11/06 03,3,19
2011/11/06 04,4,27
2011/11/06 05,5,35
2011/11/06 06,4,30
2011/11/06 07,3,28
2011/11/06 08,3,39
2011/11/06 09,3,42
2011/11/06 10,1,18
2011/11/06 11,2,39
2011/11/06 12,7,60
2011/11/06 13,4,37
2011/11/06 14,2,29
2011/11/06 15,3,29
2011/11/06 16,3,35
2011/11/06 17,4,33
2011/11/06 18,2,25
2011/11/06 19,3,27
2011/11/06 20,3,32
2011/11/06 21,3,35
2011/11/06 22,3,46
2011/11/06 23,3,60
2011/11/07 00,4,61
2011/11/07 01,3,717
2011/11/07 02,4,782
2011/11/07 03,4,311
2011/11/07 04,4,23
2011/11/07 05,4,25
2011/11/07 06,6,43
2011/11/07 07,4,40
2011/11/07 08,3,28
2011/11/07 09,1,1
2011/11/07 10,1,1
2011/11/07 11,2,1
2011/11/07 12,1,1
2011/11/07 13,1,2
2011/11/07 14,1,21
2011/11/07 15,2,27
2011/11/07 16,2,25
2011/11/07 20,2,10
2011/11/07 21,5,23
2011/11/07 22,3,32
2011/11/07 23,4,42
2011/11/08 00,4,31
2011/11/08 01,4,170
2011/11/08 02,3,693
2011/11/08 03,2,1045
2011/11/08 04,2,1220
2011/11/08 05,1,8
2011/11/08 06,2,8
2011/11/08 07,1,3
2011/11/08 09,1,1
2011/11/08 10,1,26
2011/11/08 11,1,19
2011/11/08 17,1,28
2011/11/08 18,1,23
2011/11/08 19,2,26
2011/11/08 20,2,48
2011/11/08 21,1,10
2011/11/08 22,2,14
2011/11/08 23,2,6
2011/11/09 00,1,1
2011/11/09 01,3,3
2011/11/09 02,4,5
2011/11/09 03,4,9
2011/11/09 04,1,5
2011/11/09 05,3,3
2011/11/09 06,1,1
2011/11/09 07,1,2
2011/11/09 08,1,1
2011/11/09 09,2,1
2011/11/09 10,1,3
2011/11/09 11,1,8
2011/11/09 12,1,11
2011/11/09 13,1,9
2011/11/09 16,1,1
2011/11/09 17,1,1
2011/11/09 20,3,3
2011/11/09 21,2,5
2011/11/09 22,3,8
2011/11/09 23,2,2
2011/11/10 00,3,381
2011/11/10 01,1,672
2011/11/10 02,2,782
2011/11/10 03,3,829
2011/11/10 04,5,56
2011/11/10 05,7,115
2011/11/10 06,7,143
2011/11/10 07,4,487
2011/11/10 08,2,418
2011/11/10 09,1,32
2011/11/10 10,2,35
2011/11/10 11,1,3
2011/11/10 19,1,62
2011/11/10 21,2,21
2011/11/10 22,2,21
2011/11/10 23,1,11
2011/11/11 01,2,5
2011/11/11 02,3,9
2011/11/11 03,3,16
2011/11/11 04,3,15
2011/11/11 05,2,4
2011/11/11 06,2,7
2011/11/11 07,4,15
2011/11/11 08,3,13
2011/11/11 09,1,7
2011/11/11 11,2,2
2011/11/11 12,3,3
2011/11/11 13,1,1
2011/11/11 14,1,2
2011/11/11 15,1,1
2011/11/11 17,1,2
2011/11/11 18,2,3
2011/11/11 19,1,3
2011/11/11 20,1,1
2011/11/11 21,1,0
2011/11/11 22,1,1
2011/11/11 23,4,30
2011/11/12 00,4,37
2011/11/12 01,1,2
2011/11/12 02,2,3
2011/11/12 03,1,1
2011/11/12 05,1,1
2011/11/12 06,1,2
2011/11/12 08,1,0
2011/11/12 09,1,3
2011/11/12 10,1,37
2011/11/12 11,1,30
2011/11/12 13,1,1
2011/11/12 14,2,3
2011/11/12 15,2,6
2011/11/12 16,2,7
2011/11/12 17,4,13
2011/11/12 18,4,9
2011/11/12 19,3,7
2011/11/12 20,1,4
2011/11/12 21,3,4
2011/11/12 22,1,1
2011/11/12 23,1,1
2011/11/13 00,3,3
2011/11/13 01,1,1
2011/11/13 02,3,7
2011/11/13 03,2,7
2011/11/13 04,1,0
2011/11/13 07,2,2
2011/11/13 08,2,3
2011/11/13 12,3,4
2011/11/13 13,3,5
2011/11/13 14,1,2
2011/11/13 15,3,16
2011/11/13 16,2,17
2011/11/13 17,2,14
2011/11/13 18,3,5
2011/11/13 19,4,76
2011/11/13 20,5,106
2011/11/13 21,6,143
2011/11/13 22,7,127
2011/11/13 23,5,59
2011/11/14 00,3,58
2011/11/14 01,3,57
2011/11/14 02,2,55
2011/11/14 03,3,3
2011/11/14 04,1,4
2011/11/14 06,1,9
2011/11/14 07,1,10
2011/11/14 08,1,12
2011/11/14 09,1,12
2011/11/14 10,1,13
2011/11/14 11,1,17
2011/11/14 13,1,3
2011/11/14 14,1,8
2011/11/14 15,1,7
2011/11/14 16,3,8
2011/11/14 17,2,12
2011/11/14 18,2,19
2011/11/14 19,2,26
2011/11/14 20,1,24
2011/11/14 21,1,20
2011/11/14 22,2,13
2011/11/14 23,2,14
2011/11/15 00,2,13
2011/11/15 01,2,11
2011/11/15 02,2,3
2011/11/15 05,1,6
2011/11/15 06,2,9
2011/11/15 07,1,9
2011/11/15 08,1,9
2011/11/15 09,1,8
2011/11/15 10,1,9
2011/11/15 13,1,2
2011/11/15 14,2,3
2011/11/15 15,2,3
2011/11/15 16,2,13
2011/11/15 17,2,10
2011/11/15 18,2,14
2011/11/15 19,1,11
2011/11/15 20,1,11
2011/11/15 21,2,12
2011/11/15 22,2,13
2011/11/15 23,1,1
2011/11/16 00,1,8
2011/11/16 01,2,11
2011/11/16 02,2,11
2011/11/16 03,2,12
2011/11/16 04,2,10
2011/11/16 05,2,9
2011/11/16 06,1,6
2011/11/16 07,1,6
2011/11/16 08,1,5
2011/11/16 09,3,18
2011/11/16 10,3,21
2011/11/16 11,1,16
2011/11/16 12,1,21
2011/11/16 13,1,23
2011/11/16 14,1,20
2011/11/16 15,1,1
2011/11/16 16,1,1
2011/11/16 17,1,3
2011/11/16 18,1,3
2011/11/16 20,1,277
2011/11/16 21,1,377
2011/11/16 22,3,436
2011/11/16 23,5,645
2011/11/17 00,5,721
2011/11/17 01,2,352
2011/11/17 02,1,6
2011/11/17 03,2,5
2011/11/17 04,1,2
2011/11/17 09,1,45
2011/11/17 10,1,151
2011/11/17 11,1,177
2011/11/17 12,1,252
2011/11/17 13,1,279
2011/11/17 14,2,321
2011/11/17 15,2,354
2011/11/17 16,1,329
2011/11/17 17,2,485
2011/11/17 18,2,409
2011/11/17 20,1,1
2011/11/17 21,2,1
2011/11/17 22,2,11
2011/11/17 23,1,8
2011/11/18 00,4,26
2011/11/18 01,4,161
2011/11/18 02,3,164
2011/11/18 03,2,13
2011/11/18 04,3,17
2011/11/18 05,3,36
2011/11/18 06,2,41
2011/11/18 07,1,17
2011/11/18 10,1,1
2011/11/18 12,1,189
2011/11/18 13,1,340
2011/11/18 14,1,351
2011/11/18 15,1,306
2011/11/18 17,2,3
2011/11/18 18,3,5
2011/11/18 19,2,3
2011/11/18 21,1,1
2011/11/18 22,1,19
2011/11/18 23,2,22
2011/11/19 00,2,2
2011/11/19 02,1,2
2011/11/19 03,2,8
2011/11/19 04,1,8
2011/11/19 05,2,10
2011/11/19 06,2,5
2011/11/19 07,1,4
2011/11/19 08,1,53
2011/11/19 09,1,250
2011/11/19 10,1,302
2011/11/19 11,1,325
2011/11/19 12,1,317
2011/11/19 13,2,315
2011/11/19 14,5,455
2011/11/19 15,4,536
2011/11/19 16,2,583
2011/11/19 19,1,0
2011/11/19 20,2,3
2011/11/19 21,3,4
2011/11/19 22,4,79
2011/11/19 23,2,73
2011/11/20 00,3,102
2011/11/20 01,2,98
2011/11/20 02,2,2
2011/11/20 03,1,0
2011/11/20 05,1,5
2011/11/20 06,1,5
2011/11/20 07,1,4
2011/11/20 10,1,2
2011/11/20 11,1,1
2011/11/20 13,1,1
2011/11/20 14,2,3
2011/11/20 15,2,5
2011/11/20 16,2,5
2011/11/20 17,3,8
2011/11/20 18,3,44
2011/11/20 19,3,285
2011/11/20 20,3,397
2011/11/20 21,4,446
2011/11/20 22,3,378
2011/11/20 23,2,6
2011/11/21 00,1,4
2011/11/21 01,1,4
2011/11/21 02,2,11
2011/11/21 03,2,10
2011/11/21 04,1,7
2011/11/21 07,1,0
2011/11/21 08,2,3
2011/11/21 09,2,1
2011/11/21 10,1,48
2011/11/21 11,1,230
2011/11/21 12,1,427
2011/11/21 13,1,462
2011/11/21 14,1,460
2011/11/21 15,1,467
2011/11/21 16,2,377
2011/11/21 17,3,328
2011/11/21 18,3,474
2011/11/21 19,3,478
2011/11/21 20,2,472
2011/11/21 21,4,423
2011/11/21 22,4,438
2011/11/21 23,3,39
2011/11/22 00,5,43
2011/11/22 01,2,34
2011/11/22 02,1,2
2011/11/22 03,1,1
2011/11/22 12,1,1
2011/11/22 13,1,1
2011/11/22 15,1,3
2011/11/22 16,2,5
2011/11/22 17,2,4
2011/11/22 18,2,3
2011/11/22 19,1,3
2011/11/22 20,1,4
2011/11/22 21,2,5
2011/11/22 23,1,1
2011/11/23 00,2,6
2011/11/23 04,1,2
2011/11/23 07,1,2
2011/11/23 09,1,88
2011/11/23 15,1,2
2011/11/23 16,1,4
2011/11/23 17,2,126
2011/11/23 18,2,134
2011/11/23 21,1,1
2011/11/23 23,1,1
2011/11/24 01,1,1
2011/11/24 03,2,5
2011/11/24 04,2,15
2011/11/24 05,3,44
2011/11/24 06,3,53
2011/11/24 09,1,0
2011/11/24 10,1,0
2011/11/24 18,3,5
2011/11/24 19,3,7
2011/11/24 20,4,17
2011/11/24 21,2,17
2011/11/24 22,1,9
2011/11/25 00,1,1
2011/11/25 01,1,9
2011/11/25 02,2,8
2011/11/25 03,2,11
2011/11/25 04,2,5
2011/11/25 05,1,2
2011/11/25 14,1,0
2011/11/25 15,1,0
2011/11/25 16,3,14
2011/11/25 17,3,16
2011/11/25 18,3,18
2011/11/25 19,3,20
2011/11/25 20,3,7
2011/11/25 21,2,4
2011/11/25 22,2,45
2011/11/25 23,2,7
2011/11/26 00,3,8
2011/11/26 01,3,70
2011/11/26 02,2,64
2011/11/26 03,2,63
2011/11/26 04,2,27
2011/11/26 06,1,0
2011/11/26 07,1,1
2011/11/26 08,1,2
2011/11/26 10,1,6
2011/11/26 11,1,4
2011/11/26 14,1,5
2011/11/26 15,1,9
2011/11/26 16,2,10
2011/11/26 17,1,6
2011/11/26 18,1,6
2011/11/26 19,1,0
2011/11/26 20,1,1
2011/11/26 21,1,1
2011/11/26 23,3,4
2011/11/27 00,2,2
2011/11/27 03,2,4
2011/11/27 04,2,4
2011/11/27 05,1,3
2011/11/27 11,1,1
2011/11/27 12,1,5
2011/11/27 13,1,4
2011/11/27 15,2,7
2011/11/27 16,2,10
2011/11/27 17,3,15
2011/11/27 18,2,13
2011/11/27 19,4,15
2011/11/27 21,1,4
2011/11/27 22,1,7
2011/11/27 23,3,12
2011/11/28 00,3,22
2011/11/28 01,2,24
2011/11/28 02,2,19
2011/11/28 03,4,26
2011/11/28 04,4,39
2011/11/28 05,2,30
2011/11/28 06,2,28
2011/11/28 07,1,2
2011/11/28 09,1,2
2011/11/28 10,2,1
2011/11/28 11,1,0
2011/11/28 12,1,0
2011/11/28 16,2,6
2011/11/28 17,2,8
2011/11/28 18,3,11
2011/11/28 19,2,5
2011/11/28 20,1,5
2011/11/28 21,1,1
2011/11/28 22,2,6
2011/11/28 23,1,3
2011/11/29 03,1,5
2011/11/29 04,2,4
2011/11/29 05,2,2
2011/11/29 06,2,1
2011/11/29 07,2,1
2011/11/29 08,1,0
2011/11/29 10,1,2
2011/11/29 11,1,2
2011/11/29 12,1,1
2011/11/29 13,1,1
2011/11/29 14,1,2
2011/11/29 15,1,1
2011/11/29 18,2,6
2011/11/29 19,3,7
2011/11/29 20,2,5
2011/11/29 21,3,28
2011/11/29 22,2,14
2011/11/29 23,1,7
2011/11/30 03,1,8
2011/11/30 04,1,8
2011/11/30 05,1,1
2011/11/30 06,2,30
2011/11/30 07,2,40
2011/11/30 08,2,40
2011/11/30 09,1,1
2011/11/30 10,1,0
2011/11/30 11,3,5
2011/11/30 12,3,6
2011/11/30 13,1,3
2011/11/30 14,1,1
2011/11/30 17,1,1
2011/11/30 18,2,2
2011/11/30 19,3,6
2011/11/30 20,2,7
2011/11/30 21,5,30
2011/11/30 22,3,24
2011/11/30 23,3,18
2011/12/01 00,2,3
2011/12/01 01,1,1
2011/12/01 02,1,1
2011/12/01 03,2,0
2011/12/01 04,2,0
2011/12/01 05,1,2
2011/12/01 06,2,6
2011/12/01 07,1,3
2011/12/01 14,1,3
2011/12/01 15,2,7
2011/12/01 16,1,6
2011/12/01 17,1,4
2011/12/01 18,1,4
2011/12/01 19,1,1
2011/12/01 20,1,1
2011/12/01 21,1,1
2011/12/01 22,2,7
2011/12/01 23,1,5
2011/12/02 03,1,1
2011/12/02 04,1,3
2011/12/02 10,1,0
2011/12/02 11,2,2
2011/12/02 12,2,2
2011/12/02 13,1,1
2011/12/02 20,2,4
2011/12/02 21,3,6
2011/12/02 22,2,9
2011/12/02 23,1,5
2011/12/03 01,1,6
2011/12/03 02,2,14
2011/12/03 03,2,13
2011/12/03 04,1,6
2011/12/03 05,1,6
2011/12/03 06,2,13
2011/12/03 07,1,4
2011/12/03 10,1,6
2011/12/03 12,1,2
2011/12/03 13,4,6
2011/12/03 14,2,6
2011/12/03 15,1,4
2011/12/03 16,1,6
2011/12/03 17,1,2
2011/12/03 18,1,2
2011/12/03 19,1,0
2011/12/03 20,2,5
2011/12/03 21,3,5
2011/12/03 22,2,4
2011/12/03 23,3,8
2011/12/04 00,2,9
2011/12/04 01,2,6
2011/12/04 03,1,0
2011/12/04 05,1,11
2011/12/04 06,2,13
2011/12/04 07,2,10
2011/12/04 08,3,6
2011/12/04 09,3,4
2011/12/04 12,1,0
2011/12/04 17,1,3
2011/12/04 18,1,5
2011/12/04 20,4,9
2011/12/04 21,4,16
2011/12/04 22,2,10
2011/12/05 02,1,2
2011/12/05 03,1,4
2011/12/05 05,1,17
2011/12/05 06,2,19
2011/12/05 07,1,14
2011/12/05 17,1,11
2011/12/05 18,1,17
2011/12/05 19,2,17
2011/12/05 20,2,6
2011/12/05 21,1,6
2011/12/05 22,1,7
2011/12/05 23,1,10
2011/12/06 00,1,16
2011/12/06 02,1,16
2011/12/06 03,1,12
2011/12/06 10,1,10
2011/12/06 11,1,7
2011/12/06 12,1,2
2011/12/06 13,1,2
2011/12/06 14,2,8
2011/12/06 15,2,5
2011/12/06 16,2,9
2011/12/06 17,2,10
2011/12/06 18,1,2
2011/12/06 19,1,3
2011/12/06 20,1,5
2011/12/06 21,2,14
2011/12/06 22,3,75
2011/12/06 23,2,81
2011/12/07 00,1,18
2011/12/07 01,1,1
2011/12/07 03,1,11
2011/12/07 04,1,15
2011/12/07 05,1,13
2011/12/07 11,1,26
2011/12/07 12,1,35
2011/12/07 13,1,41
2011/12/07 19,2,1
2011/12/07 20,1,1
2011/12/07 21,1,4
2011/12/07 22,1,4
2011/12/07 23,3,21
2011/12/08 00,3,17
2011/12/08 01,1,15
2011/12/08 02,1,0
2011/12/08 07,1,3
2011/12/08 08,1,4
2011/12/08 09,2,5
2011/12/08 10,3,3
2011/12/08 11,1,0
2011/12/08 14,1,1
2011/12/08 15,1,5
2011/12/08 16,1,6
2011/12/08 18,1,7
2011/12/08 19,1,0
2011/12/08 20,2,5
2011/12/08 21,2,11
2011/12/08 22,2,12
2011/12/08 23,3,16
2011/12/09 00,2,18
2011/12/09 01,3,21
2011/12/09 02,4,18
2011/12/09 03,4,17
2011/12/09 04,3,21
2011/12/09 05,1,14
2011/12/09 06,2,21
2011/12/09 07,1,9
2011/12/09 08,1,9
2011/12/09 13,1,4
2011/12/09 14,1,5
2011/12/09 16,1,7
2011/12/09 17,1,11
2011/12/09 18,1,8
2011/12/09 20,1,14
2011/12/09 21,2,9
2011/12/09 23,1,1
2011/12/10 00,1,4
2011/12/10 01,1,5
2011/12/10 02,1,5
2011/12/10 03,1,17
2011/12/10 04,3,20
2011/12/10 05,1,3
2011/12/10 07,1,2
2011/12/10 09,1,14
2011/12/10 10,1,15
2011/12/10 18,1,4
2011/12/10 19,2,1
2011/12/10 23,1,1
2011/12/11 00,2,2
2011/12/11 01,1,2
2011/12/11 02,1,2
2011/12/11 03,1,0
2011/12/11 04,1,0
2011/12/11 07,1,0
2011/12/11 08,1,3
2011/12/11 10,2,1
2011/12/11 14,1,3
2011/12/11 16,1,119
2011/12/11 17,2,99
2011/12/11 18,1,0
2011/12/11 20,5,33
2011/12/11 21,5,33
2011/12/11 22,1,16
2011/12/12 00,1,1
2011/12/12 03,1,13
2011/12/12 04,2,16
2011/12/12 05,2,16
2011/12/12 06,1,12
2011/12/12 07,1,11
2011/12/12 18,1,1
2011/12/12 19,1,2
2011/12/12 21,1,10
2011/12/12 22,3,30
2011/12/12 23,2,23
2011/12/13 00,2,17
2011/12/13 01,2,25
2011/12/13 02,1,1
2011/12/13 03,1,13
2011/12/13 04,1,17
2011/12/13 08,1,0
2011/12/13 11,1,0
2011/12/13 17,1,3
2011/12/13 18,2,8
2011/12/13 19,2,12
2011/12/13 20,1,10
2011/12/13 21,1,13
2011/12/13 22,1,12
2011/12/14 03,1,3
2011/12/14 04,1,4
2011/12/14 05,2,12
2011/12/14 06,1,11
2011/12/14 07,2,31
2011/12/14 08,1,34
2011/12/14 09,1,35
2011/12/14 10,2,30
2011/12/14 11,3,28
2011/12/14 12,2,7
2011/12/14 13,1,7
2011/12/14 14,2,12
2011/12/14 15,1,9
2011/12/14 17,1,1
2011/12/14 18,1,1
2011/12/14 21,1,1
2011/12/14 22,2,13
2011/12/14 23,2,7
2011/12/15 00,2,21
2011/12/15 01,1,22
2011/12/15 03,1,1
2011/12/15 04,1,1
2011/12/15 05,1,2
2011/12/15 08,1,1
2011/12/15 09,2,3
2011/12/15 10,3,4
2011/12/15 11,1,3
2011/12/15 12,2,2
2011/12/15 13,1,5
2011/12/15 14,1,4
2011/12/15 15,2,9
2011/12/15 16,2,3
2011/12/15 17,1,7
2011/12/15 18,1,6
2011/12/15 19,1,1
2011/12/15 20,3,3
2011/12/15 21,1,14
2011/12/15 22,2,16
2011/12/15 23,1,15
2011/12/16 00,1,4
2011/12/16 01,1,5
2011/12/16 02,2,5
2011/12/16 05,1,2
2011/12/16 06,1,1
2011/12/16 07,1,1
2011/12/16 19,1,2
2011/12/16 20,2,9
2011/12/16 21,3,14
2011/12/16 22,2,8
2011/12/16 23,3,7
2011/12/17 04,2,11
2011/12/17 05,2,23
2011/12/17 06,2,30
2011/12/17 07,3,10
2011/12/17 08,2,4
2011/12/17 09,3,8
2011/12/17 10,3,8
2011/12/17 11,1,5
2011/12/17 12,1,5
2011/12/17 18,1,90
2011/12/17 19,2,4
2011/12/17 21,1,0
2011/12/18 02,2,5
2011/12/18 03,3,6
2011/12/18 04,2,6
2011/12/18 05,2,7
2011/12/18 06,2,6
2011/12/18 09,1,0
2011/12/18 10,1,2
2011/12/18 11,1,3
2011/12/19 02,1,10
2011/12/19 03,3,14
2011/12/19 04,2,18
2011/12/19 05,2,18
2011/12/19 06,1,6
2011/12/19 16,3,75
2011/12/19 17,3,111
2011/12/19 18,1,5
2011/12/19 19,2,7
2011/12/20 03,1,2
2011/12/20 04,2,3
2011/12/20 05,3,18
2011/12/20 06,4,34
2011/12/20 07,3,17
2011/12/20 09,2,69
2011/12/20 10,3,73
2011/12/20 11,3,61
2011/12/20 12,1,44
2011/12/20 13,1,66
2011/12/20 14,2,76
2011/12/20 15,2,117
2011/12/20 16,2,101
2011/12/20 18,1,4
2011/12/20 19,2,31
2011/12/20 20,3,81
2011/12/20 21,1,119
2011/12/20 22,2,104
2011/12/20 23,2,4
2011/12/21 02,1,0
2011/12/21 04,1,9
2011/12/21 05,1,11
2011/12/21 06,1,13
2011/12/21 07,1,12
2011/12/21 08,1,0
2011/12/21 09,1,2
2011/12/21 14,1,2
2011/12/21 15,1,4
2011/12/21 16,2,12
2011/12/21 17,1,11
2011/12/21 18,1,10
2011/12/21 19,6,139
2011/12/21 20,6,142
2011/12/21 21,4,144
2011/12/22 01,1,0
2011/12/22 03,3,6
2011/12/22 04,2,4
2011/12/22 08,1,1
2011/12/22 09,1,62
2011/12/22 10,1,55
2011/12/22 11,1,56
2011/12/22 12,2,2
2011/12/22 13,1,3
2011/12/22 18,1,9
2011/12/22 19,1,13
2011/12/22 20,1,12
2011/12/22 23,2,12
2011/12/23 00,3,13
2011/12/23 01,2,17
2011/12/23 02,2,2
2011/12/23 03,1,1
2011/12/23 04,2,27
2011/12/23 05,2,31
2011/12/23 06,1,12
2011/12/23 09,1,6
2011/12/23 10,2,16
2011/12/23 11,2,6
2011/12/23 12,1,6
2011/12/23 13,1,6
2011/12/23 14,1,9
2011/12/23 15,1,10
2011/12/23 16,1,7
2011/12/23 17,1,13
2011/12/23 18,2,16
2011/12/23 19,2,4
2011/12/23 20,2,4
2011/12/23 21,1,3
2011/12/23 23,1,1
2011/12/24 00,3,11
2011/12/24 01,3,20
2011/12/24 02,3,30
2011/12/24 03,2,20
2011/12/24 04,1,14
2011/12/24 05,1,1
2011/12/24 06,1,2
2011/12/24 07,2,7
2011/12/24 08,3,20
2011/12/24 09,1,9
2011/12/24 10,3,70
2011/12/24 11,2,19
2011/12/24 16,1,17
2011/12/24 17,1,22
2011/12/24 18,1,24
2011/12/24 19,2,4
2011/12/24 20,1,1
2011/12/24 21,1,5
2011/12/24 22,1,4
2011/12/24 23,1,1
2011/12/25 01,1,1
2011/12/25 02,1,2
2011/12/25 03,1,1
2011/12/25 04,1,6
2011/12/25 05,1,6
2011/12/25 06,1,15
2011/12/25 07,1,14
2011/12/25 08,1,16
2011/12/25 10,1,3
2011/12/25 11,1,2
2011/12/25 12,1,0
2011/12/25 17,1,2
2011/12/25 18,2,11
2011/12/25 19,2,7
2011/12/25 20,2,4
2011/12/25 22,1,2
2011/12/25 23,2,13
2011/12/26 00,1,21
2011/12/26 01,1,25
2011/12/26 02,3,41
2011/12/26 03,3,28
2011/12/26 04,3,15
2011/12/26 05,2,15
2011/12/26 06,1,8
2011/12/26 12,1,6
2011/12/26 13,1,7
2011/12/26 14,1,6
2011/12/26 15,1,9
2011/12/26 16,2,14
2011/12/26 17,2,19
2011/12/26 18,2,18
2011/12/26 21,1,3
2011/12/26 22,1,1
2011/12/26 23,1,1
2011/12/27 00,1,5
2011/12/27 02,1,2
2011/12/27 03,2,3
2011/12/27 04,1,2
2011/12/27 05,1,2
2011/12/27 06,2,2
2011/12/27 07,2,4
2011/12/27 11,1,2
2011/12/27 12,3,4
2011/12/27 13,3,4
2011/12/27 14,1,7
2011/12/27 15,1,7
2011/12/27 16,2,8
2011/12/27 17,2,8
2011/12/27 18,2,7
2011/12/27 19,2,5
2011/12/28 02,1,293
2011/12/28 03,2,85
2011/12/28 04,2,18
2011/12/28 05,1,2
2011/12/28 06,2,3
2011/12/28 07,2,4
2011/12/28 08,3,4
2011/12/28 09,1,2
2011/12/28 15,2,6
2011/12/28 16,3,6
2011/12/28 20,1,1
2011/12/28 21,1,5
2011/12/28 22,1,4
2011/12/28 23,1,91
2011/12/29 00,1,4
2011/12/29 01,1,5
2011/12/29 04,1,4
2011/12/29 05,3,5
2011/12/29 06,3,7
2011/12/29 07,3,9
2011/12/29 08,2,6
2011/12/29 09,1,5
2011/12/29 20,5,12
2011/12/29 21,6,102
2011/12/29 22,5,131
2011/12/29 23,6,143
2011/12/30 00,7,136
2011/12/30 01,3,13
2011/12/30 02,9,893
2011/12/30 03,10,1042
2011/12/30 04,9,1305
2011/12/30 05,10,927
2011/12/30 06,7,983
2011/12/30 07,5,854
2011/12/30 08,5,849
2011/12/30 09,3,753
2011/12/30 10,4,658
2011/12/30 11,3,52
2011/12/30 12,2,3
2011/12/30 13,2,4
2011/12/30 14,3,9
2011/12/30 15,3,16
2011/12/30 16,5,27
2011/12/30 17,6,29
2011/12/30 18,5,9
2011/12/30 19,5,10
2011/12/30 20,6,72
2011/12/30 21,8,76
2011/12/30 22,3,7
2011/12/30 23,4,9
2011/12/31 00,5,1064
2011/12/31 01,3,882
2011/12/31 02,6,774
2011/12/31 03,6,11
2011/12/31 04,9,46
2011/12/31 05,6,471
2011/12/31 06,4,42
2011/12/31 07,5,11
2011/12/31 08,1,2
2011/12/31 09,4,9
2011/12/31 10,2,10
2011/12/31 11,2,10
2011/12/31 12,2,14
2011/12/31 13,3,145
2011/12/31 14,2,95
2011/12/31 15,1,102
2011/12/31 16,1,0
2011/12/31 17,2,4
2011/12/31 18,2,7
2011/12/31 19,4,17
2011/12/31 20,1,9
2011/12/31 21,1,8
2011/12/31 22,3,10
2011/12/31 23,3,5
2012/01/01 00,6,399
2012/01/01 01,7,456
2012/01/01 02,5,539
2012/01/01 03,6,583
2012/01/01 04,6,85
2012/01/01 05,4,12
2012/01/01 06,5,533
2012/01/01 07,3,524
2012/01/01 08,5,31
2012/01/01 09,6,41
2012/01/01 10,3,21
2012/01/01 11,2,15
2012/01/01 12,2,2
2012/01/01 14,1,4
2012/01/01 15,3,11
2012/01/01 16,2,5
2012/01/01 17,1,3
2012/01/01 18,1,4
2012/01/01 20,1,1
2012/01/01 21,2,3
2012/01/01 22,4,8
2012/01/01 23,4,15
2012/01/02 00,3,13
2012/01/02 01,3,18
2012/01/02 02,6,357
2012/01/02 03,6,888
2012/01/02 04,7,545
2012/01/02 05,6,455
2012/01/02 06,5,261
2012/01/02 07,4,136
2012/01/02 08,5,131
2012/01/02 09,1,5
2012/01/02 12,2,8
2012/01/02 13,2,13
2012/01/02 14,1,7
2012/01/02 16,1,1
2012/01/02 17,1,1
2012/01/02 18,3,6
2012/01/02 19,6,12
2012/01/02 20,3,13
2012/01/02 21,1,13
2012/01/02 22,3,24
2012/01/02 23,2,14
2012/01/03 00,3,4
2012/01/03 01,5,21
2012/01/03 02,2,18
2012/01/03 03,6,51
2012/01/03 04,6,1923
2012/01/03 05,4,2346
2012/01/03 06,5,1750
2012/01/03 07,6,1131
2012/01/03 08,4,1035
2012/01/03 09,3,1114
2012/01/03 10,1,941
2012/01/03 11,1,0
2012/01/03 13,4,7
2012/01/03 14,4,6
2012/01/03 15,3,47
2012/01/03 16,3,4
2012/01/03 18,4,13
2012/01/03 19,5,27
2012/01/03 20,2,38
2012/01/03 21,4,61
2012/01/03 22,6,150
2012/01/03 23,6,204
2012/01/04 00,1,113
2012/01/04 01,2,3
2012/01/04 02,3,688
2012/01/04 03,6,668
2012/01/04 04,5,59
2012/01/04 05,3,48
2012/01/04 06,4,784
2012/01/04 07,5,968
2012/01/04 08,3,992
2012/01/04 09,2,588
2012/01/04 10,1,5
2012/01/04 11,1,7
2012/01/04 12,2,6
2012/01/04 13,3,9
2012/01/04 14,1,3
2012/01/04 15,2,5
2012/01/04 16,5,100
2012/01/04 17,4,88
2012/01/04 18,3,11
2012/01/04 19,3,14
2012/01/04 20,2,8
2012/01/04 21,1,12
2012/01/04 22,2,2
2012/01/04 23,3,13
2012/01/05 00,3,42
2012/01/05 01,5,24
2012/01/05 02,3,7
2012/01/05 03,3,26
2012/01/05 04,3,23
2012/01/05 05,5,29
2012/01/05 06,4,17
2012/01/05 07,4,28
2012/01/05 08,3,14
2012/01/05 09,1,11
2012/01/05 10,2,11
2012/01/05 11,3,17
2012/01/05 12,1,6
2012/01/05 13,2,5
2012/01/05 14,2,4
2012/01/05 15,3,10
2012/01/05 16,4,10
2012/01/05 17,3,16
2012/01/05 18,5,23
2012/01/05 19,3,19
2012/01/05 20,3,22
2012/01/05 21,2,12
2012/01/05 22,3,27
2012/01/05 23,4,48
2012/01/06 00,4,15
2012/01/06 01,5,53
2012/01/06 02,5,49
2012/01/06 03,2,7
2012/01/06 04,3,14
2012/01/06 05,2,15
2012/01/06 06,2,22
2012/01/06 07,4,39
2012/01/06 08,2,19
2012/01/06 09,5,26
2012/01/06 10,3,13
2012/01/06 11,1,7
2012/01/06 12,1,2
2012/01/06 13,3,7
2012/01/06 14,3,10
2012/01/06 15,2,10
2012/01/06 16,3,13
2012/01/06 17,3,12
2012/01/06 18,2,8
2012/01/06 19,4,21
2012/01/06 20,5,42
2012/01/06 21,10,117
2012/01/06 22,4,100
2012/01/06 23,3,94
2012/01/07 00,4,19
2012/01/07 01,7,23
2012/01/07 02,7,37
2012/01/07 03,4,35
2012/01/07 04,5,35
2012/01/07 05,3,34
2012/01/07 06,3,28
2012/01/07 07,3,16
2012/01/07 08,5,23
2012/01/07 09,1,7
2012/01/07 10,3,14
2012/01/07 11,3,28
2012/01/07 12,2,22
2012/01/07 13,4,7
2012/01/07 14,4,7
2012/01/07 15,2,8
2012/01/07 16,5,13
2012/01/07 17,8,32
2012/01/07 18,4,19
2012/01/07 19,1,10
2012/01/07 20,2,16
2012/01/07 21,4,27
2012/01/07 22,4,24
2012/01/07 23,6,36
2012/01/08 00,7,45
2012/01/08 01,5,19
2012/01/08 02,5,25
2012/01/08 03,4,17
2012/01/08 04,5,30
2012/01/08 05,3,26
2012/01/08 06,2,20
2012/01/08 07,3,35
2012/01/08 08,2,19
2012/01/08 09,2,16
2012/01/08 10,3,17
2012/01/08 11,5,21
2012/01/08 12,3,12
2012/01/08 13,1,7
2012/01/08 14,1,9
2012/01/08 15,1,5
2012/01/08 16,2,3
2012/01/08 17,3,10
2012/01/08 18,4,132
2012/01/08 19,2,15
2012/01/08 20,2,14
2012/01/08 21,4,8
2012/01/08 22,3,8
2012/01/08 23,3,4
2012/01/09 00,5,16
2012/01/09 01,4,15
2012/01/09 02,4,26
2012/01/09 03,5,32
2012/01/09 04,5,322
2012/01/09 05,3,643
2012/01/09 06,3,725
2012/01/09 07,4,28
2012/01/09 08,4,19
2012/01/09 09,5,23
2012/01/09 10,3,8
2012/01/09 11,1,5
