2011/10/01 03,1,5
2011/10/01 04,1,6
2011/10/01 16,1,4
2011/10/01 17,2,4
2011/10/01 18,2,3
2011/10/01 19,1,1
2011/10/02 02,1,1
2011/10/02 03,1,1
2011/10/02 05,1,4
2011/10/02 06,1,15
2011/10/02 16,1,2
2011/10/02 17,1,1
2011/10/02 19,1,7
2011/10/04 01,1,1
2011/10/06 09,1,0
2011/10/07 10,1,1
2011/10/09 00,1,8
2011/10/09 01,1,25
2011/10/09 22,1,1
2011/10/09 23,1,2
2011/10/10 00,1,0
2011/10/11 07,1,2
2011/10/11 08,1,2
2011/10/12 04,1,1
2011/10/12 05,1,3
2011/10/12 16,1,6
2011/10/12 17,1,0
2011/10/13 00,1,0
2011/10/13 17,1,2
2011/10/13 18,1,1
2011/10/16 22,1,1
2011/10/16 23,1,1
2011/10/17 17,1,1
2011/10/17 18,1,1
2011/10/18 16,1,0
2011/10/19 19,1,0
2011/10/22 02,1,1
2011/10/22 03,1,1
2011/10/27 01,1,2
2011/10/29 20,1,0
2011/10/30 06,1,2
2011/10/30 07,1,2
2011/10/30 08,1,2
2011/10/30 13,1,73
2011/10/30 15,1,55
2011/10/31 03,1,1
2011/10/31 04,1,2
2011/10/31 20,1,1
2011/11/05 06,1,1
2011/11/05 07,1,2
2011/11/05 08,1,2
2011/11/05 09,1,1
2011/11/05 10,1,2
2011/11/05 22,1,1
2011/11/05 23,1,1
2011/11/06 00,2,3
2011/11/06 01,1,1
2011/11/06 02,1,1
2011/11/06 03,1,1
2011/11/07 23,1,3
2011/11/08 00,1,2
2011/11/08 02,1,2
2011/11/08 03,1,2
2011/11/08 18,1,2
2011/11/09 00,1,13
2011/11/09 01,1,14
2011/11/09 02,1,11
2011/11/09 03,1,12
2011/11/09 04,1,11
2011/11/09 05,1,21
2011/11/09 22,1,27
2011/11/11 18,1,1
2011/11/14 23,1,2
2011/11/15 00,1,2
2011/11/15 01,1,6
2011/11/15 02,1,5
2011/11/15 03,1,3
2011/11/15 09,1,1
2011/11/15 10,1,1
2011/11/15 11,1,1
2011/11/15 14,1,1
2011/11/17 07,1,1
2011/11/17 08,1,1
2011/11/17 09,1,1
2011/11/17 10,1,0
2011/11/17 17,1,3
2011/11/20 07,1,5
2011/11/20 08,1,26
2011/11/20 09,1,23
2011/11/20 10,1,21
2011/11/20 11,1,28
2011/11/20 12,1,26
2011/11/20 18,1,5
2011/11/20 19,1,6
2011/11/20 20,1,5
2011/11/21 19,1,4
2011/11/21 20,1,4
2011/11/22 00,2,5
2011/11/22 01,1,4
2011/11/22 21,1,3
2011/11/22 22,1,4
2011/11/22 23,1,4
2011/11/24 11,1,3
2011/11/27 12,1,1
2011/11/27 23,1,1
2011/11/30 09,1,1
2011/12/01 18,1,2
2011/12/02 18,1,14
2011/12/02 19,1,15
2011/12/03 03,1,5
2011/12/03 04,1,3
2011/12/03 05,1,4
2011/12/03 06,1,0
2011/12/03 07,1,1
2011/12/03 08,1,3
2011/12/03 09,1,4
2011/12/03 10,1,4
2011/12/03 11,2,5
2011/12/03 12,2,4
2011/12/03 16,1,3
2011/12/03 17,2,4
2011/12/03 18,2,5
2011/12/03 19,1,2
2011/12/03 20,2,4
2011/12/03 21,2,5
2011/12/03 22,3,5
2011/12/03 23,1,2
2011/12/04 03,1,4
2011/12/04 09,1,3
2011/12/04 13,1,2
2011/12/05 16,1,1
2011/12/05 19,1,3
2011/12/05 21,1,1
2011/12/07 06,2,15
2011/12/07 07,1,15
2011/12/07 18,2,4
2011/12/07 19,2,9
2011/12/07 20,4,64
2011/12/07 21,4,76
2011/12/07 22,2,8
2011/12/07 23,4,8
2011/12/08 00,3,7
2011/12/08 01,2,1
2011/12/08 02,2,6
2011/12/08 07,1,2
2011/12/08 10,1,3
2011/12/08 11,1,9
2011/12/08 12,1,12
2011/12/08 13,1,12
2011/12/08 14,1,11
2011/12/08 15,3,12
2011/12/08 16,4,48
2011/12/08 17,4,47
2011/12/08 18,2,26
2011/12/08 19,4,67
2011/12/08 20,4,5882
2011/12/08 21,5,14693
2011/12/08 22,6,14187
2011/12/08 23,7,9933
2011/12/09 00,6,8831
2011/12/09 01,5,22
2011/12/09 02,4,21
2011/12/09 03,2,16
2011/12/09 04,1,3
2011/12/09 05,3,27
2011/12/09 06,3,32
2011/12/09 07,3,39
2011/12/09 08,2,8
2011/12/09 09,1,2
2011/12/09 10,2,26
2011/12/09 11,2,51
2011/12/09 12,2,5
2011/12/09 13,1,1
2011/12/09 14,1,1
2011/12/09 15,3,109
2011/12/09 16,5,570
2011/12/09 17,6,398
2011/12/09 18,6,418
2011/12/09 19,5,209
2011/12/09 20,5,1689
2011/12/09 21,6,2452
2011/12/09 22,5,2579
2011/12/09 23,7,2426
2011/12/10 00,5,22
2011/12/10 01,5,15
2011/12/10 02,2,6
2011/12/10 03,3,8
2011/12/10 04,2,5
2011/12/10 05,1,4
2011/12/10 06,2,15
2011/12/10 07,2,12
2011/12/10 08,2,6
2011/12/10 09,2,24
2011/12/10 10,2,18
2011/12/10 11,2,47
2011/12/10 12,2,312
2011/12/10 13,1,603
2011/12/10 14,1,599
2011/12/10 15,2,559
2011/12/10 16,4,545
2011/12/10 17,5,517
2011/12/10 18,4,1069
2011/12/10 19,2,593
2011/12/10 20,2,579
2011/12/10 21,2,523
2011/12/10 22,2,411
2011/12/10 23,2,382
2011/12/11 00,2,7
2011/12/11 01,2,9
2011/12/11 02,2,7
2011/12/11 03,2,4
2011/12/11 04,2,4
2011/12/11 05,2,5
2011/12/11 06,2,3
2011/12/11 07,1,2
2011/12/11 10,1,1
2011/12/11 14,2,186
2011/12/11 15,2,357
2011/12/11 16,2,2
2011/12/11 18,2,2
2011/12/11 19,2,3
2011/12/11 20,2,2
2011/12/11 23,1,303
2011/12/12 03,1,2
2011/12/12 04,1,3
2011/12/12 05,1,0
2011/12/12 09,1,0
2011/12/12 10,1,1
2011/12/12 15,2,6
2011/12/12 18,1,1
2011/12/12 19,1,3
2011/12/12 20,2,3
2011/12/12 21,2,3
2011/12/12 22,3,9
2011/12/12 23,4,15
2011/12/13 00,4,29
2011/12/13 01,3,3
2011/12/13 02,2,1
2011/12/13 04,1,4
2011/12/13 05,1,2
2011/12/13 06,1,0
2011/12/13 07,2,297
2011/12/13 08,1,289
2011/12/13 13,2,1
2011/12/13 14,1,2
2011/12/13 15,1,1
2011/12/13 16,1,2
2011/12/13 17,2,4
2011/12/13 18,1,1
2011/12/13 20,3,10
2011/12/13 21,1,9
2011/12/13 22,2,12
2011/12/13 23,2,3
2011/12/14 00,2,3
2011/12/14 01,1,4
2011/12/14 02,2,136
2011/12/14 03,3,4
2011/12/14 04,3,8
2011/12/14 05,2,3
2011/12/14 06,2,4
2011/12/14 07,2,3
2011/12/14 08,2,3
2011/12/14 09,1,0
2011/12/14 10,1,0
2011/12/14 11,1,0
2011/12/14 12,1,0
2011/12/14 13,2,28
2011/12/14 14,1,37
2011/12/14 15,2,51
2011/12/14 16,2,5
2011/12/14 17,2,5
2011/12/14 18,1,4
2011/12/14 19,2,2
2011/12/14 20,1,4
2011/12/14 21,4,5
2011/12/14 22,1,2
2011/12/15 06,1,6
2011/12/15 07,1,5
2011/12/15 08,1,2
2011/12/15 09,2,4
2011/12/15 10,2,8
2011/12/15 11,2,8
2011/12/15 12,1,5
2011/12/15 13,1,5
2011/12/15 14,2,19
2011/12/15 15,1,18
2011/12/15 16,3,4
2011/12/15 17,4,9
2011/12/15 18,3,9
2011/12/15 19,5,15
2011/12/15 20,2,4
2011/12/16 00,1,2
2011/12/16 01,1,0
2011/12/16 17,1,13
2011/12/16 19,1,11
2011/12/16 20,1,10
2011/12/16 22,1,0
2011/12/16 23,1,0
2011/12/17 00,1,0
2011/12/17 01,1,1
2011/12/17 02,1,1
2011/12/17 05,2,3
2011/12/17 06,2,4
2011/12/17 12,1,1
2011/12/17 19,1,2
2011/12/17 20,1,4
2011/12/17 21,1,1
2011/12/18 00,1,2
2011/12/18 01,1,0
2011/12/18 08,1,1
2011/12/18 09,1,1
2011/12/18 10,1,2
2011/12/19 14,1,1
2011/12/19 15,1,1
2011/12/19 16,1,2
2011/12/19 17,1,2
2011/12/20 02,1,1
2011/12/20 03,1,1784
2011/12/20 04,1,949
2011/12/20 05,1,722
2011/12/20 06,1,531
2011/12/20 07,1,407
2011/12/20 08,1,355
2011/12/20 09,3,324
2011/12/20 10,3,253
2011/12/20 11,1,2
2011/12/20 13,1,1
2011/12/20 17,1,0
2011/12/20 19,2,1
2011/12/20 20,1,0
2011/12/20 22,2,5
2011/12/20 23,2,4
2011/12/21 01,1,0
2011/12/21 02,3,10
2011/12/21 03,4,16
2011/12/21 04,2,4
2011/12/21 05,2,3
2011/12/21 08,1,1
2011/12/21 09,1,0
2011/12/21 10,1,1
2011/12/21 11,3,13
2011/12/21 12,2,11
2011/12/21 13,1,7
2011/12/21 14,2,2
2011/12/21 15,1,1
2011/12/21 18,2,25
2011/12/21 19,2,26
2011/12/21 20,1,2
2011/12/22 00,1,2
2011/12/22 01,1,3
2011/12/22 02,1,1
2011/12/22 17,2,3
2011/12/22 18,2,5
2011/12/22 19,1,1
2011/12/22 23,1,0
2011/12/23 04,1,12
2011/12/23 05,1,19
2011/12/23 06,2,522
2011/12/23 07,2,533
2011/12/23 08,1,482
2011/12/23 09,1,475
2011/12/23 16,2,11
2011/12/23 17,1,14
2011/12/23 18,3,17
2011/12/24 01,1,1
2011/12/24 02,1,0
2011/12/24 03,1,1524
2011/12/24 04,1,1252
2011/12/24 05,1,547
2011/12/24 06,1,417
2011/12/24 07,1,343
2011/12/24 08,1,17
2011/12/24 09,1,16
2011/12/24 10,1,20
2011/12/24 17,1,3
2011/12/24 18,1,3
2011/12/24 19,1,3
2011/12/24 20,1,3
2011/12/24 21,1,4
2011/12/24 22,2,5
2011/12/24 23,2,3
2011/12/25 04,1,1
2011/12/25 07,1,1
2011/12/25 08,1,2
2011/12/25 10,1,1
2011/12/25 15,1,3
2011/12/25 16,1,3
2011/12/25 21,1,3
2011/12/25 22,1,5
2011/12/26 00,1,2
2011/12/26 01,1,2
2011/12/26 02,1,2
2011/12/26 03,1,1
2011/12/26 04,1,0
2011/12/26 05,1,1
2011/12/26 14,1,2
2011/12/26 15,1,4
2011/12/27 02,1,13
2011/12/27 03,2,12
2011/12/27 04,2,13
2011/12/27 05,1,2
2011/12/27 06,1,2
2011/12/27 12,1,10
2011/12/27 13,1,11
2011/12/27 14,1,9
2011/12/27 17,1,0
2011/12/27 19,1,73
2011/12/27 20,2,145
2011/12/27 21,2,117
2011/12/27 22,1,31
2011/12/27 23,1,31
2011/12/28 00,3,162
2011/12/28 01,2,49
2011/12/28 02,3,45
2011/12/28 03,2,12
2011/12/28 04,4,14
2011/12/28 05,4,13
2011/12/28 12,1,5
2011/12/28 13,1,9
2011/12/28 14,1,12
2011/12/28 15,2,30
2011/12/28 16,1,22
2011/12/28 17,1,26
2011/12/28 18,1,35
2011/12/28 19,2,38
2011/12/28 20,1,39
2011/12/28 21,2,50
2011/12/28 22,2,47
2011/12/28 23,3,122
2011/12/29 00,2,49
2011/12/29 01,1,37
2011/12/29 02,1,34
2011/12/29 03,1,33
2011/12/29 04,1,24
2011/12/29 05,1,21
2011/12/29 06,1,21
2011/12/29 07,1,15
2011/12/29 14,1,22
2011/12/29 15,1,20
2011/12/29 16,1,17
2011/12/29 17,1,20
2011/12/29 18,1,30
2011/12/29 19,2,46
2011/12/29 20,2,48
2011/12/29 21,1,45
2011/12/29 22,1,47
2011/12/29 23,1,53
2011/12/30 00,2,52
2011/12/30 01,2,46
2011/12/30 02,1,44
2011/12/30 03,1,39
2011/12/30 04,1,33
2011/12/30 05,1,32
2011/12/30 06,1,29
2011/12/30 15,1,0
2011/12/30 16,1,19
2011/12/30 17,1,25
2011/12/30 18,1,32
2011/12/30 19,1,38
2011/12/30 20,1,45
2011/12/30 21,1,41
2011/12/30 22,1,43
2011/12/30 23,1,46
2011/12/31 00,2,45
2011/12/31 01,1,47
2011/12/31 02,1,40
2011/12/31 03,1,40
2011/12/31 04,1,37
2011/12/31 05,1,32
2011/12/31 06,1,20
2011/12/31 07,1,13
2011/12/31 09,1,1
2011/12/31 10,1,1
2011/12/31 11,1,1
2011/12/31 17,1,22
2011/12/31 18,1,21
2011/12/31 19,2,41
2011/12/31 20,3,35
2011/12/31 21,2,33
2011/12/31 22,1,31
2011/12/31 23,1,43
2012/01/01 00,2,60
2012/01/01 01,2,55
2012/01/01 02,2,56
2012/01/01 03,2,54
2012/01/01 04,1,49
2012/01/01 05,1,43
2012/01/01 06,1,38
2012/01/01 07,1,24
2012/01/01 08,1,24
2012/01/01 09,1,19
2012/01/01 10,2,20
2012/01/01 11,3,23
2012/01/01 12,1,1
2012/01/01 13,1,3
2012/01/01 14,2,8
2012/01/01 15,2,10
2012/01/01 16,1,6
2012/01/01 17,1,40
2012/01/01 18,2,42
2012/01/01 19,2,31
2012/01/01 20,2,32
2012/01/01 21,1,35
2012/01/01 22,2,90
2012/01/01 23,2,52
2012/01/02 00,4,952
2012/01/02 01,4,633
2012/01/02 02,4,614
2012/01/02 03,4,23
2012/01/02 04,3,15
2012/01/02 05,3,11
2012/01/02 06,1,2
2012/01/02 15,1,14
2012/01/02 16,1,20
2012/01/02 18,1,24
2012/01/02 19,1,32
2012/01/02 20,1,44
2012/01/02 21,1,38
2012/01/02 22,1,45
2012/01/02 23,1,53
2012/01/03 00,1,45
2012/01/03 01,1,26
2012/01/03 02,1,23
2012/01/03 03,1,21
2012/01/03 13,1,1
2012/01/03 14,1,1
2012/01/03 16,1,17
2012/01/03 17,1,27
2012/01/03 18,1,31
2012/01/03 19,1,34
2012/01/03 20,2,47
2012/01/03 21,4,42
2012/01/03 22,3,41
2012/01/03 23,2,33
2012/01/04 00,1,17
2012/01/04 01,1,21
2012/01/04 02,2,27
2012/01/04 07,1,9
2012/01/04 08,1,5
2012/01/04 10,1,2
2012/01/04 11,1,3
2012/01/04 12,2,17
2012/01/04 13,1,16
2012/01/04 15,1,16
2012/01/04 16,2,31
2012/01/04 17,2,52
2012/01/04 18,3,52
2012/01/04 19,4,82
2012/01/04 20,3,82
2012/01/04 21,3,92
2012/01/04 22,3,83
2012/01/04 23,1,41
2012/01/05 00,1,36
2012/01/05 01,1,34
2012/01/05 02,1,25
2012/01/05 03,1,20
2012/01/05 06,1,2
2012/01/05 07,2,8
2012/01/05 08,1,4
2012/01/05 09,1,2
2012/01/05 10,1,3
2012/01/05 17,1,16
2012/01/05 18,2,32
2012/01/05 19,2,36
2012/01/05 20,3,37
2012/01/05 21,1,37
2012/01/05 22,2,33
2012/01/05 23,4,43
2012/01/06 00,3,33
2012/01/06 01,2,33
2012/01/06 02,2,32
2012/01/06 03,2,19
2012/01/06 04,1,19
2012/01/06 05,1,31
2012/01/06 06,1,33
2012/01/06 07,2,27
2012/01/06 08,1,14
2012/01/06 11,1,1
2012/01/06 12,1,1
2012/01/06 14,2,12
2012/01/06 15,2,163
2012/01/06 18,1,33
2012/01/06 19,1,34
2012/01/06 20,1,487
2012/01/06 21,1,549
2012/01/06 22,2,452
2012/01/06 23,2,2
2012/01/07 00,3,8
2012/01/07 01,1,1
2012/01/07 02,1,2
2012/01/07 03,1,3
2012/01/07 04,1,4
2012/01/07 05,2,4
2012/01/07 06,1,4
2012/01/07 07,1,3
2012/01/07 21,2,2
2012/01/07 22,1,2
2012/01/07 23,1,2
2012/01/08 00,1,1
2012/01/08 04,1,1
2012/01/08 08,1,17
2012/01/08 09,2,13
2012/01/08 10,1,16
2012/01/08 11,1,17
2012/01/08 15,1,8
2012/01/08 16,1,1
2012/01/08 17,2,10
2012/01/08 18,2,8
2012/01/08 19,2,12
2012/01/09 05,1,1
2012/01/09 06,1,0
