2011/10/01 02,1,12
2011/10/01 03,2,31
2011/10/01 04,2,47
2011/10/01 05,2,38
2011/10/01 06,2,31
2011/10/01 07,2,40
2011/10/01 08,1,9
2011/10/01 10,1,0
2011/10/01 11,1,0
2011/10/01 15,1,11
2011/10/01 16,1,14
2011/10/01 17,1,12
2011/10/01 18,4,62
2011/10/01 19,5,62
2011/10/01 20,4,33
2011/10/01 21,3,32
2011/10/01 22,2,33
2011/10/01 23,4,33
2011/10/02 00,4,22
2011/10/02 01,5,16
2011/10/02 02,6,66
2011/10/02 03,6,65
2011/10/02 04,6,42
2011/10/02 05,4,37
2011/10/02 06,3,6
2011/10/02 07,2,3
2011/10/02 08,1,19
2011/10/02 09,2,426
2011/10/02 10,2,363
2011/10/02 11,1,201
2011/10/02 14,1,1
2011/10/02 15,1,1
2011/10/02 16,3,73
2011/10/02 17,2,73
2011/10/02 18,2,51
2011/10/02 19,4,68
2011/10/02 20,6,268
2011/10/02 21,5,270
2011/10/02 22,4,189
2011/10/02 23,3,76
2011/10/03 00,4,28
2011/10/03 01,2,5
2011/10/03 02,4,145
2011/10/03 03,4,240
2011/10/03 04,3,112
2011/10/03 05,4,101
2011/10/03 06,1,4
2011/10/03 07,1,3
2011/10/03 08,2,9
2011/10/03 09,2,33
2011/10/03 10,1,46
2011/10/03 11,1,75
2011/10/03 12,1,65
2011/10/03 14,1,2
2011/10/03 15,1,2
2011/10/03 17,2,10
2011/10/03 18,2,15
2011/10/03 19,1,20
2011/10/03 20,1,20
2011/10/03 21,2,60
2011/10/03 22,4,102
2011/10/03 23,7,1664
2011/10/04 00,6,2586
2011/10/04 01,8,2690
2011/10/04 02,7,2697
2011/10/04 03,5,1205
2011/10/04 04,1,83
2011/10/04 05,1,60
2011/10/04 06,1,47
2011/10/04 17,1,2
2011/10/04 18,1,9
2011/10/04 19,1,49
2011/10/04 20,2,70
2011/10/04 21,2,77
2011/10/04 22,2,88
2011/10/04 23,2,74
2011/10/05 01,2,23
2011/10/05 02,3,43
2011/10/05 03,3,50
2011/10/05 04,2,44
2011/10/05 05,1,36
2011/10/05 06,1,17
2011/10/05 16,2,2
2011/10/05 17,2,10
2011/10/05 18,4,28
2011/10/05 19,4,38
2011/10/05 20,4,72
2011/10/05 21,5,98
2011/10/05 22,2,38
2011/10/05 23,2,40
2011/10/06 00,1,17
2011/10/06 01,1,0
2011/10/06 03,1,2
2011/10/06 05,1,1
2011/10/06 06,1,25
2011/10/06 07,2,68
2011/10/06 08,2,52
2011/10/06 09,1,22
2011/10/06 10,1,22
2011/10/06 11,1,45
2011/10/06 12,1,41
2011/10/06 13,1,37
2011/10/06 14,1,41
2011/10/06 15,2,48
2011/10/06 16,1,47
2011/10/06 17,1,51
2011/10/06 18,2,55
2011/10/06 19,2,59
2011/10/06 20,2,55
2011/10/06 21,2,62
2011/10/06 22,3,57
2011/10/06 23,3,52
2011/10/07 00,5,47
2011/10/07 01,2,36
2011/10/07 02,3,40
2011/10/07 03,3,37
2011/10/07 04,3,37
2011/10/07 05,2,29
2011/10/07 06,1,29
2011/10/07 16,1,17
2011/10/07 17,1,24
2011/10/07 18,1,26
2011/10/07 19,1,247
2011/10/07 20,1,1
2011/10/07 21,1,13
2011/10/07 22,3,16
2011/10/07 23,3,19
2011/10/08 00,2,7
2011/10/08 01,1,3
2011/10/08 03,2,66
2011/10/08 04,2,86
2011/10/08 05,3,130
2011/10/08 06,1,129
2011/10/08 10,1,72
2011/10/08 11,2,98
2011/10/08 12,2,82
2011/10/08 13,2,63
2011/10/08 14,1,0
2011/10/08 15,1,1
2011/10/08 16,4,22
2011/10/08 17,5,26
2011/10/08 18,4,30
2011/10/08 19,4,32
2011/10/08 20,2,8
2011/10/08 21,1,0
2011/10/08 22,1,0
2011/10/09 01,3,4
2011/10/09 02,3,5
2011/10/09 03,1,2
2011/10/09 04,2,1
2011/10/09 05,1,0
2011/10/09 07,1,13
2011/10/09 10,1,7
2011/10/09 11,1,15
2011/10/09 12,1,18
2011/10/09 13,1,21
2011/10/09 19,1,4
2011/10/09 20,1,5
2011/10/09 22,2,6
2011/10/09 23,3,13
2011/10/10 00,4,13
2011/10/10 01,3,12
2011/10/10 02,2,5
2011/10/10 03,1,2
2011/10/10 10,1,85
2011/10/10 11,1,126
2011/10/10 12,1,72
2011/10/10 13,1,104
2011/10/10 14,1,92
2011/10/10 15,2,88
2011/10/10 16,3,45
2011/10/10 17,2,6
2011/10/10 21,2,7
2011/10/10 22,2,8
2011/10/10 23,1,3
2011/10/11 01,1,1
2011/10/11 02,2,6
2011/10/11 03,3,11
2011/10/11 04,3,14
2011/10/11 05,3,9
2011/10/11 06,2,3
2011/10/11 07,2,4
2011/10/11 08,1,2
2011/10/11 09,1,2
2011/10/11 10,2,72
2011/10/11 11,2,64
2011/10/11 12,2,51
2011/10/11 13,2,44
2011/10/11 14,2,34
2011/10/11 15,1,51
2011/10/11 16,2,48
2011/10/11 17,2,2
2011/10/11 18,1,1
2011/10/11 19,2,3
2011/10/11 20,3,12
2011/10/11 21,3,246
2011/10/11 22,1,12
2011/10/12 02,2,3
2011/10/12 03,2,3
2011/10/12 17,1,4
2011/10/12 18,1,5
2011/10/12 19,2,3
2011/10/12 20,2,7
2011/10/12 21,1,5
2011/10/13 00,1,18
2011/10/13 01,1,26
2011/10/13 02,1,26
2011/10/13 03,1,7
2011/10/13 08,1,11
2011/10/13 09,1,10
2011/10/13 10,1,10
2011/10/13 16,1,0
2011/10/13 17,1,3
2011/10/13 18,1,2
2011/10/13 22,1,5
2011/10/13 23,1,6
2011/10/14 03,1,2
2011/10/14 04,1,4
2011/10/14 11,1,7
2011/10/14 12,2,17
2011/10/14 13,1,14
2011/10/14 14,2,17
2011/10/14 15,2,21
2011/10/14 16,1,4
2011/10/14 17,1,4
2011/10/14 18,1,4
2011/10/14 19,2,4
2011/10/14 20,4,16
2011/10/14 21,4,10
2011/10/14 22,3,9
2011/10/14 23,2,9
2011/10/15 00,2,9
2011/10/15 01,1,7
2011/10/15 02,3,10
2011/10/15 03,3,2
2011/10/15 04,1,2
2011/10/15 05,1,15
2011/10/15 06,1,24
2011/10/15 07,2,123
2011/10/15 08,1,54
2011/10/15 09,1,48
2011/10/15 19,1,4
2011/10/15 20,1,5
2011/10/15 21,1,11
2011/10/15 22,1,11
2011/10/15 23,2,44
2011/10/16 00,2,57
2011/10/16 01,2,59
2011/10/16 02,2,61
2011/10/16 03,2,84
2011/10/16 04,2,96
2011/10/16 05,2,26
2011/10/16 06,1,63
2011/10/16 07,1,33
2011/10/16 08,2,34
2011/10/16 09,1,7
2011/10/16 13,1,9
2011/10/16 14,1,16
2011/10/16 15,1,16
2011/10/16 18,1,2
2011/10/16 21,2,0
2011/10/16 22,2,0
2011/10/16 23,2,1
2011/10/17 00,1,1
2011/10/17 04,1,18
2011/10/17 05,1,16
2011/10/17 06,1,18
2011/10/17 07,1,16
2011/10/17 11,1,0
2011/10/17 16,2,128
2011/10/17 17,3,134
2011/10/17 18,1,5
2011/10/17 19,1,1
2011/10/17 20,1,8
2011/10/17 21,1,9
2011/10/17 23,1,1
2011/10/18 01,1,3
2011/10/18 02,1,3
2011/10/18 03,1,3
2011/10/18 04,2,9
2011/10/18 05,1,4
2011/10/18 06,1,4
2011/10/18 07,1,3
2011/10/18 08,1,3
2011/10/18 09,1,9
2011/10/18 10,1,10
2011/10/18 14,1,4
2011/10/18 17,1,0
2011/10/19 02,1,28
2011/10/19 03,2,55
2011/10/19 04,2,51
2011/10/19 05,2,47
2011/10/19 06,2,51
2011/10/19 07,2,60
2011/10/19 08,2,76
2011/10/19 09,2,63
2011/10/19 10,2,75
2011/10/19 11,2,80
2011/10/19 12,1,37
2011/10/19 13,1,25
2011/10/19 14,2,45
2011/10/19 15,2,65
2011/10/19 16,2,47
2011/10/19 17,3,43
2011/10/19 18,3,55
2011/10/19 19,2,33
2011/10/19 22,2,4
2011/10/19 23,2,3
2011/10/20 00,1,0
2011/10/20 01,1,26
2011/10/20 02,2,52
2011/10/20 03,2,37
2011/10/20 04,2,19
2011/10/20 05,1,6
2011/10/20 08,1,2
2011/10/20 16,1,3
2011/10/20 17,1,7
2011/10/20 18,1,6
2011/10/20 19,1,0
2011/10/20 20,1,1
2011/10/20 21,1,4
2011/10/20 22,1,3
2011/10/21 03,1,0
2011/10/21 04,1,1
2011/10/21 05,1,3
2011/10/21 06,1,2
2011/10/21 07,1,3
2011/10/21 08,1,3
2011/10/21 17,1,1
2011/10/21 18,2,4
2011/10/21 19,1,4
2011/10/21 22,2,0
2011/10/21 23,3,2
2011/10/22 00,1,2
2011/10/22 01,1,3
2011/10/22 02,1,26
2011/10/22 03,2,39
2011/10/22 04,1,38
2011/10/22 05,1,45
2011/10/22 06,1,28
2011/10/22 17,1,3
2011/10/22 18,1,1
2011/10/22 20,1,0
2011/10/22 21,1,42
2011/10/22 22,1,49
2011/10/23 05,1,20
2011/10/23 06,1,18
2011/10/23 11,1,1
2011/10/23 12,2,7
2011/10/23 13,3,41
2011/10/23 14,2,44
2011/10/23 15,1,39
2011/10/23 16,1,26
2011/10/23 17,1,7
2011/10/23 21,1,0
2011/10/23 22,1,0
2011/10/24 00,1,1
2011/10/24 04,1,2
2011/10/24 05,1,2
2011/10/24 06,1,2
2011/10/24 07,1,4
2011/10/24 12,1,0
2011/10/24 13,1,2
2011/10/24 14,2,3
2011/10/24 15,2,3
2011/10/24 16,1,5
2011/10/24 17,1,6
2011/10/24 18,1,4
2011/10/24 19,2,10
2011/10/24 20,2,11
2011/10/24 21,1,10
2011/10/24 22,1,9
2011/10/24 23,2,11
2011/10/25 00,2,11
2011/10/25 01,1,10
2011/10/25 02,2,15
2011/10/25 03,3,20
2011/10/25 04,2,13
2011/10/25 05,3,16
2011/10/25 06,2,7
2011/10/25 07,2,7
2011/10/25 08,1,4
2011/10/25 12,1,2
2011/10/25 15,1,1
2011/10/25 16,1,2
2011/10/25 17,3,15
2011/10/25 18,3,13
2011/10/25 19,3,11
2011/10/25 20,2,15
2011/10/25 21,1,3
2011/10/25 22,1,4
2011/10/25 23,2,11
2011/10/26 00,2,12
2011/10/26 01,2,5
2011/10/26 02,2,6
2011/10/26 03,3,19
2011/10/26 04,1,8
2011/10/26 05,1,7
2011/10/26 06,2,8
2011/10/26 07,1,8
2011/10/26 12,1,1
2011/10/26 13,1,5
2011/10/26 14,1,10
2011/10/26 15,1,6
2011/10/27 01,2,20
2011/10/27 02,1,44
2011/10/27 03,2,173
2011/10/27 04,2,58
2011/10/27 05,2,56
2011/10/27 06,2,53
2011/10/27 07,2,62
2011/10/27 08,1,44
2011/10/27 09,1,3
2011/10/27 10,1,8
2011/10/27 11,2,9
2011/10/27 12,2,12
2011/10/27 13,2,17
2011/10/27 14,2,18
2011/10/27 15,2,14
2011/10/27 17,1,3
2011/10/27 18,1,3
2011/10/27 20,3,30
2011/10/27 21,3,104
2011/10/27 22,3,147
2011/10/27 23,3,173
2011/10/28 00,3,141
2011/10/28 01,6,497
2011/10/28 02,6,744
2011/10/28 03,6,473
2011/10/28 04,4,52
2011/10/28 05,2,49
2011/10/28 06,2,46
2011/10/28 07,1,28
2011/10/28 12,1,13
2011/10/28 13,2,16
2011/10/28 14,1,3
2011/10/28 15,1,3
2011/10/28 18,1,2
2011/10/28 19,2,6
2011/10/28 20,2,5
2011/10/28 21,2,7
2011/10/28 22,3,9
2011/10/28 23,5,33
2011/10/29 00,4,54
2011/10/29 01,5,86
2011/10/29 02,6,129
2011/10/29 03,4,130
2011/10/29 04,5,65
2011/10/29 05,4,63
2011/10/29 06,1,11
2011/10/29 07,1,4
2011/10/29 08,1,5
2011/10/29 10,1,2
2011/10/29 11,1,4
2011/10/29 12,1,9
2011/10/29 13,2,75
2011/10/29 14,3,716
2011/10/29 15,5,768
2011/10/29 16,5,843
2011/10/29 17,5,888
2011/10/29 18,5,838
2011/10/29 19,4,955
2011/10/29 20,4,1003
2011/10/29 21,3,942
2011/10/29 22,3,840
2011/10/29 23,4,858
2011/10/30 00,6,796
2011/10/30 01,5,802
2011/10/30 02,5,789
2011/10/30 03,7,896
2011/10/30 04,5,931
2011/10/30 05,6,320
2011/10/30 06,5,246
2011/10/30 07,4,221
2011/10/30 08,2,113
2011/10/30 09,2,101
2011/10/30 10,2,116
2011/10/30 11,2,158
2011/10/30 12,3,192
2011/10/30 13,2,175
2011/10/30 14,4,191
2011/10/30 15,3,192
2011/10/30 16,3,328
2011/10/30 17,5,210
2011/10/30 18,6,303
2011/10/30 19,6,287
2011/10/30 20,4,238
2011/10/30 21,4,154
2011/10/30 22,3,40
2011/10/30 23,3,57
2011/10/31 00,4,77
2011/10/31 01,5,87
2011/10/31 02,6,115
2011/10/31 03,4,127
2011/10/31 04,4,126
2011/10/31 05,1,122
2011/10/31 06,2,120
2011/10/31 07,2,136
2011/10/31 08,2,141
2011/10/31 09,1,125
2011/10/31 10,1,127
2011/10/31 11,3,144
2011/10/31 12,3,161
2011/10/31 13,1,161
2011/10/31 14,1,162
2011/10/31 15,2,120
2011/10/31 16,2,73
2011/10/31 17,2,57
2011/10/31 18,2,53
2011/10/31 19,2,52
2011/10/31 20,4,60
2011/10/31 21,5,61
2011/10/31 22,7,89
2011/10/31 23,11,125
2011/11/01 00,7,90
2011/11/01 01,5,45
2011/11/01 02,6,56
2011/11/01 03,4,67
2011/11/01 04,7,199
2011/11/01 05,11,238
2011/11/01 06,9,547
2011/11/01 07,15,848
2011/11/01 08,15,957
2011/11/01 09,15,955
2011/11/01 10,15,1031
2011/11/01 11,16,1438
2011/11/01 12,17,664
2011/11/01 13,15,694
2011/11/01 14,15,732
2011/11/01 15,15,508
2011/11/01 16,16,519
2011/11/03 15,11,262
2011/11/03 16,10,258
2011/11/03 17,11,185
2011/11/03 18,11,160
2011/11/03 19,11,260
2011/11/03 20,14,283
2011/11/03 21,18,221
2011/11/03 22,22,817
2011/11/03 23,26,1604
2011/11/04 00,22,1618
2011/11/04 01,22,1574
2011/11/04 02,19,952
2011/11/04 03,19,866
2011/11/04 04,14,791
2011/11/04 05,12,137
2011/11/04 06,9,267
2011/11/04 07,6,382
2011/11/04 08,2,25
2011/11/04 09,2,32
2011/11/04 10,2,34
2011/11/04 11,3,48
2011/11/04 12,3,100
2011/11/04 13,6,150
2011/11/04 14,7,170
2011/11/04 15,7,179
2011/11/04 16,7,249
2011/11/04 17,9,367
2011/11/04 18,8,420
2011/11/04 19,7,398
2011/11/04 20,11,523
2011/11/04 21,15,505
2011/11/04 22,12,592
2011/11/04 23,14,644
2011/11/05 00,14,591
2011/11/05 01,19,526
2011/11/05 02,21,541
2011/11/05 03,25,525
2011/11/05 04,21,572
2011/11/05 05,18,529
2011/11/05 06,17,541
2011/11/05 07,11,496
2011/11/05 08,11,483
2011/11/05 09,12,440
2011/11/05 10,10,426
2011/11/05 11,10,397
2011/11/05 12,11,279
2011/11/05 13,11,191
2011/11/05 14,12,225
2011/11/05 15,11,265
2011/11/05 16,11,269
2011/11/05 17,9,228
2011/11/05 18,11,303
2011/11/05 19,16,308
2011/11/05 20,11,161
2011/11/05 21,10,168
2011/11/05 22,12,124
2011/11/05 23,13,128
2011/11/06 00,13,105
2011/11/06 01,11,109
2011/11/06 02,13,622
2011/11/06 03,17,925
2011/11/06 04,16,1104
2011/11/06 05,14,1126
2011/11/06 06,10,773
2011/11/06 07,10,316
2011/11/06 08,12,275
2011/11/06 09,14,279
2011/11/06 10,11,324
2011/11/06 11,10,389
2011/11/06 12,9,356
2011/11/06 13,9,318
2011/11/06 14,10,337
2011/11/06 15,8,365
2011/11/06 16,6,294
2011/11/06 17,4,324
2011/11/06 18,3,154
2011/11/06 19,6,218
2011/11/06 20,8,201
2011/11/06 21,8,269
2011/11/06 22,10,228
2011/11/06 23,11,280
2011/11/07 00,14,275
2011/11/07 01,13,368
2011/11/07 02,14,203
2011/11/07 03,14,152
2011/11/07 04,14,84
2011/11/07 05,14,112
2011/11/07 06,11,90
2011/11/07 07,8,104
2011/11/07 08,5,111
2011/11/07 09,5,83
2011/11/07 10,3,53
2011/11/07 11,3,84
2011/11/07 12,2,109
2011/11/07 13,2,100
2011/11/07 14,6,184
2011/11/07 15,5,157
2011/11/07 16,6,233
2011/11/07 17,7,313
2011/11/07 18,6,356
2011/11/07 19,5,295
2011/11/07 20,7,212
2011/11/07 21,10,247
2011/11/07 22,8,270
2011/11/07 23,11,2367
2011/11/08 00,9,3406
2011/11/08 01,5,2341
2011/11/08 02,4,32
2011/11/08 03,6,106
2011/11/08 04,8,162
2011/11/08 05,9,142
2011/11/08 06,12,136
2011/11/08 07,11,52
2011/11/08 08,7,21
2011/11/08 09,2,17
2011/11/08 10,2,1
2011/11/08 14,4,54
2011/11/08 15,4,57
2011/11/08 16,4,55
2011/11/08 17,4,191
2011/11/08 18,5,244
2011/11/08 19,5,204
2011/11/08 20,6,176
2011/11/08 21,6,224
2011/11/08 22,4,134
2011/11/08 23,5,73
2011/11/09 00,4,25
2011/11/09 01,2,13
2011/11/09 02,2,7
2011/11/09 03,1,308
2011/11/09 04,1,415
2011/11/09 05,3,677
2011/11/09 06,4,408
2011/11/09 07,4,274
2011/11/09 08,3,173
2011/11/09 09,2,22
2011/11/09 10,3,77
2011/11/09 11,1,95
2011/11/09 12,1,116
2011/11/09 13,1,117
2011/11/09 15,2,18
2011/11/09 16,2,2
2011/11/09 17,2,8
2011/11/09 18,4,80
2011/11/09 19,4,83
2011/11/09 20,4,24
2011/11/09 21,3,23
2011/11/09 22,3,41
2011/11/09 23,3,47
2011/11/10 00,3,28
2011/11/10 01,6,49
2011/11/10 02,7,69
2011/11/10 03,6,49
2011/11/10 04,5,41
2011/11/10 05,9,904
2011/11/10 06,7,542
2011/11/10 07,9,511
2011/11/10 08,6,352
2011/11/10 09,4,257
2011/11/10 10,4,226
2011/11/10 11,2,100
2011/11/10 12,3,78
2011/11/10 14,1,3
2011/11/10 15,3,21
2011/11/10 16,5,46
2011/11/10 17,7,149
2011/11/10 18,3,138
2011/11/10 19,3,112
2011/11/10 20,3,121
2011/11/10 21,5,133
2011/11/10 22,5,151
2011/11/10 23,3,43
2011/11/11 00,4,27
2011/11/11 01,5,122
2011/11/11 02,2,9
2011/11/11 03,3,62
2011/11/11 04,4,82
2011/11/11 05,4,79
2011/11/11 06,1,83
2011/11/11 07,5,95
2011/11/11 08,4,76
2011/11/11 09,2,70
2011/11/11 10,2,103
2011/11/11 11,2,121
2011/11/11 12,1,131
2011/11/11 13,3,215
2011/11/11 14,4,253
2011/11/11 15,5,278
2011/11/11 16,3,210
2011/11/11 17,4,181
2011/11/11 18,5,206
2011/11/11 19,4,150
2011/11/11 20,3,19
2011/11/11 21,2,4
2011/11/11 22,4,30
2011/11/11 23,4,35
2011/11/12 00,4,16
2011/11/12 01,4,11
2011/11/12 02,3,16
2011/11/12 03,5,23
2011/11/12 04,7,26
2011/11/12 05,7,85
2011/11/12 06,6,90
2011/11/12 07,6,126
2011/11/12 08,4,105
2011/11/12 09,5,110
2011/11/12 10,4,111
2011/11/12 11,5,171
2011/11/12 12,2,182
2011/11/12 13,3,167
2011/11/12 14,3,167
2011/11/12 15,3,177
2011/11/12 16,3,224
2011/11/12 17,4,204
2011/11/12 18,4,171
2011/11/12 19,6,168
2011/11/12 20,6,145
2011/11/12 21,5,82
2011/11/12 22,5,28
2011/11/12 23,4,23
2011/11/13 00,4,19
2011/11/13 01,6,34
2011/11/13 02,4,35
2011/11/13 03,6,48
2011/11/13 04,2,32
2011/11/13 05,3,44
2011/11/13 06,3,34
2011/11/13 07,4,32
2011/11/13 08,5,13
2011/11/13 12,1,0
2011/11/13 13,2,19
2011/11/13 14,2,29
2011/11/13 15,4,71
2011/11/13 16,4,126
2011/11/13 17,4,130
2011/11/13 18,5,165
2011/11/13 19,4,166
2011/11/13 20,3,97
2011/11/13 21,3,14
2011/11/13 22,3,8
2011/11/13 23,6,7
2011/11/14 00,6,20
2011/11/14 01,4,24
2011/11/14 02,4,19
2011/11/14 03,3,6
2011/11/14 04,2,7
2011/11/14 05,4,17
2011/11/14 06,5,8
2011/11/14 07,4,8
2011/11/14 08,3,10
2011/11/14 09,3,10
2011/11/14 10,2,8
2011/11/14 11,3,12
2011/11/14 12,2,3
2011/11/14 13,3,8
2011/11/14 14,2,6
2011/11/14 15,3,109
2011/11/14 16,1,148
2011/11/14 17,1,118
2011/11/14 18,2,96
2011/11/14 19,4,94
2011/11/14 20,4,99
2011/11/14 21,1,44
2011/11/14 22,2,38
2011/11/14 23,2,43
2011/11/15 00,2,468
2011/11/15 01,3,486
2011/11/15 02,5,490
2011/11/15 03,5,537
2011/11/15 04,3,470
2011/11/15 05,4,653
2011/11/15 06,3,557
2011/11/15 07,2,537
2011/11/15 08,1,4
2011/11/15 09,1,0
2011/11/15 10,2,6
2011/11/15 11,1,4
2011/11/15 12,1,13
2011/11/15 13,2,28
2011/11/15 14,3,40
2011/11/15 15,4,117
2011/11/15 16,3,95
2011/11/15 17,1,70
2011/11/15 18,2,79
2011/11/15 19,3,101
2011/11/15 20,2,55
2011/11/15 21,2,34
2011/11/15 22,2,20
2011/11/15 23,2,19
2011/11/16 00,3,185
2011/11/16 01,3,701
2011/11/16 02,2,1243
2011/11/16 03,2,1781
2011/11/16 04,2,2065
2011/11/16 05,3,1983
2011/11/16 06,1,2
2011/11/16 13,2,8
2011/11/16 14,2,18
2011/11/16 15,4,109
2011/11/16 16,3,132
2011/11/16 17,3,134
2011/11/16 18,4,119
2011/11/16 19,4,104
2011/11/16 20,5,114
2011/11/16 21,3,24
2011/11/16 22,3,23
2011/11/16 23,3,21
2011/11/17 00,2,11
2011/11/17 02,1,13
2011/11/17 03,2,25
2011/11/17 04,3,61
2011/11/17 05,4,61
2011/11/17 06,3,10
2011/11/17 07,2,4
2011/11/17 08,2,14
2011/11/17 09,2,31
2011/11/17 10,3,66
2011/11/17 11,4,97
2011/11/17 12,3,36
2011/11/17 13,3,43
2011/11/17 14,5,17
2011/11/17 15,3,60
2011/11/17 16,2,80
2011/11/17 17,1,84
2011/11/17 18,2,77
2011/11/17 19,1,75
2011/11/18 00,1,12
2011/11/18 01,1,7
2011/11/18 02,3,64
2011/11/18 03,3,13
2011/11/18 04,1,4
2011/11/18 05,1,5
2011/11/18 06,2,74
2011/11/18 07,2,112
2011/11/18 08,2,138
2011/11/18 09,3,145
2011/11/18 10,2,117
2011/11/18 11,2,103
2011/11/18 12,2,100
2011/11/18 13,2,82
2011/11/18 14,1,81
2011/11/18 15,1,61
2011/11/18 16,1,77
2011/11/18 17,1,81
2011/11/18 18,1,84
2011/11/18 19,1,76
2011/11/18 20,1,68
2011/11/18 21,1,5
2011/11/18 22,2,11
2011/11/18 23,2,14
2011/11/19 00,2,14
2011/11/19 01,2,18
2011/11/19 02,4,25
2011/11/19 03,5,54
2011/11/19 04,6,70
2011/11/19 05,6,79
2011/11/19 06,6,97
2011/11/19 07,6,87
2011/11/19 08,4,27
2011/11/19 09,3,21
2011/11/19 10,3,17
2011/11/19 11,1,59
2011/11/19 12,1,64
2011/11/19 13,1,70
2011/11/19 15,3,27
2011/11/19 16,3,66
2011/11/19 17,4,87
2011/11/19 18,4,91
2011/11/19 19,5,87
2011/11/19 20,4,82
2011/11/19 21,4,56
2011/11/19 22,4,62
2011/11/19 23,4,73
2011/11/20 00,2,63
2011/11/20 01,3,42
2011/11/20 02,5,44
2011/11/20 03,5,29
2011/11/20 04,5,31
2011/11/20 05,5,27
2011/11/20 06,3,18
2011/11/20 07,3,38
2011/11/20 08,2,38
2011/11/20 09,2,278
2011/11/20 10,2,32
2011/11/20 11,2,40
2011/11/20 12,4,70
2011/11/20 13,4,84
2011/11/20 14,5,46
2011/11/20 15,8,286
2011/11/20 16,7,277
2011/11/20 17,5,168
2011/11/20 18,4,135
2011/11/20 19,5,129
2011/11/20 20,7,128
2011/11/20 21,5,60
2011/11/20 22,5,63
2011/11/20 23,5,68
2011/11/21 00,4,22
2011/11/21 01,3,26
2011/11/21 03,1,2
2011/11/21 04,2,12
2011/11/21 05,2,28
2011/11/21 06,2,45
2011/11/21 07,2,27
2011/11/21 09,1,0
2011/11/21 13,1,1
2011/11/21 14,1,2
2011/11/21 16,1,65
2011/11/21 17,2,187
2011/11/21 18,4,203
2011/11/21 19,3,180
2011/11/21 20,3,172
2011/11/21 21,1,1
2011/11/21 22,1,1
2011/11/22 02,1,14
2011/11/22 03,2,17
2011/11/22 04,5,22
2011/11/22 05,4,35
2011/11/22 06,3,54
2011/11/22 07,2,59
2011/11/22 08,3,56
2011/11/22 09,3,36
2011/11/22 10,1,12
2011/11/22 11,1,21
2011/11/22 12,1,21
2011/11/22 13,1,18
2011/11/22 14,1,17
2011/11/22 15,2,181
2011/11/22 16,3,300
2011/11/22 17,3,334
2011/11/22 18,2,326
2011/11/22 19,2,279
2011/11/22 20,2,231
2011/11/22 21,1,14
2011/11/22 22,1,2
2011/11/22 23,1,4
2011/11/23 00,1,4
2011/11/23 01,2,6
2011/11/23 02,2,8
2011/11/23 03,3,11
2011/11/23 04,3,14
2011/11/23 05,4,32
2011/11/23 06,2,29
2011/11/23 07,1,35
2011/11/23 08,1,20
2011/11/23 09,1,21
2011/11/23 10,1,22
2011/11/23 11,1,34
2011/11/23 12,1,45
2011/11/23 13,1,35
2011/11/23 14,1,82
2011/11/23 15,2,157
2011/11/23 16,2,198
2011/11/23 17,2,219
2011/11/23 18,3,206
2011/11/23 19,5,189
2011/11/23 20,3,175
2011/11/23 21,2,164
2011/11/23 22,1,20
2011/11/23 23,1,6
2011/11/24 00,3,22
2011/11/24 01,3,32
2011/11/24 02,3,24
2011/11/24 03,3,22
2011/11/24 04,1,36
2011/11/24 05,1,20
2011/11/24 06,1,13
2011/11/24 07,1,37
2011/11/24 08,1,34
2011/11/24 09,1,21
2011/11/24 10,1,15
2011/11/24 11,1,15
2011/11/24 12,1,11
2011/11/24 13,1,11
2011/11/24 14,1,14
2011/11/24 15,1,13
2011/11/24 16,1,12
2011/11/24 17,2,79
2011/11/24 18,2,98
2011/11/24 19,2,113
2011/11/24 20,2,94
2011/11/24 21,1,12
2011/11/24 22,2,12
2011/11/24 23,1,6
2011/11/25 00,1,30
2011/11/25 03,1,10
2011/11/25 05,1,12
2011/11/25 06,3,48
2011/11/25 07,3,85
2011/11/25 08,3,100
2011/11/25 09,4,116
2011/11/25 10,3,149
2011/11/25 11,3,169
2011/11/25 12,3,187
2011/11/25 13,3,260
2011/11/25 14,3,266
2011/11/25 15,3,96
2011/11/25 16,2,134
2011/11/25 17,2,148
2011/11/25 18,2,127
2011/11/25 19,2,143
2011/11/25 20,2,129
2011/11/25 21,2,10
2011/11/25 22,2,16
2011/11/25 23,2,15
2011/11/26 00,2,15
2011/11/26 01,2,19
2011/11/26 02,4,24
2011/11/26 03,5,40
2011/11/26 04,4,49
2011/11/26 05,3,77
2011/11/26 06,3,28
2011/11/26 07,2,19
2011/11/26 08,2,17
2011/11/26 09,1,15
2011/11/26 10,2,24
2011/11/26 11,2,11
2011/11/26 12,1,30
2011/11/26 13,1,7
2011/11/26 14,1,10
2011/11/26 15,1,12
2011/11/26 16,2,76
2011/11/26 17,2,117
2011/11/26 18,3,135
2011/11/26 19,3,117
2011/11/26 20,3,114
2011/11/26 21,2,30
2011/11/26 22,2,32
2011/11/26 23,1,20
2011/11/27 00,2,21
2011/11/27 01,3,126
2011/11/27 02,4,62
2011/11/27 03,5,257
2011/11/27 04,5,270
2011/11/27 05,3,259
2011/11/27 06,4,228
2011/11/27 07,6,235
2011/11/27 08,4,225
2011/11/27 09,4,236
2011/11/27 10,4,210
2011/11/27 11,4,184
2011/11/27 12,5,182
2011/11/27 13,5,227
2011/11/27 14,4,156
2011/11/27 15,5,112
2011/11/27 16,5,199
2011/11/27 17,6,283
2011/11/27 18,7,320
2011/11/27 19,6,389
2011/11/27 20,3,233
2011/11/27 21,2,135
2011/11/27 22,1,39
2011/11/27 23,2,132
2011/11/28 00,3,110
2011/11/28 01,3,50
2011/11/28 02,2,14
2011/11/28 03,2,6
2011/11/28 04,1,8
2011/11/28 05,2,16
2011/11/28 06,2,22
2011/11/28 07,1,16
2011/11/28 11,1,2
2011/11/28 12,2,12
2011/11/28 13,2,15
2011/11/28 14,1,15
2011/11/28 15,1,68
2011/11/28 16,1,127
2011/11/28 17,1,128
2011/11/28 18,1,126
2011/11/28 19,1,146
2011/11/28 20,1,146
2011/11/29 01,1,4
2011/11/29 02,2,14
2011/11/29 03,2,29
2011/11/29 04,1,5
2011/11/29 16,1,132
2011/11/29 17,1,323
2011/11/29 18,1,325
2011/11/29 19,1,261
2011/11/29 20,1,207
2011/11/30 01,1,10
2011/11/30 02,1,13
2011/11/30 05,1,17
2011/11/30 06,1,12
2011/11/30 08,1,0
2011/11/30 12,1,26
2011/11/30 13,1,36
2011/11/30 14,1,38
2011/11/30 15,1,29
2011/11/30 16,1,111
2011/11/30 17,1,144
2011/11/30 18,1,177
2011/11/30 19,1,178
2011/11/30 23,1,6
2011/12/01 00,2,11
2011/12/01 01,2,17
2011/12/01 02,3,27
2011/12/01 03,2,17
2011/12/01 04,1,3
2011/12/01 08,1,3
2011/12/01 09,1,3
2011/12/01 15,1,4
2011/12/01 16,1,68
2011/12/01 17,1,86
2011/12/01 18,1,125
2011/12/01 19,1,133
2011/12/01 20,1,123
2011/12/02 00,1,36
2011/12/02 01,1,26
2011/12/02 02,1,17
2011/12/02 03,2,22
2011/12/02 04,2,13
2011/12/02 05,2,13
2011/12/02 06,3,15
2011/12/02 07,1,9
2011/12/02 08,1,13
2011/12/02 09,1,36
2011/12/02 10,1,35
2011/12/02 11,1,24
2011/12/02 12,1,30
2011/12/02 13,1,26
2011/12/02 14,1,21
2011/12/02 15,1,22
2011/12/02 16,3,156
2011/12/02 17,3,156
2011/12/02 18,2,159
2011/12/02 19,2,136
2011/12/02 20,2,114
2011/12/02 21,1,25
2011/12/02 22,1,138
2011/12/02 23,2,31
2011/12/03 00,2,25
2011/12/03 01,2,15
2011/12/03 02,3,14
2011/12/03 03,2,19
2011/12/03 04,1,8
2011/12/03 05,1,20
2011/12/03 06,1,18
2011/12/03 07,2,19
2011/12/03 08,2,20
2011/12/03 09,1,23
2011/12/03 10,2,30
2011/12/03 11,2,30
2011/12/03 12,2,32
2011/12/03 13,2,52
2011/12/03 14,2,34
2011/12/03 15,3,169
2011/12/03 16,5,219
2011/12/03 17,4,277
2011/12/03 18,3,246
2011/12/03 19,3,288
2011/12/03 20,2,116
2011/12/03 21,2,13
2011/12/03 22,2,27
2011/12/03 23,2,27
2011/12/04 00,2,26
2011/12/04 01,2,22
2011/12/04 02,2,35
2011/12/04 03,2,77
2011/12/04 04,2,46
2011/12/04 05,2,27
2011/12/04 06,2,24
2011/12/04 07,2,20
2011/12/04 08,1,8
2011/12/04 09,1,12
2011/12/04 10,2,53
2011/12/04 11,2,63
2011/12/04 12,2,83
2011/12/04 13,2,93
2011/12/04 14,2,134
2011/12/04 15,3,127
2011/12/04 16,5,308
2011/12/04 17,5,264
2011/12/04 18,5,335
2011/12/04 19,4,456
2011/12/04 20,2,152
2011/12/04 21,1,30
2011/12/04 22,1,17
2011/12/04 23,1,17
2011/12/05 00,1,23
2011/12/05 01,1,32
2011/12/05 02,2,14
2011/12/05 03,3,23
2011/12/05 04,2,40
2011/12/05 05,3,34
2011/12/05 06,3,31
2011/12/05 07,1,28
2011/12/05 08,1,25
2011/12/05 09,1,16
2011/12/05 10,1,30
2011/12/05 11,1,26
2011/12/05 12,1,25
2011/12/05 13,2,46
2011/12/05 14,2,61
2011/12/05 15,1,52
2011/12/05 16,2,143
2011/12/05 17,2,175
2011/12/05 18,2,157
2011/12/05 19,2,168
2011/12/05 20,2,141
2011/12/05 21,1,43
2011/12/06 03,1,3
2011/12/06 04,1,4
2011/12/06 05,1,4
2011/12/06 06,1,2
2011/12/06 14,1,3
2011/12/06 15,1,2
2011/12/06 16,1,133
2011/12/06 17,3,163
2011/12/06 18,2,143
2011/12/06 19,3,136
2011/12/06 20,3,187
2011/12/06 21,2,87
2011/12/06 22,1,14
2011/12/07 03,1,4
2011/12/07 04,1,5
2011/12/07 05,2,15
2011/12/07 06,1,14
2011/12/07 07,1,11
2011/12/07 08,1,10
2011/12/07 09,1,30
2011/12/07 13,1,9
2011/12/07 14,1,42
2011/12/07 15,1,135
2011/12/07 16,1,210
2011/12/07 17,2,204
2011/12/07 18,2,193
2011/12/07 19,2,168
2011/12/07 20,3,159
2011/12/07 21,2,37
2011/12/07 22,1,7
2011/12/07 23,1,7
2011/12/08 02,1,5
2011/12/08 03,2,27
2011/12/08 04,2,33
2011/12/08 05,3,54
2011/12/08 06,3,42
2011/12/08 07,3,19
2011/12/08 08,2,9
2011/12/08 09,2,21
2011/12/08 10,2,9
2011/12/08 11,1,24
2011/12/08 12,1,6
2011/12/08 13,1,9
2011/12/08 14,1,5
2011/12/08 15,2,35
2011/12/08 16,1,116
2011/12/08 17,1,129
2011/12/08 18,2,126
2011/12/08 19,2,114
2011/12/08 20,3,120
2011/12/08 21,2,23
2011/12/08 23,1,1
2011/12/09 00,1,2
2011/12/09 01,1,13
2011/12/09 03,1,6
2011/12/09 04,3,24
2011/12/09 05,3,20
2011/12/09 06,2,13
2011/12/09 07,1,9
2011/12/09 10,1,9
2011/12/09 11,1,13
2011/12/09 12,1,3
2011/12/09 13,1,6
2011/12/09 14,1,8
2011/12/09 15,1,2
2011/12/09 16,2,77
2011/12/09 17,1,1
2011/12/09 21,2,1
2011/12/09 22,2,2
2011/12/09 23,3,6
2011/12/10 00,3,8
2011/12/10 01,1,3
2011/12/10 02,1,1
2011/12/10 03,2,3
2011/12/10 04,2,3
2011/12/10 05,2,2
2011/12/10 06,4,14
2011/12/10 07,3,5
2011/12/10 08,3,11
2011/12/10 09,3,12
2011/12/10 10,3,10
2011/12/10 11,4,11
2011/12/10 12,3,8
2011/12/10 13,2,8
2011/12/10 14,1,7
2011/12/10 15,2,6
2011/12/10 16,3,27
2011/12/10 17,4,33
2011/12/10 18,1,8
2011/12/10 19,1,9
2011/12/10 21,2,2
2011/12/10 22,1,1
2011/12/11 02,1,5
2011/12/11 03,1,7
2011/12/11 04,1,9
2011/12/11 05,1,1
2011/12/11 06,1,2
2011/12/11 07,2,7
2011/12/11 08,1,3
2011/12/11 09,1,6
2011/12/11 10,1,4
2011/12/11 11,1,1
2011/12/11 14,1,2
2011/12/11 18,1,7
2011/12/11 19,2,48
2011/12/11 20,1,51
2011/12/11 21,2,84
2011/12/11 22,2,57
2011/12/11 23,2,51
2011/12/12 00,3,43
2011/12/12 01,2,34
2011/12/12 02,2,25
2011/12/12 03,2,32
2011/12/12 04,1,33
2011/12/12 05,1,27
2011/12/12 06,1,32
2011/12/12 07,2,31
2011/12/12 08,1,1
2011/12/12 15,1,2
2011/12/12 16,1,2
2011/12/12 17,1,6
2011/12/12 18,1,5
2011/12/12 20,1,5
2011/12/12 21,1,5
2011/12/12 22,1,3
2011/12/13 00,1,6
2011/12/13 01,2,18
2011/12/13 02,2,17
2011/12/13 03,3,12
2011/12/13 04,1,5
2011/12/13 06,1,1
2011/12/13 07,2,1
2011/12/13 08,3,5
2011/12/13 09,3,5
2011/12/13 10,2,3
2011/12/13 11,1,2
2011/12/13 20,2,3
2011/12/13 21,2,3
2011/12/13 22,1,0
2011/12/13 23,1,0
2011/12/14 00,1,1
2011/12/14 01,1,0
2011/12/14 02,1,2
2011/12/14 05,1,3
2011/12/14 06,2,8
2011/12/14 07,3,113
2011/12/14 08,3,47
2011/12/14 09,2,9
2011/12/14 10,2,7
2011/12/14 11,1,3
2011/12/14 17,1,5
2011/12/14 18,1,6
2011/12/14 19,1,6
2011/12/14 20,1,8
2011/12/14 22,2,2
2011/12/14 23,1,9
2011/12/15 00,1,7
2011/12/15 01,1,10
2011/12/15 02,2,23
2011/12/15 03,2,27
2011/12/15 04,2,39
2011/12/15 05,2,27
2011/12/15 06,4,24
2011/12/15 07,3,19
2011/12/15 08,4,65
2011/12/15 09,4,93
2011/12/15 10,3,23
2011/12/15 11,2,13
2011/12/15 12,1,14
2011/12/15 13,3,43
2011/12/15 14,3,23
2011/12/15 15,1,2
2011/12/15 16,2,138
2011/12/15 17,1,16
2011/12/15 18,1,26
2011/12/15 19,1,13
2011/12/15 22,1,6
2011/12/15 23,2,28
2011/12/16 00,2,27
2011/12/16 01,2,29
2011/12/16 02,2,13
2011/12/16 03,2,17
2011/12/16 04,2,15
2011/12/16 05,1,9
2011/12/16 06,1,10
2011/12/16 07,1,12
2011/12/16 08,1,8
2011/12/16 09,1,9
2011/12/16 10,1,2
2011/12/16 11,1,4
2011/12/16 12,1,6
2011/12/16 13,1,4
2011/12/16 14,2,14
2011/12/16 15,2,15
2011/12/16 16,1,13
2011/12/16 17,1,8
2011/12/16 22,1,0
2011/12/16 23,2,10
2011/12/17 00,3,10
2011/12/17 01,4,16
2011/12/17 02,3,11
2011/12/17 03,3,9
2011/12/17 04,2,12
2011/12/17 05,2,8
2011/12/17 06,1,1
2011/12/17 07,1,2
2011/12/17 08,1,2
2011/12/17 09,1,2
2011/12/17 14,1,13
2011/12/17 15,1,16
2011/12/17 16,1,26
2011/12/18 02,2,77
2011/12/18 03,2,82
2011/12/18 04,1,3
2011/12/18 05,1,3
2011/12/18 06,1,3
2011/12/18 07,1,12
2011/12/18 08,2,5
2011/12/18 09,1,2
2011/12/18 16,1,21
2011/12/18 17,1,37
2011/12/18 20,2,8
2011/12/18 21,2,32
2011/12/18 22,2,32
2011/12/18 23,1,33
2011/12/19 00,1,31
2011/12/19 01,1,28
2011/12/19 02,1,28
2011/12/19 03,1,30
2011/12/19 04,1,26
2011/12/19 09,1,6
2011/12/19 10,1,8
2011/12/19 17,1,6
2011/12/19 18,1,9
2011/12/19 19,1,9
2011/12/19 20,1,4
2011/12/20 01,1,38
2011/12/20 02,1,54
2011/12/20 03,1,68
2011/12/20 04,1,51
2011/12/20 07,1,18
2011/12/20 08,1,21
2011/12/20 15,1,6
2011/12/20 16,1,6
2011/12/20 17,1,6
2011/12/20 20,1,0
2011/12/20 21,2,48
2011/12/20 22,1,46
2011/12/20 23,1,23
2011/12/21 00,1,18
2011/12/21 01,1,24
2011/12/21 02,2,16
2011/12/21 03,3,24
2011/12/21 04,2,9
2011/12/21 05,1,1
2011/12/21 06,1,1
2011/12/21 07,1,3
2011/12/21 08,1,2
2011/12/21 09,1,2
2011/12/22 02,1,31
2011/12/22 03,1,36
2011/12/22 04,1,34
2011/12/22 05,2,36
2011/12/22 06,1,7
2011/12/22 07,1,1
2011/12/22 08,1,4
2011/12/22 09,1,2
2011/12/22 15,1,1
2011/12/22 16,1,8
2011/12/22 17,1,7
2011/12/22 21,1,5
2011/12/22 22,2,5
2011/12/23 00,1,2
2011/12/23 01,1,0
2011/12/23 02,1,115
2011/12/23 03,1,110
2011/12/23 05,1,11
2011/12/23 06,2,20
2011/12/23 07,1,6
2011/12/23 08,1,2
2011/12/23 10,1,1
2011/12/23 11,1,1
2011/12/23 12,1,1
2011/12/23 13,1,3
2011/12/23 14,1,2
2011/12/23 15,1,2
2011/12/24 01,1,13
2011/12/24 02,1,20
2011/12/24 03,1,2
2011/12/24 04,1,7
2011/12/24 05,1,8
2011/12/24 06,1,11
2011/12/24 07,1,6
2011/12/24 10,1,1
2011/12/24 11,1,3
2011/12/24 12,1,6
2011/12/24 17,1,7
2011/12/24 20,2,7
2011/12/24 21,3,8
2011/12/24 22,2,9
2011/12/24 23,1,5
2011/12/25 00,1,8
2011/12/25 01,1,6
2011/12/25 02,1,5
2011/12/25 06,1,0
2011/12/25 07,2,3
2011/12/25 08,1,4
2011/12/25 19,1,3
2011/12/25 20,1,2
2011/12/25 22,1,3
2011/12/25 23,1,3
2011/12/26 07,1,3
2011/12/26 08,1,11
2011/12/26 09,1,33
2011/12/26 10,2,41
2011/12/26 11,2,81
2011/12/26 12,2,56
2011/12/26 13,2,71
2011/12/26 14,2,84
2011/12/26 15,3,108
2011/12/26 16,5,120
2011/12/26 17,4,111
2011/12/26 18,4,109
2011/12/26 19,3,109
2011/12/26 20,3,116
2011/12/26 21,3,148
2011/12/26 22,3,120
2011/12/26 23,4,130
2011/12/27 00,4,91
2011/12/27 01,3,81
2011/12/27 02,2,53
2011/12/27 03,2,49
2011/12/27 04,2,61
2011/12/27 05,2,171
2011/12/27 06,2,64
2011/12/27 07,2,92
2011/12/27 08,3,51
2011/12/27 09,3,28
2011/12/27 10,3,29
2011/12/27 11,2,26
2011/12/27 12,1,21
2011/12/27 13,1,21
2011/12/27 14,2,44
2011/12/27 15,2,42
2011/12/27 16,2,54
2011/12/27 17,3,35
2011/12/27 18,3,78
2011/12/27 19,3,39
2011/12/27 20,1,69
2011/12/27 21,3,33
2011/12/27 22,3,35
2011/12/27 23,3,22
2011/12/28 00,2,9
2011/12/28 01,2,8
2011/12/28 02,2,33
2011/12/28 03,2,21
2011/12/28 04,2,6
2011/12/28 05,2,8
2011/12/28 06,2,11
2011/12/28 07,3,123
2011/12/28 08,2,11
2011/12/28 09,1,25
2011/12/28 16,2,27
2011/12/28 17,2,30
2011/12/28 18,2,32
2011/12/28 19,4,70
2011/12/28 20,6,125
2011/12/28 21,7,167
2011/12/28 22,4,173
2011/12/28 23,4,229
2011/12/29 00,4,230
2011/12/29 01,3,170
2011/12/29 02,5,135
2011/12/29 03,4,70
2011/12/29 04,3,101
2011/12/29 05,2,63
2011/12/29 06,2,58
2011/12/29 07,3,91
2011/12/29 08,2,28
2011/12/29 10,1,22
2011/12/29 11,1,19
2011/12/29 12,2,44
2011/12/29 13,2,42
2011/12/29 14,2,40
2011/12/29 15,1,5
2011/12/29 16,2,6
2011/12/29 17,3,8
2011/12/29 18,3,14
2011/12/29 19,3,16
2011/12/29 20,3,12
2011/12/29 21,4,12
2011/12/29 22,3,8
2011/12/29 23,1,7
2011/12/30 00,1,8
2011/12/30 01,1,6
2011/12/30 02,1,6
2011/12/30 03,1,6
2011/12/30 04,2,12
2011/12/30 05,1,10
2011/12/30 06,1,4
2011/12/30 07,2,24
2011/12/30 08,3,23
2011/12/30 09,2,14
2011/12/30 10,2,9
2011/12/30 11,2,4
2011/12/30 12,3,28
2011/12/30 13,2,21
2011/12/30 14,2,88
2011/12/30 15,2,25
2011/12/30 16,2,8
2011/12/30 17,2,12
2011/12/30 18,1,9
2011/12/30 19,1,12
2011/12/30 20,1,13
2011/12/30 21,1,12
2011/12/31 00,1,2
2011/12/31 01,1,5
2011/12/31 02,2,6
2011/12/31 03,1,5
2011/12/31 04,1,5
2011/12/31 05,2,12
2011/12/31 06,2,17
2011/12/31 07,3,70
2011/12/31 08,3,78
2011/12/31 09,2,9
2011/12/31 10,1,9
2011/12/31 14,1,2
2011/12/31 15,1,6
2011/12/31 16,2,18
2011/12/31 17,3,47
2011/12/31 18,2,26
2011/12/31 19,1,29
2011/12/31 20,1,35
2011/12/31 21,1,27
2011/12/31 23,1,7
2012/01/01 00,2,13
2012/01/01 01,2,15
2012/01/01 02,4,25
2012/01/01 03,3,21
2012/01/01 04,5,23
2012/01/01 05,4,24
2012/01/01 06,3,20
2012/01/01 07,5,26
2012/01/01 08,3,16
2012/01/01 09,3,17
2012/01/01 10,1,5
2012/01/01 11,1,3
2012/01/01 12,2,4
2012/01/01 13,2,3
2012/01/01 14,1,1
2012/01/01 15,1,2
2012/01/01 16,1,1
2012/01/01 18,1,2
2012/01/01 19,1,7
2012/01/02 03,1,1
2012/01/02 08,1,4
2012/01/02 09,1,9
2012/01/02 10,2,9
2012/01/02 11,1,7
2012/01/02 12,1,3
2012/01/02 13,1,4
2012/01/02 16,1,0
2012/01/02 17,1,2
2012/01/02 18,4,21
2012/01/02 19,3,18
2012/01/02 20,3,19
2012/01/02 21,3,27
2012/01/02 22,3,20
2012/01/02 23,1,5
2012/01/03 01,2,13
2012/01/03 02,2,14
2012/01/03 03,2,14
2012/01/03 04,1,3
2012/01/03 05,1,8
2012/01/03 06,2,12
2012/01/03 07,2,12
2012/01/03 08,2,13
2012/01/03 09,3,19
2012/01/03 10,1,2
2012/01/03 11,1,2
2012/01/03 19,1,4
2012/01/03 20,2,17
2012/01/03 21,4,19
2012/01/03 22,2,6
2012/01/03 23,4,27
2012/01/04 00,5,47
2012/01/04 01,3,26
2012/01/04 02,2,5
2012/01/04 03,1,6
2012/01/04 05,1,3
2012/01/04 06,1,0
2012/01/04 20,1,1
2012/01/04 21,2,7
2012/01/04 22,3,8
2012/01/04 23,2,128
2012/01/05 00,2,12
2012/01/05 01,2,10
2012/01/05 02,1,4
2012/01/05 03,1,5
2012/01/05 04,1,6
2012/01/05 05,1,7
2012/01/05 06,1,8
2012/01/05 07,2,9
2012/01/05 08,1,6
2012/01/05 09,1,5
2012/01/05 17,1,9
2012/01/05 18,1,8
2012/01/05 19,1,7
2012/01/05 20,1,10
2012/01/05 21,2,12
2012/01/05 22,2,18
2012/01/05 23,3,22
2012/01/06 00,2,18
2012/01/06 03,1,0
2012/01/06 06,2,10
2012/01/06 07,3,19
2012/01/06 08,2,7
2012/01/06 09,2,41
2012/01/06 10,1,42
2012/01/06 18,2,6
2012/01/06 19,2,8
2012/01/06 20,2,13
2012/01/06 21,3,22
2012/01/06 22,3,25
2012/01/06 23,3,27
2012/01/07 00,4,32
2012/01/07 01,4,29
2012/01/07 04,1,3
2012/01/07 05,3,7
2012/01/07 06,2,13
2012/01/07 07,1,4
2012/01/07 11,1,1
2012/01/07 12,1,2
2012/01/07 13,1,4
2012/01/07 14,1,5
2012/01/07 16,1,2
2012/01/07 17,2,51
2012/01/07 18,3,67
2012/01/07 19,3,84
2012/01/07 20,2,82
2012/01/07 21,1,89
2012/01/07 22,1,91
2012/01/07 23,3,106
2012/01/08 00,3,118
2012/01/08 01,5,81
2012/01/08 02,3,98
2012/01/08 03,3,101
2012/01/08 04,3,102
2012/01/08 05,2,88
2012/01/08 06,1,94
2012/01/08 07,1,95
2012/01/08 08,2,102
2012/01/08 09,2,162
2012/01/08 10,2,130
2012/01/08 11,2,136
2012/01/08 12,2,127
2012/01/08 13,2,124
2012/01/08 14,1,149
2012/01/08 15,2,147
2012/01/08 16,2,164
2012/01/08 17,2,305
2012/01/08 18,2,168
2012/01/08 19,1,6
2012/01/08 20,1,5
2012/01/08 21,3,5
2012/01/08 22,3,9
2012/01/08 23,1,1
2012/01/09 01,1,4
2012/01/09 02,2,15
2012/01/09 03,3,25
2012/01/09 04,2,16
2012/01/09 05,2,16
2012/01/09 06,1,6
2012/01/09 07,1,5
2012/01/09 08,2,59
2012/01/09 09,2,51
2012/01/09 10,1,1
