2011/10/24 15,1,3
2011/10/26 11,1,2
2011/10/26 15,1,1
2011/10/26 18,1,3
2011/10/26 19,1,2
2011/10/26 20,1,1
2011/10/26 21,1,4
2011/10/27 12,1,0
2011/10/27 19,1,0
2011/10/28 07,1,0
2011/10/28 08,1,0
2011/10/29 13,1,2
2011/10/29 14,1,2
2011/10/30 10,1,2
2011/11/03 18,1,0
2011/11/03 19,1,0
2011/11/03 20,1,0
2011/11/03 21,1,0
2011/11/04 11,1,1
2011/11/04 17,1,1
2011/11/04 18,1,1
2011/11/04 19,1,1
2011/11/04 20,1,1
2011/11/05 21,1,0
2011/11/05 22,1,0
2011/11/05 23,1,1
2011/11/06 12,1,2
2011/11/06 13,1,1
2011/11/06 17,1,1
2011/11/07 10,1,0
2011/11/11 18,1,1
2011/11/11 20,1,0
2011/11/11 21,1,1
2011/11/12 19,1,1
2011/11/14 16,1,0
2011/11/19 18,1,1
2011/11/19 19,1,1
2011/11/19 22,1,2
2011/11/20 20,1,2
2011/12/21 21,1,1
