2011/10/01 08,1,14
2011/10/01 09,1,63
2011/10/01 10,3,85
2011/10/01 11,3,77
2011/10/01 12,3,106
2011/10/01 13,4,148
2011/10/01 14,4,143
2011/10/01 15,3,142
2011/10/01 16,3,145
2011/10/01 17,3,109
2011/10/01 18,1,74
2011/10/01 20,1,21
2011/10/01 21,1,21
2011/10/01 22,1,22
2011/10/01 23,1,29
2011/10/02 00,1,37
2011/10/02 01,1,38
2011/10/02 02,2,76
2011/10/02 03,3,121
2011/10/02 04,3,149
2011/10/02 05,3,136
2011/10/02 06,3,139
2011/10/02 07,3,159
2011/10/02 08,3,170
2011/10/02 09,3,173
2011/10/02 10,2,126
2011/10/02 11,2,41
2011/10/02 12,2,74
2011/10/02 13,2,81
2011/10/02 14,2,71
2011/10/02 15,2,38
2011/10/02 16,2,48
2011/10/02 17,2,53
2011/10/03 10,2,22
2011/10/03 11,3,95
2011/10/03 12,2,118
2011/10/03 13,1,44
2011/10/03 14,2,76
2011/10/03 15,1,59
2011/10/03 16,2,158
2011/10/03 17,2,162
2011/10/03 19,1,13
2011/10/03 20,1,20
2011/10/04 05,1,35
2011/10/04 06,1,76
2011/10/04 07,1,113
2011/10/04 08,2,132
2011/10/04 09,2,120
2011/10/04 10,1,29
2011/10/04 11,2,80
2011/10/04 12,3,162
2011/10/04 13,3,216
2011/10/04 14,3,263
2011/10/04 15,3,236
2011/10/05 01,1,9
2011/10/05 02,1,80
2011/10/05 03,1,96
2011/10/05 04,1,143
2011/10/05 05,1,143
2011/10/05 06,1,125
2011/10/05 07,1,131
2011/10/05 08,1,116
2011/10/05 10,1,26
2011/10/05 11,2,60
2011/10/05 12,1,57
2011/10/05 13,1,69
2011/10/05 14,1,66
2011/10/05 15,2,84
2011/10/05 16,1,90
2011/10/05 17,1,81
2011/10/05 19,1,2
2011/10/06 03,1,5
2011/10/06 04,1,8
2011/10/06 05,1,8
2011/10/06 06,2,75
2011/10/06 07,1,109
2011/10/06 08,1,109
2011/10/06 09,3,18
2011/10/06 10,4,56
2011/10/06 11,5,69
2011/10/06 12,3,80
2011/10/06 13,3,78
2011/10/06 14,2,70
2011/10/06 15,2,111
2011/10/06 16,1,98
2011/10/06 17,1,117
2011/10/06 18,1,85
2011/10/07 02,1,24
2011/10/07 03,2,21
2011/10/07 04,2,18
2011/10/07 05,2,54
2011/10/07 06,1,1
2011/10/07 07,1,1
2011/10/07 08,2,50
2011/10/07 09,2,75
2011/10/07 10,4,173
2011/10/07 11,4,231
2011/10/07 12,3,270
2011/10/07 13,2,258
2011/10/07 14,3,267
2011/10/07 15,3,305
2011/10/07 16,2,247
2011/10/07 17,1,123
2011/10/07 18,1,96
2011/10/07 19,1,83
2011/10/07 20,1,67
2011/10/07 22,1,2
2011/10/07 23,1,2
2011/10/08 00,1,5
2011/10/08 01,2,31
2011/10/08 02,2,102
2011/10/08 03,1,139
2011/10/08 04,2,152
2011/10/08 05,2,162
2011/10/08 06,3,152
2011/10/08 07,3,12
2011/10/08 08,1,7
2011/10/08 09,3,44
2011/10/08 10,3,41
2011/10/08 11,3,58
2011/10/08 12,3,84
2011/10/08 13,4,116
2011/10/08 14,4,130
2011/10/08 15,4,145
2011/10/08 16,2,70
2011/10/08 17,1,4
2011/10/08 22,2,8
2011/10/08 23,1,2
2011/10/09 00,2,30
2011/10/09 01,2,71
2011/10/09 02,2,68
2011/10/09 03,2,72
2011/10/09 04,1,8
2011/10/09 05,1,2
2011/10/09 06,1,4
2011/10/09 07,1,7
2011/10/09 08,3,23
2011/10/09 09,4,109
2011/10/09 10,4,157
2011/10/09 11,3,174
2011/10/09 12,4,221
2011/10/09 13,2,241
2011/10/09 14,3,299
2011/10/09 15,2,166
2011/10/09 16,2,166
2011/10/09 17,2,174
2011/10/09 20,1,1
2011/10/10 00,1,3
2011/10/10 01,2,19
2011/10/10 02,1,52
2011/10/10 03,1,54
2011/10/10 04,1,57
2011/10/10 05,2,61
2011/10/10 06,2,26
2011/10/10 07,3,48
2011/10/10 08,3,114
2011/10/10 09,2,126
2011/10/10 10,2,124
2011/10/10 11,2,124
2011/10/10 12,1,110
2011/10/10 13,1,102
2011/10/10 14,1,102
2011/10/11 05,2,19
2011/10/11 06,1,64
2011/10/11 07,1,93
2011/10/11 08,1,122
2011/10/11 09,1,123
2011/10/11 10,2,157
2011/10/11 11,2,220
2011/10/11 12,3,261
2011/10/11 13,3,434
2011/10/11 14,2,367
2011/10/11 15,2,374
2011/10/11 16,2,358
2011/10/11 17,3,212
2011/10/11 19,1,10
2011/10/11 20,1,10
2011/10/12 01,1,3
2011/10/12 02,1,46
2011/10/12 03,1,96
2011/10/12 04,1,133
2011/10/12 05,1,146
2011/10/12 06,1,143
2011/10/12 07,1,137
2011/10/12 08,1,136
2011/10/12 09,1,124
2011/10/12 10,2,20
2011/10/12 11,3,47
2011/10/12 12,2,39
2011/10/12 13,1,10
2011/10/12 14,3,49
2011/10/12 15,2,70
2011/10/12 16,1,52
2011/10/12 17,1,47
2011/10/13 05,1,87
2011/10/13 06,1,156
2011/10/13 07,2,167
2011/10/13 08,1,54
2011/10/13 09,1,57
2011/10/13 10,3,79
2011/10/13 11,4,109
2011/10/13 12,3,223
2011/10/13 13,3,285
2011/10/13 14,3,367
2011/10/13 15,2,418
2011/10/13 16,3,375
2011/10/13 17,4,382
2011/10/13 18,1,5
2011/10/13 19,1,23
2011/10/13 20,1,52
2011/10/13 21,1,58
2011/10/14 02,1,4
2011/10/14 03,1,7
2011/10/14 05,1,0
2011/10/14 06,1,5
2011/10/14 07,2,10
2011/10/14 08,2,28
2011/10/14 09,2,29
2011/10/14 10,3,59
2011/10/14 11,3,127
2011/10/14 12,3,268
2011/10/14 13,3,363
2011/10/14 14,3,308
2011/10/14 15,3,362
2011/10/14 16,3,285
2011/10/14 17,3,315
2011/10/14 18,2,218
2011/10/14 19,1,178
2011/10/14 20,2,135
2011/10/14 21,2,68
2011/10/14 22,1,4
2011/10/15 02,1,3
2011/10/15 03,1,7
2011/10/15 04,1,11
2011/10/15 05,2,18
2011/10/15 06,4,170
2011/10/15 07,4,274
2011/10/15 08,3,283
2011/10/15 09,3,274
2011/10/15 10,2,101
2011/10/15 11,2,9
2011/10/15 12,2,14
2011/10/15 13,4,39
2011/10/15 14,4,93
2011/10/15 15,4,101
2011/10/15 16,5,170
2011/10/15 17,3,217
2011/10/15 18,3,222
2011/10/15 19,3,153
2011/10/15 20,2,128
2011/10/15 21,1,17
2011/10/15 22,1,8
2011/10/16 02,1,3
2011/10/16 03,1,6
2011/10/16 04,2,13
2011/10/16 05,4,83
2011/10/16 06,4,107
2011/10/16 07,3,128
2011/10/16 08,3,131
2011/10/16 09,3,131
2011/10/16 10,2,68
2011/10/16 11,2,53
2011/10/16 12,1,71
2011/10/16 13,1,104
2011/10/16 14,2,104
2011/10/16 15,2,90
2011/10/16 16,2,80
2011/10/16 17,3,97
2011/10/16 18,1,134
2011/10/16 19,1,176
2011/10/16 20,1,178
2011/10/17 04,1,5
2011/10/17 08,2,2
2011/10/17 09,1,9
2011/10/17 10,1,6
2011/10/17 11,3,66
2011/10/17 12,3,89
2011/10/17 13,4,99
2011/10/17 14,4,119
2011/10/17 15,4,116
2011/10/17 16,2,89
2011/10/17 17,3,192
2011/10/17 18,2,235
2011/10/17 19,1,8
2011/10/17 20,2,6
2011/10/17 21,2,4
2011/10/18 02,1,8
2011/10/18 03,1,9
2011/10/18 04,2,12
2011/10/18 05,2,12
2011/10/18 06,1,64
2011/10/18 07,1,141
2011/10/18 08,1,191
2011/10/18 09,2,216
2011/10/18 10,2,229
2011/10/18 11,3,222
2011/10/18 12,5,300
2011/10/18 13,4,326
2011/10/18 14,4,286
2011/10/18 15,4,204
2011/10/18 16,3,171
2011/10/18 17,4,86
2011/10/18 18,1,10
2011/10/18 19,2,12
2011/10/18 20,1,0
2011/10/18 23,1,1
2011/10/19 00,1,3
2011/10/19 04,1,0
2011/10/19 05,2,76
2011/10/19 06,2,101
2011/10/19 07,3,120
2011/10/19 08,2,140
2011/10/19 09,1,146
2011/10/19 10,3,148
2011/10/19 11,3,18
2011/10/19 12,4,72
2011/10/19 13,4,77
2011/10/19 14,3,78
2011/10/19 15,2,11
2011/10/19 16,2,36
2011/10/20 02,1,0
2011/10/20 03,1,3
2011/10/20 04,1,6
2011/10/20 05,1,6
2011/10/20 06,1,4
2011/10/20 07,1,39
2011/10/20 08,1,103
2011/10/20 09,1,99
2011/10/20 10,2,124
2011/10/20 11,2,171
2011/10/20 12,2,231
2011/10/20 13,3,297
2011/10/20 14,4,352
2011/10/20 15,3,563
2011/10/20 16,4,634
2011/10/20 17,3,358
2011/10/20 18,3,265
2011/10/20 19,1,165
2011/10/20 20,1,148
2011/10/20 23,1,2
2011/10/21 00,1,16
2011/10/21 01,1,13
2011/10/21 02,1,6
2011/10/21 05,1,37
2011/10/21 06,1,102
2011/10/21 07,1,114
2011/10/21 08,2,123
2011/10/21 09,2,132
2011/10/21 10,3,101
2011/10/21 11,4,169
2011/10/21 12,4,185
2011/10/21 13,4,162
2011/10/21 14,3,87
2011/10/21 15,3,83
2011/10/21 16,1,41
2011/10/21 17,3,69
2011/10/21 18,2,3
2011/10/21 19,1,10
2011/10/21 20,1,17
2011/10/21 21,2,60
2011/10/21 22,2,66
2011/10/21 23,2,57
2011/10/22 00,1,42
2011/10/22 01,1,37
2011/10/22 02,1,33
2011/10/22 07,1,31
2011/10/22 08,2,52
2011/10/22 09,2,60
2011/10/22 10,3,65
2011/10/22 11,3,70
2011/10/22 12,3,41
2011/10/22 13,2,22
2011/10/22 14,4,15
2011/10/22 15,5,109
2011/10/22 16,5,168
2011/10/22 17,4,166
2011/10/22 18,3,160
2011/10/22 19,2,133
2011/10/22 20,2,84
2011/10/22 21,2,43
2011/10/22 22,1,0
2011/10/23 03,1,1
2011/10/23 04,1,5
2011/10/23 05,2,83
2011/10/23 06,4,141
2011/10/23 07,3,171
2011/10/23 08,3,188
2011/10/23 09,3,192
2011/10/23 10,1,46
2011/10/23 11,1,4
2011/10/23 12,2,25
2011/10/23 13,2,50
2011/10/23 14,2,53
2011/10/23 15,2,7
2011/10/23 16,1,22
2011/10/23 17,1,0
2011/10/23 18,1,29
2011/10/23 19,2,29
2011/10/23 20,2,33
2011/10/23 21,2,25
2011/10/24 04,1,26
2011/10/24 05,1,80
2011/10/24 06,1,109
2011/10/24 07,2,135
2011/10/24 08,2,143
2011/10/24 09,2,115
2011/10/24 10,3,24
2011/10/24 11,2,9
2011/10/24 12,4,41
2011/10/24 13,4,93
2011/10/24 14,3,132
2011/10/24 15,3,136
2011/10/24 16,3,99
2011/10/24 17,2,6
2011/10/24 18,1,13
2011/10/24 19,2,21
2011/10/24 20,2,30
2011/10/25 04,1,2
2011/10/25 05,1,5
2011/10/25 06,1,5
2011/10/25 07,1,12
2011/10/25 10,1,6
2011/10/25 11,1,6
2011/10/25 12,2,167
2011/10/25 13,3,269
2011/10/25 14,3,342
2011/10/25 15,5,352
2011/10/25 16,3,292
2011/10/25 17,2,189
2011/10/26 02,1,48
2011/10/26 03,3,111
2011/10/26 04,3,132
2011/10/26 05,4,158
2011/10/26 06,4,176
2011/10/26 07,4,178
2011/10/26 08,4,194
2011/10/26 09,3,207
2011/10/26 10,4,222
2011/10/26 11,3,15
2011/10/26 12,4,219
2011/10/26 13,4,347
2011/10/26 14,3,424
2011/10/26 15,3,486
2011/10/26 16,2,383
2011/10/26 17,2,326
2011/10/26 20,2,2
2011/10/26 21,2,5
2011/10/26 22,1,4
2011/10/27 01,1,1
2011/10/27 02,1,2
2011/10/27 03,1,4
2011/10/27 04,1,4
2011/10/27 05,2,7
2011/10/27 06,2,17
2011/10/27 07,3,86
2011/10/27 08,2,121
2011/10/27 09,3,140
2011/10/27 10,6,137
2011/10/27 11,7,144
2011/10/27 12,7,77
2011/10/27 13,8,152
2011/10/27 14,8,231
2011/10/27 15,9,502
2011/10/27 16,6,573
2011/10/27 17,5,427
2011/10/27 18,6,468
2011/10/27 19,5,408
2011/10/27 20,2,11
2011/10/27 21,1,4
2011/10/27 22,1,2
2011/10/27 23,1,4
2011/10/28 00,1,12
2011/10/28 01,1,11
2011/10/28 02,1,1
2011/10/28 03,4,18
2011/10/28 04,3,12
2011/10/28 05,2,5
2011/10/28 06,2,3
2011/10/28 07,3,19
2011/10/28 08,1,5
2011/10/28 09,2,9
2011/10/28 10,3,30
2011/10/28 11,3,68
2011/10/28 12,2,47
2011/10/28 13,4,74
2011/10/28 14,4,117
2011/10/28 15,4,131
2011/10/28 16,5,214
2011/10/28 17,4,130
2011/10/28 18,3,25
2011/10/28 19,3,34
2011/10/28 20,3,35
2011/10/28 21,3,33
2011/10/28 22,2,18
2011/10/28 23,2,19
2011/10/29 00,3,36
2011/10/29 01,4,41
2011/10/29 02,3,31
2011/10/29 03,2,45
2011/10/29 04,3,60
2011/10/29 05,3,83
2011/10/29 06,3,108
2011/10/29 07,3,134
2011/10/29 08,4,176
2011/10/29 09,4,185
2011/10/29 10,5,174
2011/10/29 11,4,149
2011/10/29 12,3,102
2011/10/29 13,3,111
2011/10/29 14,3,102
2011/10/29 15,4,126
2011/10/29 16,4,123
2011/10/29 17,3,16
2011/10/29 18,2,13
2011/10/30 01,2,4
2011/10/30 02,2,9
2011/10/30 03,2,11
2011/10/30 04,2,10
2011/10/30 05,2,8
2011/10/30 06,2,10
2011/10/30 07,2,8
2011/10/30 08,3,31
2011/10/30 09,4,41
2011/10/30 10,2,12
2011/10/30 11,2,15
2011/10/30 12,3,19
2011/10/30 13,2,14
2011/10/30 14,3,40
2011/10/30 15,3,83
2011/10/30 16,2,90
2011/10/30 18,1,8
2011/10/30 19,1,8
2011/10/30 20,1,4
2011/10/30 23,1,1
2011/10/31 00,1,1
2011/10/31 01,3,3
2011/10/31 02,2,7
2011/10/31 03,1,7
2011/10/31 04,1,7
2011/10/31 05,1,4
2011/10/31 06,1,5
2011/10/31 08,1,6
2011/10/31 09,2,15
2011/10/31 10,2,33
2011/10/31 11,2,59
2011/10/31 12,4,115
2011/10/31 13,5,323
2011/10/31 14,7,458
2011/10/31 15,7,503
2011/10/31 16,3,329
2011/10/31 17,4,297
2011/10/31 18,1,204
2011/10/31 20,1,1
2011/10/31 23,1,4
2011/11/01 00,1,10
2011/11/01 01,1,14
2011/11/01 02,1,5
2011/11/01 03,1,8
2011/11/01 04,1,6
2011/11/01 05,3,70
2011/11/01 06,2,142
2011/11/01 07,2,168
2011/11/01 08,2,184
2011/11/01 09,1,126
2011/11/01 10,1,1
2011/11/01 11,3,29
2011/11/01 12,5,77
2011/11/01 13,6,155
2011/11/01 14,6,174
2011/11/01 15,3,103
2011/11/01 16,1,83
2011/11/03 15,3,455
2011/11/03 16,3,440
2011/11/03 17,2,306
2011/11/03 18,1,205
2011/11/03 19,1,102
2011/11/03 20,1,72
2011/11/03 21,1,91
2011/11/04 00,1,6
2011/11/04 02,1,7
2011/11/04 03,1,8
2011/11/04 04,1,12
2011/11/04 05,3,19
2011/11/04 06,3,32
2011/11/04 07,3,174
2011/11/04 08,3,184
2011/11/04 09,1,208
2011/11/04 10,3,280
2011/11/04 11,3,94
2011/11/04 12,3,111
2011/11/04 13,3,112
2011/11/04 14,3,97
2011/11/04 15,5,116
2011/11/04 16,4,303
2011/11/04 17,4,263
2011/11/04 18,4,266
2011/11/04 19,3,202
2011/11/04 20,2,168
2011/11/04 21,2,93
2011/11/04 22,2,76
2011/11/04 23,4,90
2011/11/05 00,4,98
2011/11/05 01,4,97
2011/11/05 02,5,9
2011/11/05 03,4,14
2011/11/05 04,3,4
2011/11/05 05,1,4
2011/11/05 06,1,1
2011/11/05 08,1,9
2011/11/05 09,3,14
2011/11/05 10,6,218
2011/11/05 11,5,305
2011/11/05 12,4,371
2011/11/05 13,6,430
2011/11/05 14,4,455
2011/11/05 15,5,452
2011/11/05 16,4,534
2011/11/05 17,3,425
2011/11/05 18,3,336
2011/11/05 19,2,253
2011/11/05 20,3,217
2011/11/05 21,2,16
2011/11/05 22,1,3
2011/11/05 23,1,4
2011/11/06 00,2,6
2011/11/06 01,2,30
2011/11/06 02,2,31
2011/11/06 03,4,58
2011/11/06 04,4,148
2011/11/06 05,4,191
2011/11/06 06,3,250
2011/11/06 07,4,245
2011/11/06 08,3,230
2011/11/06 09,3,239
2011/11/06 10,4,250
2011/11/06 11,2,236
2011/11/06 12,1,4
2011/11/06 13,2,27
2011/11/06 14,4,88
2011/11/06 15,4,119
2011/11/06 16,4,120
2011/11/06 17,2,4
2011/11/06 18,2,6
2011/11/06 19,2,5
2011/11/06 20,2,5
2011/11/06 21,1,3
2011/11/06 22,1,2
2011/11/07 00,2,2
2011/11/07 07,2,2
2011/11/07 08,2,3
2011/11/07 09,1,2
2011/11/07 10,1,19
2011/11/07 11,3,68
2011/11/07 12,2,127
2011/11/07 13,4,351
2011/11/07 14,6,609
2011/11/07 15,7,591
2011/11/07 16,8,553
2011/11/07 17,6,589
2011/11/07 18,3,167
2011/11/07 19,2,4
2011/11/07 20,1,2
2011/11/07 21,2,3
2011/11/07 22,2,44
2011/11/07 23,1,1
2011/11/08 00,1,3
2011/11/08 01,1,3
2011/11/08 06,1,2
2011/11/08 07,1,4
2011/11/08 11,1,3
2011/11/08 12,1,0
2011/11/08 13,2,59
2011/11/08 14,2,112
2011/11/08 15,4,194
2011/11/08 16,4,242
2011/11/08 17,4,230
2011/11/08 18,3,135
2011/11/08 20,1,37
2011/11/08 21,2,90
2011/11/08 22,2,178
2011/11/08 23,1,77
2011/11/09 02,1,4
2011/11/09 03,1,5
2011/11/09 07,1,38
2011/11/09 08,2,64
2011/11/09 09,3,75
2011/11/09 10,4,77
2011/11/09 11,3,75
2011/11/09 12,2,81
2011/11/09 13,4,117
2011/11/09 14,4,141
2011/11/09 15,6,319
2011/11/09 16,6,394
2011/11/09 17,4,411
2011/11/09 18,5,398
2011/11/09 19,2,206
2011/11/09 20,2,13
2011/11/09 21,2,2
2011/11/10 01,1,2
2011/11/10 03,1,1
2011/11/10 04,1,6
2011/11/10 05,1,9
2011/11/10 06,1,14
2011/11/10 07,1,2
2011/11/10 08,1,5
2011/11/10 12,1,11
2011/11/10 13,3,164
2011/11/10 14,4,393
2011/11/10 15,4,500
2011/11/10 16,3,495
2011/11/10 17,7,588
2011/11/10 18,7,497
2011/11/10 19,4,498
2011/11/10 20,3,264
2011/11/10 22,2,1
2011/11/10 23,2,3
2011/11/11 00,1,3
2011/11/11 01,2,17
2011/11/11 02,3,42
2011/11/11 03,3,45
2011/11/11 04,2,30
2011/11/11 05,2,2
2011/11/11 06,2,4
2011/11/11 07,2,18
2011/11/11 08,2,15
2011/11/11 09,3,13
2011/11/11 10,2,13
2011/11/11 11,2,13
2011/11/11 12,2,22
2011/11/11 13,1,8
2011/11/11 14,2,23
2011/11/11 15,3,52
2011/11/11 16,2,59
2011/11/11 17,3,46
2011/11/11 18,4,51
2011/11/11 19,2,10
2011/11/11 20,2,6
2011/11/11 21,1,3
2011/11/11 22,1,3
2011/11/11 23,1,4
2011/11/12 00,1,4
2011/11/12 02,1,4
2011/11/12 03,2,14
2011/11/12 04,1,10
2011/11/12 05,2,8
2011/11/12 06,2,9
2011/11/12 07,2,14
2011/11/12 08,2,15
2011/11/12 09,4,26
2011/11/12 10,5,33
2011/11/12 11,5,250
2011/11/12 12,4,450
2011/11/12 13,5,552
2011/11/12 14,5,596
2011/11/12 15,2,389
2011/11/12 16,2,400
2011/11/12 17,3,387
2011/11/12 18,4,341
2011/11/12 19,3,275
2011/11/12 20,2,109
2011/11/12 21,1,107
2011/11/12 22,1,3
2011/11/12 23,1,8
2011/11/13 00,1,5
2011/11/13 01,2,3
2011/11/13 02,1,3
2011/11/13 03,1,10
2011/11/13 04,2,17
2011/11/13 05,2,10
2011/11/13 06,2,154
2011/11/13 07,4,227
2011/11/13 08,3,244
2011/11/13 12,3,457
2011/11/13 13,4,579
2011/11/13 14,3,413
2011/11/13 15,3,444
2011/11/13 16,1,91
2011/11/13 17,1,177
2011/11/13 18,2,202
2011/11/13 19,1,0
2011/11/13 20,1,0
2011/11/13 21,1,1
2011/11/13 22,2,2
2011/11/13 23,2,7
2011/11/14 00,1,4
2011/11/14 01,1,3
2011/11/14 02,1,4
2011/11/14 03,1,6
2011/11/14 04,1,10
2011/11/14 06,1,4
2011/11/14 07,2,9
2011/11/14 08,2,11
2011/11/14 09,1,10
2011/11/14 10,1,11
2011/11/14 11,2,27
2011/11/14 12,3,114
2011/11/14 13,4,272
2011/11/14 14,5,452
2011/11/14 15,3,459
2011/11/14 16,3,421
2011/11/14 17,2,231
2011/11/14 18,2,111
2011/11/14 19,1,83
2011/11/14 21,1,3
2011/11/14 22,1,3
2011/11/15 02,1,4
2011/11/15 04,1,0
2011/11/15 07,1,1
2011/11/15 08,1,2
2011/11/15 10,2,47
2011/11/15 11,2,67
2011/11/15 12,1,15
2011/11/15 13,1,39
2011/11/15 14,1,239
2011/11/15 15,2,282
2011/11/15 16,2,228
2011/11/15 17,2,237
2011/11/15 18,1,166
2011/11/15 19,1,129
2011/11/15 21,1,2
2011/11/15 22,1,3
2011/11/16 04,1,14
2011/11/16 05,2,105
2011/11/16 06,2,147
2011/11/16 07,3,158
2011/11/16 08,4,61
2011/11/16 09,4,173
2011/11/16 10,2,191
2011/11/16 11,2,236
2011/11/16 12,6,326
2011/11/16 13,4,369
2011/11/16 14,4,353
2011/11/16 15,4,347
2011/11/16 16,1,193
2011/11/16 17,1,194
2011/11/16 20,1,1
2011/11/16 21,1,1
2011/11/16 23,1,0
2011/11/17 00,1,12
2011/11/17 04,1,3
2011/11/17 05,1,4
2011/11/17 08,1,6
2011/11/17 09,2,5
2011/11/17 10,3,18
2011/11/17 11,5,104
2011/11/17 12,5,159
2011/11/17 13,4,194
2011/11/17 14,4,219
2011/11/17 15,2,112
2011/11/17 16,2,104
2011/11/17 17,1,25
2011/11/17 18,2,139
2011/11/17 19,1,143
2011/11/17 20,2,162
2011/11/17 21,2,190
2011/11/17 22,2,5
2011/11/17 23,3,4
2011/11/18 00,2,3
2011/11/18 01,3,6
2011/11/18 02,2,12
2011/11/18 03,2,17
2011/11/18 04,2,14
2011/11/18 05,2,13
2011/11/18 06,2,6
2011/11/18 07,2,40
2011/11/18 08,2,45
2011/11/18 09,3,53
2011/11/18 10,2,14
2011/11/18 11,3,25
2011/11/18 12,1,7
2011/11/18 13,2,14
2011/11/18 14,2,47
2011/11/18 15,2,61
2011/11/18 16,2,32
2011/11/18 17,1,9
2011/11/18 18,1,8
2011/11/18 19,1,6
2011/11/18 23,3,15
2011/11/19 00,2,5
2011/11/19 01,1,15
2011/11/19 02,1,27
2011/11/19 03,2,29
2011/11/19 04,1,28
2011/11/19 07,1,5
2011/11/19 08,2,4
2011/11/19 09,3,45
2011/11/19 10,4,84
2011/11/19 11,3,86
2011/11/19 12,3,103
2011/11/19 13,6,242
2011/11/19 14,7,315
2011/11/19 15,5,387
2011/11/19 16,6,380
2011/11/19 17,1,8
2011/11/19 18,2,10
2011/11/19 19,1,2
2011/11/19 23,1,2
2011/11/20 00,2,4
2011/11/20 01,1,4
2011/11/20 02,2,5
2011/11/20 03,3,66
2011/11/20 04,3,128
2011/11/20 05,2,130
2011/11/20 06,4,162
2011/11/20 07,4,185
2011/11/20 08,4,215
2011/11/20 09,3,235
2011/11/20 10,5,231
2011/11/20 11,4,242
2011/11/20 12,3,311
2011/11/20 13,2,369
2011/11/20 14,3,414
2011/11/20 15,4,469
2011/11/20 16,2,95
2011/11/21 02,1,7
2011/11/21 03,2,10
2011/11/21 04,1,3
2011/11/21 05,1,3
2011/11/21 07,1,6
2011/11/21 08,4,39
2011/11/21 09,3,89
2011/11/21 10,3,114
2011/11/21 11,5,198
2011/11/21 12,6,354
2011/11/21 13,3,345
2011/11/21 14,2,419
2011/11/21 15,2,444
2011/11/21 16,2,434
2011/11/21 17,1,78
2011/11/21 20,1,1
2011/11/22 08,1,60
2011/11/22 09,1,153
2011/11/22 10,3,166
2011/11/22 11,2,271
2011/11/22 12,2,277
2011/11/22 13,2,370
2011/11/22 14,3,483
2011/11/22 15,2,483
2011/11/22 16,2,464
2011/11/22 20,1,1
2011/11/23 04,1,55
2011/11/23 05,1,110
2011/11/23 06,1,144
2011/11/23 07,1,167
2011/11/23 08,2,191
2011/11/23 09,2,185
2011/11/23 10,3,218
2011/11/23 11,3,218
2011/11/23 12,1,13
2011/11/23 13,2,10
2011/11/23 14,2,156
2011/11/23 15,3,333
2011/11/23 16,3,350
2011/11/23 17,2,301
2011/11/23 18,1,1
2011/11/24 03,1,3
2011/11/24 04,1,7
2011/11/24 05,1,5
2011/11/24 06,1,4
2011/11/24 07,1,1
2011/11/24 08,1,1
2011/11/24 10,1,4
2011/11/24 11,1,10
2011/11/24 12,1,8
2011/11/24 13,2,44
2011/11/24 14,3,317
2011/11/24 15,3,414
2011/11/24 16,2,402
2011/11/24 17,2,346
2011/11/24 18,1,4
2011/11/24 19,1,3
2011/11/24 20,1,2
2011/11/25 06,1,26
2011/11/25 07,1,126
2011/11/25 08,3,179
2011/11/25 09,3,175
2011/11/25 10,3,198
2011/11/25 11,3,240
2011/11/25 12,3,243
2011/11/25 13,3,256
2011/11/25 14,3,272
2011/11/25 15,4,296
2011/11/25 16,4,286
2011/11/25 17,3,236
2011/11/25 18,2,195
2011/11/25 19,2,174
2011/11/25 20,2,23
2011/11/25 21,2,26
2011/11/26 07,3,136
2011/11/26 08,5,209
2011/11/26 09,5,234
2011/11/26 10,5,217
2011/11/26 11,4,61
2011/11/26 12,2,216
2011/11/26 13,1,292
2011/11/26 14,2,325
2011/11/26 15,2,360
2011/11/26 16,2,349
2011/11/26 17,1,7
2011/11/26 18,1,13
2011/11/26 19,1,10
2011/11/27 06,3,103
2011/11/27 07,3,210
2011/11/27 08,3,222
2011/11/27 09,3,230
2011/11/27 10,5,269
2011/11/27 11,6,36
2011/11/27 12,6,193
2011/11/27 13,3,213
2011/11/27 14,3,242
2011/11/27 15,2,22
2011/11/27 16,2,23
2011/11/27 17,2,26
2011/11/27 18,1,12
2011/11/27 21,1,2
2011/11/27 23,1,0
2011/11/28 09,1,0
2011/11/28 10,1,0
2011/11/28 14,2,42
2011/11/28 15,1,72
2011/11/28 16,2,86
2011/11/28 17,2,82
2011/11/28 18,1,8
2011/11/28 19,2,10
2011/11/28 20,2,4
2011/11/28 21,2,4
2011/11/28 22,1,2
2011/11/28 23,1,3
2011/11/29 05,1,2
2011/11/29 06,1,2
2011/11/29 07,1,3
2011/11/29 09,2,23
2011/11/29 10,2,94
2011/11/29 11,4,235
2011/11/29 12,3,285
2011/11/29 13,4,366
2011/11/29 14,3,408
2011/11/29 15,3,431
2011/11/29 16,2,377
2011/11/29 17,2,360
2011/11/29 18,2,3
2011/11/29 19,1,2
2011/11/29 20,1,0
2011/11/29 21,1,1
2011/11/29 22,1,1
2011/11/29 23,2,4
2011/11/30 00,2,3
2011/11/30 01,2,2
2011/11/30 02,2,5
2011/11/30 03,2,3
2011/11/30 04,2,3
2011/11/30 05,2,7
2011/11/30 06,2,8
2011/11/30 07,1,1
2011/11/30 08,1,1
2011/11/30 09,2,3
2011/11/30 10,1,0
2011/11/30 12,2,28
2011/11/30 13,3,45
2011/11/30 14,2,49
2011/11/30 15,2,61
2011/11/30 16,1,4
2011/11/30 18,1,52
2011/11/30 19,1,292
2011/11/30 20,1,336
2011/11/30 21,1,277
2011/11/30 23,1,2
2011/12/01 00,1,2
2011/12/01 03,1,2
2011/12/01 05,1,5
2011/12/01 06,1,7
2011/12/01 11,1,3
2011/12/01 12,1,8
2011/12/01 13,2,15
2011/12/01 14,4,88
2011/12/01 15,5,146
2011/12/01 16,4,251
2011/12/01 17,3,327
2011/12/01 18,2,145
2011/12/01 19,3,185
2011/12/01 20,3,189
2011/12/01 21,3,181
2011/12/01 22,4,199
2011/12/01 23,4,9
2011/12/02 00,2,5
2011/12/02 01,1,4
2011/12/02 02,1,5
2011/12/02 03,2,12
2011/12/02 04,2,14
2011/12/02 05,2,13
2011/12/02 06,3,30
2011/12/02 07,4,36
2011/12/02 08,4,41
2011/12/02 09,3,76
2011/12/02 10,4,251
2011/12/02 11,1,294
2011/12/02 12,1,330
2011/12/02 13,1,282
2011/12/02 14,1,254
2011/12/02 15,2,6
2011/12/02 16,2,6
2011/12/02 17,1,6
2011/12/02 18,1,7
2011/12/02 19,1,7
2011/12/03 06,1,4
2011/12/03 07,1,6
2011/12/03 08,1,8
2011/12/03 09,1,8
2011/12/03 13,3,12
2011/12/03 14,3,9
2011/12/03 15,4,15
2011/12/03 16,3,9
2011/12/03 17,2,10
2011/12/03 18,2,10
2011/12/03 19,4,15
2011/12/03 20,4,81
2011/12/03 21,4,109
2011/12/03 22,3,130
2011/12/03 23,1,3
2011/12/04 00,1,2
2011/12/04 01,1,1
2011/12/04 02,1,2
2011/12/04 03,3,20
2011/12/04 04,3,17
2011/12/04 05,2,9
2011/12/04 06,1,6
2011/12/04 07,1,9
2011/12/04 08,2,10
2011/12/04 09,3,10
2011/12/04 10,3,23
2011/12/04 11,3,33
2011/12/04 12,4,36
2011/12/04 13,5,35
2011/12/04 14,4,26
2011/12/04 15,3,27
2011/12/04 16,3,27
2011/12/04 17,2,14
2011/12/04 18,1,6
2011/12/04 19,2,14
2011/12/04 20,2,5
2011/12/04 21,1,1
2011/12/05 06,1,4
2011/12/05 07,2,7
2011/12/05 08,3,11
2011/12/05 09,2,12
2011/12/05 10,1,7
2011/12/05 11,2,4
2011/12/05 12,4,36
2011/12/05 13,4,109
2011/12/05 14,5,429
2011/12/05 15,6,487
2011/12/05 16,5,409
2011/12/05 17,4,374
2011/12/05 18,4,383
2011/12/05 19,3,391
2011/12/05 20,3,262
2011/12/05 21,1,4
2011/12/05 22,2,3
2011/12/05 23,1,1
2011/12/06 00,1,0
2011/12/06 04,1,2
2011/12/06 05,1,3
2011/12/06 06,1,3
2011/12/06 07,1,4
2011/12/06 08,1,3
2011/12/06 13,1,1
2011/12/06 14,5,66
2011/12/06 15,5,82
2011/12/06 16,4,87
2011/12/06 17,1,8
2011/12/06 18,2,101
2011/12/06 19,3,157
2011/12/06 20,3,168
2011/12/06 21,4,145
2011/12/06 22,3,150
2011/12/06 23,3,8
2011/12/07 01,1,1
2011/12/07 02,1,1
2011/12/07 03,2,2
2011/12/07 04,1,1
2011/12/07 05,1,8
2011/12/07 06,1,7
2011/12/07 07,1,6
2011/12/07 08,1,3
2011/12/07 09,2,107
2011/12/07 10,1,141
2011/12/07 11,1,8
2011/12/07 12,1,14
2011/12/07 13,4,43
2011/12/07 14,6,74
2011/12/07 15,4,80
2011/12/07 16,2,19
2011/12/07 17,3,12
2011/12/07 18,3,11
2011/12/07 19,3,14
2011/12/07 20,4,26
2011/12/07 21,5,146
2011/12/07 22,3,198
2011/12/07 23,2,4
2011/12/08 00,1,2
2011/12/08 01,1,1
2011/12/08 02,2,4
2011/12/08 03,2,5
2011/12/08 04,2,2
2011/12/08 05,2,3
2011/12/08 06,1,3
2011/12/08 07,2,10
2011/12/08 08,3,84
2011/12/08 09,2,149
2011/12/08 10,2,155
2011/12/08 11,1,12
2011/12/08 12,4,63
2011/12/08 13,4,81
2011/12/08 14,3,72
2011/12/08 15,3,85
2011/12/08 16,4,98
2011/12/08 17,2,7
2011/12/08 18,2,10
2011/12/08 19,2,10
2011/12/08 20,1,8
2011/12/08 21,2,10
2011/12/08 22,2,11
2011/12/09 06,1,3
2011/12/09 07,1,4
2011/12/09 08,1,5
2011/12/09 09,1,6
2011/12/09 10,2,8
2011/12/09 11,3,11
2011/12/09 12,3,25
2011/12/09 13,2,19
2011/12/09 14,6,221
2011/12/09 15,5,416
2011/12/09 16,5,421
2011/12/09 17,4,406
2011/12/09 18,4,322
2011/12/09 19,3,230
2011/12/09 20,3,152
2011/12/09 21,3,103
2011/12/09 22,1,86
2011/12/09 23,2,91
2011/12/10 00,2,77
2011/12/10 01,2,60
2011/12/10 02,2,55
2011/12/10 03,1,49
2011/12/10 04,1,2
2011/12/10 05,2,10
2011/12/10 06,1,6
2011/12/10 07,1,10
2011/12/10 08,1,10
2011/12/10 09,1,9
2011/12/10 10,2,11
2011/12/10 11,1,8
2011/12/10 12,2,15
2011/12/10 13,2,15
2011/12/10 14,5,113
2011/12/10 15,6,143
2011/12/10 16,5,126
2011/12/10 17,3,125
2011/12/10 18,4,105
2011/12/10 19,3,114
2011/12/10 20,4,174
2011/12/10 21,5,122
2011/12/10 22,5,138
2011/12/10 23,3,152
2011/12/11 00,2,25
2011/12/11 01,2,28
2011/12/11 02,1,5
2011/12/11 03,2,6
2011/12/11 04,2,12
2011/12/11 05,1,19
2011/12/11 06,2,104
2011/12/11 07,2,184
2011/12/11 08,3,202
2011/12/11 09,2,214
2011/12/11 10,2,220
2011/12/11 11,3,241
2011/12/11 12,4,53
2011/12/11 13,4,66
2011/12/11 14,4,68
2011/12/11 15,4,81
2011/12/11 16,3,104
2011/12/11 17,2,203
2011/12/11 18,2,243
2011/12/11 19,2,226
2011/12/11 20,2,151
2011/12/11 21,2,164
2011/12/11 22,4,135
2011/12/11 23,3,118
2011/12/12 00,3,85
2011/12/12 01,2,11
2011/12/12 02,2,16
2011/12/12 03,2,29
2011/12/12 04,1,46
2011/12/12 07,1,5
2011/12/12 08,1,6
2011/12/12 09,1,7
2011/12/12 10,2,32
2011/12/12 11,2,66
2011/12/12 12,1,99
2011/12/12 13,2,115
2011/12/12 14,2,113
2011/12/12 15,2,105
2011/12/12 16,3,71
2011/12/12 17,2,68
2011/12/12 18,2,56
2011/12/12 20,2,5
2011/12/12 21,4,21
2011/12/12 22,4,37
2011/12/12 23,2,35
2011/12/13 00,1,32
2011/12/13 03,2,6
2011/12/13 04,2,9
2011/12/13 05,1,12
2011/12/13 06,1,17
2011/12/13 07,2,19
2011/12/13 08,1,28
2011/12/13 09,1,119
2011/12/13 10,3,212
2011/12/13 11,5,321
2011/12/13 12,6,373
2011/12/13 13,6,361
2011/12/13 14,5,293
2011/12/13 15,3,261
2011/12/13 16,3,257
2011/12/13 17,2,132
2011/12/13 18,3,115
2011/12/13 19,3,96
2011/12/13 20,3,35
2011/12/13 21,3,4
2011/12/13 22,5,9
2011/12/13 23,4,9
2011/12/14 00,1,2
2011/12/14 02,1,3
2011/12/14 03,1,8
2011/12/14 04,1,81
2011/12/14 05,2,116
2011/12/14 06,2,145
2011/12/14 07,2,156
2011/12/14 08,2,183
2011/12/14 09,3,179
2011/12/14 10,3,175
2011/12/14 11,3,78
2011/12/14 12,3,80
2011/12/14 13,1,83
2011/12/14 14,2,79
2011/12/14 15,2,13
2011/12/14 16,2,14
2011/12/14 17,3,10
2011/12/14 18,1,4
2011/12/14 19,1,2
2011/12/14 20,1,1
2011/12/14 21,1,1
2011/12/14 23,1,9
2011/12/15 00,1,8
2011/12/15 04,2,6
2011/12/15 05,2,6
2011/12/15 06,1,4
2011/12/15 07,1,10
2011/12/15 08,1,12
2011/12/15 09,1,21
2011/12/15 11,2,26
2011/12/15 12,2,40
2011/12/15 13,3,49
2011/12/15 14,1,3
2011/12/15 15,3,1
2011/12/15 18,2,77
2011/12/15 19,2,188
2011/12/15 20,2,209
2011/12/15 21,5,96
2011/12/15 22,3,4
2011/12/15 23,1,1
2011/12/16 01,2,1
2011/12/16 02,2,3
2011/12/16 05,1,1
2011/12/16 06,2,5
2011/12/16 07,1,8
2011/12/16 08,2,110
2011/12/16 09,1,148
2011/12/16 10,1,157
2011/12/16 11,2,137
2011/12/16 12,3,50
2011/12/16 13,6,72
2011/12/16 14,6,80
2011/12/16 15,5,90
2011/12/16 16,6,209
2011/12/16 17,7,380
2011/12/16 18,6,352
2011/12/16 19,4,260
2011/12/16 20,3,230
2011/12/16 21,3,159
2011/12/16 22,2,24
2011/12/16 23,1,21
2011/12/17 00,2,23
2011/12/17 01,2,19
2011/12/17 03,2,5
2011/12/17 04,1,14
2011/12/17 05,1,14
2011/12/17 08,2,34
2011/12/17 09,2,168
2011/12/17 10,2,204
2011/12/17 11,2,227
2011/12/17 13,3,159
2011/12/17 14,2,229
2011/12/17 15,3,269
2011/12/17 16,2,268
2011/12/17 17,5,200
2011/12/17 18,4,113
2011/12/17 19,6,87
2011/12/17 20,5,79
2011/12/17 21,6,67
2011/12/17 22,5,36
2011/12/17 23,5,35
2011/12/18 00,3,20
2011/12/18 01,2,3
2011/12/18 02,1,4
2011/12/18 03,1,5
2011/12/18 04,2,7
2011/12/18 05,4,12
2011/12/18 06,3,15
2011/12/18 07,5,51
2011/12/18 08,5,135
2011/12/18 09,5,186
2011/12/18 10,5,176
2011/12/18 11,4,149
2011/12/18 12,2,29
2011/12/18 13,3,32
2011/12/18 14,4,32
2011/12/18 15,5,37
2011/12/18 16,4,45
2011/12/18 17,3,31
2011/12/18 18,2,14
2011/12/18 19,1,10
2011/12/18 20,1,1
2011/12/18 23,1,0
2011/12/19 00,1,2
2011/12/19 01,2,1
2011/12/19 02,1,1
2011/12/19 06,1,37
2011/12/19 07,1,90
2011/12/19 08,1,98
2011/12/19 09,2,139
2011/12/19 10,2,147
2011/12/19 11,3,17
2011/12/19 12,2,4
2011/12/19 13,3,13
2011/12/19 14,3,26
2011/12/19 15,4,22
2011/12/19 16,2,18
2011/12/19 17,3,25
2011/12/19 18,2,16
2011/12/19 19,2,16
2011/12/19 20,2,17
2011/12/19 21,4,15
2011/12/19 22,5,16
2011/12/19 23,2,24
2011/12/20 00,3,32
2011/12/20 01,2,24
2011/12/20 02,1,10
2011/12/20 03,1,11
2011/12/20 09,1,1
2011/12/20 10,3,8
2011/12/20 11,3,9
2011/12/20 12,4,14
2011/12/20 13,3,11
2011/12/20 14,4,13
2011/12/20 15,2,5
2011/12/20 16,2,8
2011/12/20 17,2,8
2011/12/20 18,2,8
2011/12/20 19,3,141
2011/12/20 20,3,159
2011/12/20 21,4,151
2011/12/20 22,3,146
2011/12/20 23,1,134
2011/12/21 03,1,7
2011/12/21 04,1,14
2011/12/21 05,1,15
2011/12/21 06,1,17
2011/12/21 07,1,16
2011/12/21 09,3,10
2011/12/21 10,4,30
2011/12/21 11,4,29
2011/12/21 12,3,29
2011/12/21 13,3,8
2011/12/21 14,3,10
2011/12/21 15,5,23
2011/12/21 16,5,38
2011/12/21 17,6,100
2011/12/21 18,2,33
2011/12/21 19,3,30
2011/12/21 20,3,27
2011/12/21 21,2,14
2011/12/21 22,2,2
2011/12/21 23,1,2
2011/12/22 00,2,3
2011/12/22 01,3,74
2011/12/22 02,2,47
2011/12/22 03,1,2
2011/12/22 04,2,8
2011/12/22 05,2,8
2011/12/22 06,2,2
2011/12/22 07,3,7
2011/12/22 08,4,86
2011/12/22 09,2,11
2011/12/22 10,1,5
2011/12/22 11,3,9
2011/12/22 12,3,6
2011/12/22 13,2,18
2011/12/22 14,1,12
2011/12/22 15,3,69
2011/12/22 16,5,257
2011/12/22 17,4,294
2011/12/22 18,6,284
2011/12/22 19,5,256
2011/12/22 20,3,57
2011/12/22 21,2,57
2011/12/22 22,2,48
2011/12/22 23,2,36
2011/12/23 00,2,29
2011/12/23 01,2,31
2011/12/23 02,2,30
2011/12/23 03,1,28
2011/12/23 04,1,22
2011/12/23 05,1,22
2011/12/23 06,2,20
2011/12/23 07,1,20
2011/12/23 08,1,20
2011/12/23 09,1,13
2011/12/23 10,2,17
2011/12/23 12,2,5
2011/12/23 13,2,5
2011/12/23 14,2,7
2011/12/23 15,2,14
2011/12/23 16,3,29
2011/12/23 17,4,22
2011/12/23 18,3,12
2011/12/23 19,3,15
2011/12/23 20,3,13
2011/12/23 21,4,15
2011/12/23 22,3,11
2011/12/23 23,2,11
2011/12/24 00,1,2
2011/12/24 01,1,1
2011/12/24 02,2,2
2011/12/24 06,2,3
2011/12/24 07,1,8
2011/12/24 08,1,9
2011/12/24 09,1,8
2011/12/24 10,1,3
2011/12/24 11,1,5
2011/12/24 14,2,2
2011/12/24 15,3,9
2011/12/24 16,4,26
2011/12/24 17,6,39
2011/12/24 18,4,27
2011/12/24 19,3,25
2011/12/24 20,1,8
2011/12/24 21,1,5
2011/12/24 22,1,5
2011/12/25 05,1,7
2011/12/25 06,2,6
2011/12/25 07,3,76
2011/12/25 08,3,112
2011/12/25 09,2,135
2011/12/25 10,1,128
2011/12/25 11,2,159
2011/12/25 12,1,12
2011/12/25 13,2,21
2011/12/25 14,3,32
2011/12/25 15,2,34
2011/12/25 16,3,38
2011/12/25 17,3,13
2011/12/25 18,2,5
2011/12/25 19,1,3
2011/12/25 20,2,3
2011/12/25 21,1,3
2011/12/25 22,2,9
2011/12/25 23,3,15
2011/12/26 00,2,17
2011/12/26 01,2,18
2011/12/26 02,2,13
2011/12/26 06,1,0
2011/12/26 07,1,0
2011/12/26 10,1,4
2011/12/26 11,2,11
2011/12/26 12,2,24
2011/12/26 13,3,34
2011/12/26 14,4,211
2011/12/26 15,4,302
2011/12/26 16,3,315
2011/12/26 17,3,317
2011/12/26 18,3,225
2011/12/26 19,1,147
2011/12/26 20,1,83
2011/12/26 21,1,1
2011/12/26 22,1,2
2011/12/26 23,2,5
2011/12/27 00,2,3
2011/12/27 01,1,3
2011/12/27 02,1,4
2011/12/27 03,1,1
2011/12/27 07,1,1
2011/12/27 08,1,3
2011/12/27 09,1,3
2011/12/27 11,1,2
2011/12/27 12,1,10
2011/12/27 13,1,11
2011/12/27 14,3,53
2011/12/27 15,1,59
2011/12/27 16,2,70
2011/12/27 17,3,76
2011/12/27 18,3,53
2011/12/27 19,2,3
2011/12/27 20,1,0
2011/12/27 21,1,1
2011/12/28 01,1,2
2011/12/28 06,1,1
2011/12/28 07,1,2
2011/12/28 09,1,65
2011/12/28 10,2,114
2011/12/28 11,2,159
2011/12/28 12,4,211
2011/12/28 13,6,192
2011/12/28 14,7,124
2011/12/28 15,7,128
2011/12/28 16,10,46
2011/12/28 17,4,22
2011/12/28 18,3,47
2011/12/28 19,1,1
2011/12/28 20,1,4
2011/12/28 21,3,6
2011/12/28 22,3,7
2011/12/28 23,3,17
2011/12/29 00,3,21
2011/12/29 01,3,22
2011/12/29 02,3,27
2011/12/29 03,3,22
2011/12/29 04,2,16
2011/12/29 05,2,3
2011/12/29 06,2,0
2011/12/29 07,2,4
2011/12/29 09,2,11
2011/12/29 10,2,20
2011/12/29 11,4,40
2011/12/29 12,3,51
2011/12/29 13,7,97
2011/12/29 14,6,246
2011/12/29 15,5,460
2011/12/29 16,3,342
2011/12/29 17,4,349
2011/12/29 18,5,268
2011/12/29 19,5,210
2011/12/29 20,3,114
2011/12/29 21,2,101
2011/12/29 22,3,86
2011/12/29 23,4,85
2011/12/30 00,3,68
2011/12/30 01,3,20
2011/12/30 02,3,11
2011/12/30 03,2,2
2011/12/30 04,3,41
2011/12/30 05,3,70
2011/12/30 06,2,105
2011/12/30 07,3,155
2011/12/30 08,2,140
2011/12/30 09,3,138
2011/12/30 10,3,11
2011/12/30 11,3,11
2011/12/30 12,4,22
2011/12/30 13,1,16
2011/12/30 14,2,15
2011/12/30 15,1,8
2011/12/30 16,3,41
2011/12/30 17,3,107
2011/12/30 18,3,120
2011/12/30 19,4,127
2011/12/30 20,5,108
2011/12/30 21,2,111
2011/12/30 22,3,127
2011/12/30 23,2,63
2011/12/31 00,3,54
2011/12/31 01,3,61
2011/12/31 02,4,78
2011/12/31 03,2,81
2011/12/31 04,1,91
2011/12/31 05,2,127
2011/12/31 06,1,4
2011/12/31 07,1,13
2011/12/31 08,1,17
2011/12/31 09,2,138
2011/12/31 10,2,167
2011/12/31 11,2,179
2011/12/31 12,1,9
2011/12/31 13,3,78
2011/12/31 14,4,129
2011/12/31 15,5,275
2011/12/31 16,2,211
2011/12/31 17,2,209
2011/12/31 18,2,219
2011/12/31 19,2,229
2011/12/31 20,2,204
2011/12/31 21,2,201
2011/12/31 22,2,152
2011/12/31 23,1,111
2012/01/01 00,1,101
2012/01/01 01,1,31
2012/01/01 02,1,39
2012/01/01 03,1,62
2012/01/01 04,1,63
2012/01/01 06,1,2
2012/01/01 07,2,3
2012/01/01 08,2,11
2012/01/01 09,2,14
2012/01/01 10,1,2
2012/01/01 11,1,6
2012/01/01 12,2,14
2012/01/01 13,2,227
2012/01/01 14,4,295
2012/01/01 15,3,368
2012/01/01 16,4,381
2012/01/01 17,3,358
2012/01/01 18,3,262
2012/01/01 19,2,212
2012/01/01 20,4,92
2012/01/01 21,4,67
2012/01/01 22,3,38
2012/01/01 23,3,39
2012/01/02 00,3,35
2012/01/02 01,2,28
2012/01/02 02,2,28
2012/01/02 03,2,43
2012/01/02 04,1,46
2012/01/02 05,1,65
2012/01/02 06,1,77
2012/01/02 07,1,78
2012/01/02 08,1,70
2012/01/02 09,3,101
2012/01/02 10,3,96
2012/01/02 11,4,110
2012/01/02 12,4,136
2012/01/02 13,3,121
2012/01/02 14,2,119
2012/01/02 15,4,113
2012/01/02 16,5,118
2012/01/02 17,4,144
2012/01/02 18,4,160
2012/01/02 19,5,140
2012/01/02 20,4,60
2012/01/02 21,1,0
2012/01/02 22,4,5
2012/01/02 23,4,12
2012/01/03 00,3,8
2012/01/03 01,2,9
2012/01/03 02,2,27
2012/01/03 03,2,38
2012/01/03 04,1,0
2012/01/03 09,1,2
2012/01/03 10,1,4
2012/01/03 11,2,8
2012/01/03 12,3,17
2012/01/03 13,4,27
2012/01/03 14,5,33
2012/01/03 15,4,46
2012/01/03 16,5,29
2012/01/03 17,3,28
2012/01/03 18,2,31
2012/01/03 19,1,3
2012/01/03 20,3,8
2012/01/03 21,3,8
2012/01/03 23,1,1
2012/01/04 00,1,13
2012/01/04 01,1,39
2012/01/04 02,1,51
2012/01/04 03,1,44
2012/01/04 05,1,2
2012/01/04 06,1,1
2012/01/04 08,2,3
2012/01/04 09,1,47
2012/01/04 10,2,123
2012/01/04 11,2,131
2012/01/04 12,3,51
2012/01/04 13,1,1
2012/01/04 14,3,19
2012/01/04 15,3,21
2012/01/04 17,4,6
2012/01/04 18,5,24
2012/01/04 19,4,45
2012/01/04 20,4,54
2012/01/04 21,2,32
2012/01/04 22,2,37
2012/01/04 23,2,43
2012/01/05 00,1,29
2012/01/05 02,2,0
2012/01/05 03,2,3
2012/01/05 04,2,37
2012/01/05 05,3,62
2012/01/05 06,3,80
2012/01/05 07,2,111
2012/01/05 08,2,108
2012/01/05 09,3,75
2012/01/05 10,4,121
2012/01/05 11,2,129
2012/01/05 12,3,84
2012/01/05 13,4,165
2012/01/05 14,4,212
2012/01/05 15,4,243
2012/01/05 16,5,267
2012/01/05 17,4,300
2012/01/05 18,4,283
2012/01/05 19,2,240
2012/01/05 20,1,87
2012/01/05 21,1,64
2012/01/05 22,2,48
2012/01/05 23,1,42
2012/01/06 00,1,4
2012/01/06 01,1,6
2012/01/06 04,1,1
2012/01/06 05,1,2
2012/01/06 06,1,2
2012/01/06 09,1,0
2012/01/06 10,2,5
2012/01/06 11,3,9
2012/01/06 12,2,10
2012/01/06 13,2,11
2012/01/06 14,2,22
2012/01/06 15,4,47
2012/01/06 16,5,302
2012/01/06 17,7,364
2012/01/06 18,7,407
2012/01/06 19,6,369
2012/01/06 20,9,281
2012/01/06 21,4,131
2012/01/06 22,2,63
2012/01/06 23,1,1
2012/01/07 05,2,172
2012/01/07 06,3,207
2012/01/07 07,3,197
2012/01/07 08,2,164
2012/01/07 09,3,163
2012/01/07 10,3,220
2012/01/07 11,2,111
2012/01/07 12,4,160
2012/01/07 13,5,237
2012/01/07 14,6,239
2012/01/07 15,6,223
2012/01/07 16,6,374
2012/01/07 17,5,460
2012/01/07 18,5,454
2012/01/07 19,5,413
2012/01/07 20,3,187
2012/01/07 21,2,147
2012/01/07 22,2,142
2012/01/07 23,1,78
2012/01/08 00,1,73
2012/01/08 01,4,89
2012/01/08 02,4,67
2012/01/08 03,3,44
2012/01/08 04,2,45
2012/01/08 05,1,46
2012/01/08 06,1,42
2012/01/08 07,1,42
2012/01/08 08,2,44
2012/01/08 09,1,43
2012/01/08 10,3,103
2012/01/08 11,3,119
2012/01/08 12,4,86
2012/01/08 13,4,132
2012/01/08 14,4,38
2012/01/08 15,4,40
2012/01/08 16,4,109
2012/01/08 17,4,170
2012/01/08 18,4,185
2012/01/08 19,5,183
2012/01/08 20,5,151
2012/01/08 21,2,102
2012/01/08 22,1,2
2012/01/09 02,1,10
2012/01/09 03,2,20
2012/01/09 04,1,18
2012/01/09 05,1,26
2012/01/09 06,3,43
2012/01/09 07,2,23
2012/01/09 08,1,13
2012/01/09 09,1,15
2012/01/09 10,2,16
2012/01/09 11,1,1
2012/01/09 12,1,1
2012/01/09 13,1,2
2012/01/09 14,1,5
2012/01/09 15,1,5
