2011/09/30 22,48,1911
2011/09/30 23,55,1695
2011/10/01 00,55,1776
2011/10/01 01,59,1831
2011/10/01 02,55,2036
2011/10/01 03,61,1991
2011/10/01 04,56,1886
2011/10/01 05,44,2027
2011/10/01 06,45,2118
2011/10/01 07,41,2177
2011/10/01 08,39,1933
2011/10/01 09,41,2007
2011/10/01 10,37,1449
2011/10/01 11,49,1470
2011/10/01 12,47,1440
2011/10/01 13,44,1639
2011/10/01 14,36,1983
2011/10/01 15,42,2013
2011/10/01 16,39,3383
2011/10/01 17,43,3227
2011/10/01 18,51,3438
2011/10/01 19,59,3573
2011/10/01 20,65,2783
2011/10/01 21,71,3123
2011/10/01 22,71,2869
2011/10/01 23,60,3014
2011/10/02 00,50,2528
2011/10/02 01,58,1932
2011/10/02 02,57,2203
2011/10/02 03,49,2070
2011/10/02 04,49,2059
2011/10/02 05,38,2001
2011/10/02 06,39,1919
2011/10/02 07,43,2027
2011/10/02 08,41,2038
2011/10/02 09,42,2216
2011/10/02 10,40,2103
2011/10/02 11,37,1394
2011/10/02 12,38,1189
2011/10/02 13,40,1174
2011/10/02 14,44,1174
2011/10/02 15,54,1681
2011/10/02 16,62,2526
2011/10/02 17,71,2832
2011/10/02 18,84,2366
2011/10/02 19,90,2831
2011/10/02 20,84,4995
2011/10/02 21,69,3930
2011/10/02 22,58,3724
2011/10/02 23,64,3014
2011/10/03 00,66,3062
2011/10/03 01,62,2776
2011/10/03 02,65,3257
2011/10/03 03,55,2944
2011/10/03 04,49,2510
2011/10/03 05,51,2289
2011/10/03 06,40,2378
2011/10/03 07,29,2302
2011/10/03 08,23,1331
2011/10/03 09,25,1520
2011/10/03 10,26,1427
2011/10/03 11,28,1260
2011/10/03 12,29,1231
2011/10/03 13,38,1323
2011/10/03 14,40,1635
2011/10/03 15,45,1943
2011/10/03 16,65,2204
2011/10/03 17,72,2479
2011/10/03 18,79,3616
2011/10/03 19,79,4287
2011/10/03 20,72,3582
2011/10/03 21,69,3009
2011/10/03 22,50,2804
2011/10/03 23,46,2774
2011/10/04 00,50,2949
2011/10/04 01,65,3801
2011/10/04 02,70,4065
2011/10/04 03,62,3802
2011/10/04 04,51,2750
2011/10/04 05,43,2331
2011/10/04 06,37,2135
2011/10/04 07,26,1619
2011/10/04 08,23,1223
2011/10/04 09,17,927
2011/10/04 10,22,495
2011/10/04 11,21,495
2011/10/04 12,33,717
2011/10/04 13,32,1113
2011/10/04 14,33,1018
2011/10/04 15,40,1269
2011/10/04 16,41,2618
2011/10/04 17,57,3024
2011/10/04 18,68,3688
2011/10/04 19,74,3153
2011/10/04 20,79,3468
2011/10/04 21,61,2939
2011/10/04 22,63,3059
2011/10/04 23,70,3605
2011/10/05 00,91,3651
2011/10/05 01,100,3810
2011/10/05 02,91,3427
2011/10/05 03,86,3210
2011/10/05 04,63,2924
2011/10/05 05,51,2241
2011/10/05 06,36,2144
2011/10/05 07,37,1949
2011/10/05 08,30,2031
2011/10/05 09,22,1078
2011/10/05 10,21,709
2011/10/05 11,24,772
2011/10/05 12,28,978
2011/10/05 13,43,921
2011/10/05 14,46,1579
2011/10/05 15,49,1579
2011/10/05 16,79,1863
2011/10/05 17,91,3110
2011/10/05 18,92,2695
2011/10/05 19,97,3042
2011/10/05 20,93,3147
2011/10/05 21,68,2894
2011/10/05 22,73,3137
2011/10/05 23,78,3880
2011/10/06 00,94,4054
2011/10/06 01,107,2491
2011/10/06 02,82,2815
2011/10/06 03,66,2743
2011/10/06 04,49,1939
2011/10/06 05,38,1749
2011/10/06 06,35,1782
2011/10/06 07,32,1813
2011/10/06 08,24,1330
2011/10/06 09,18,800
2011/10/06 10,16,388
2011/10/06 11,26,790
2011/10/06 12,34,975
2011/10/06 13,45,1298
2011/10/06 14,52,1740
2011/10/06 15,67,1946
2011/10/06 16,76,1931
2011/10/06 17,76,1901
2011/10/06 18,85,2354
2011/10/06 19,81,2261
2011/10/06 20,59,2701
2011/10/06 21,54,3502
2011/10/06 22,64,2463
2011/10/06 23,82,3511
2011/10/07 00,75,3473
2011/10/07 01,70,2956
2011/10/07 02,59,3822
2011/10/07 03,52,3919
2011/10/07 04,45,3152
2011/10/07 05,33,1919
2011/10/07 06,33,1968
2011/10/07 07,34,1616
2011/10/07 08,36,1514
2011/10/07 09,31,903
2011/10/07 10,40,1051
2011/10/07 11,39,1241
2011/10/07 12,37,1180
2011/10/07 13,47,1420
2011/10/07 14,53,1767
2011/10/07 15,63,1919
2011/10/07 16,67,2443
2011/10/07 17,72,2560
2011/10/07 18,65,2973
2011/10/07 19,66,2985
2011/10/07 20,71,3411
2011/10/07 21,67,2361
2011/10/07 22,63,2416
2011/10/07 23,66,2449
2011/10/08 00,62,2339
2011/10/08 01,57,2312
2011/10/08 02,46,2254
2011/10/08 03,49,2697
2011/10/08 04,44,2176
2011/10/08 05,35,1696
2011/10/08 06,40,1624
2011/10/08 07,40,991
2011/10/08 08,44,1108
2011/10/08 09,41,1480
2011/10/08 10,49,1634
2011/10/08 11,45,1739
2011/10/08 12,55,1893
2011/10/08 13,54,1983
2011/10/08 14,62,1897
2011/10/08 15,72,2237
2011/10/08 16,75,2512
2011/10/08 17,69,2815
2011/10/08 18,55,2271
2011/10/08 19,68,2495
2011/10/08 20,76,2499
2011/10/08 21,82,3191
2011/10/08 22,65,2896
2011/10/08 23,62,2739
2011/10/09 00,59,3012
2011/10/09 01,59,3187
2011/10/09 02,49,2125
2011/10/09 03,41,1898
2011/10/09 04,41,2159
2011/10/09 05,41,1772
2011/10/09 06,46,1987
2011/10/09 07,47,1564
2011/10/09 08,45,1478
2011/10/09 09,47,1793
2011/10/09 10,43,2003
2011/10/09 11,55,1556
2011/10/09 12,58,1787
2011/10/09 13,71,1589
2011/10/09 14,90,1727
2011/10/09 15,91,1831
2011/10/09 16,96,2612
2011/10/09 17,85,3051
2011/10/09 18,81,3061
2011/10/09 19,64,2805
2011/10/09 20,70,2872
2011/10/09 21,68,2420
2011/10/09 22,68,2553
2011/10/09 23,61,2824
2011/10/10 00,56,2564
2011/10/10 01,45,1741
2011/10/10 02,41,2016
2011/10/10 03,39,2346
2011/10/10 04,35,2461
2011/10/10 05,39,2375
2011/10/10 06,42,1685
2011/10/10 07,29,889
2011/10/10 08,37,873
2011/10/10 09,43,1176
2011/10/10 10,53,1518
2011/10/10 11,52,2009
2011/10/10 12,61,2667
2011/10/10 13,86,2093
2011/10/10 14,96,2624
2011/10/10 15,103,3249
2011/10/10 16,94,3198
2011/10/10 17,67,3116
2011/10/10 21,62,2491
2011/10/10 22,72,2844
2011/10/10 23,75,2337
2011/10/11 00,76,3104
2011/10/11 01,75,3201
2011/10/11 02,76,3200
2011/10/11 03,70,3230
2011/10/11 04,64,3039
2011/10/11 05,52,2765
2011/10/11 06,40,2394
2011/10/11 07,32,1563
2011/10/11 08,35,1355
2011/10/11 09,24,563
2011/10/11 10,16,623
2011/10/11 11,19,915
2011/10/11 12,26,1144
2011/10/11 13,35,1003
2011/10/11 14,42,1585
2011/10/11 15,38,1347
2011/10/11 16,46,1936
2011/10/11 17,57,2241
2011/10/11 18,67,2468
2011/10/11 19,65,2895
2011/10/11 20,71,2507
2011/10/11 21,68,2613
2011/10/11 22,70,2964
2011/10/11 23,79,3709
2011/10/12 00,97,3908
2011/10/12 01,107,4114
2011/10/12 02,102,3643
2011/10/12 03,108,3470
2011/10/12 04,88,3005
2011/10/12 05,57,2238
2011/10/12 06,38,1997
2011/10/12 07,38,1667
2011/10/12 08,38,1675
2011/10/12 09,26,1056
2011/10/12 10,31,1089
2011/10/12 11,30,1164
2011/10/12 12,37,1252
2011/10/12 13,42,1228
2011/10/12 14,49,1341
2011/10/12 15,52,1418
2011/10/12 16,71,1438
2011/10/12 17,107,1829
2011/10/12 18,112,3444
2011/10/12 19,110,3328
2011/10/12 20,104,2743
2011/10/12 21,92,2774
2011/10/12 22,67,2200
2011/10/12 23,77,2785
2011/10/13 00,95,3467
2011/10/13 01,100,3942
2011/10/13 02,95,3529
2011/10/13 03,89,3137
2011/10/13 04,63,2215
2011/10/13 05,63,2482
2011/10/13 06,51,2523
2011/10/13 07,44,2214
2011/10/13 08,26,1894
2011/10/13 09,23,793
2011/10/13 10,31,877
2011/10/13 11,42,1041
2011/10/13 12,44,1292
2011/10/13 13,46,1406
2011/10/13 14,50,2001
2011/10/13 15,58,2208
2011/10/13 16,74,2387
2011/10/13 17,83,1851
2011/10/13 18,90,2032
2011/10/13 19,86,2361
2011/10/13 20,95,2382
2011/10/13 21,80,2716
2011/10/13 22,69,2674
2011/10/13 23,67,2771
2011/10/14 00,79,2854
2011/10/14 01,86,4245
2011/10/14 02,84,4546
2011/10/14 03,79,2936
2011/10/14 04,73,3048
2011/10/14 05,54,2886
2011/10/14 06,48,2305
2011/10/14 07,47,2201
2011/10/14 08,39,1779
2011/10/14 09,29,1099
2011/10/14 10,33,729
2011/10/14 11,38,876
2011/10/14 12,45,747
2011/10/14 13,47,845
2011/10/14 14,51,1024
2011/10/14 15,48,1219
2011/10/14 16,49,1606
2011/10/14 17,64,1715
2011/10/14 18,74,1718
2011/10/14 19,72,2228
2011/10/14 20,72,2009
2011/10/14 21,92,3534
2011/10/14 22,83,12757
2011/10/14 23,76,12045
2011/10/15 00,58,7897
2011/10/15 01,65,3827
2011/10/15 02,76,2959
2011/10/15 03,77,3063
2011/10/15 04,67,2346
2011/10/15 05,55,2120
2011/10/15 06,57,1926
2011/10/15 07,48,1874
2011/10/15 08,34,1618
2011/10/15 09,35,1508
2011/10/15 10,43,1505
2011/10/15 11,47,1419
2011/10/15 12,42,1719
2011/10/15 13,49,1826
2011/10/15 14,57,1571
2011/10/15 15,51,1732
2011/10/15 16,58,1634
2011/10/15 17,67,2301
2011/10/15 18,81,2978
2011/10/15 19,88,3668
2011/10/15 20,90,3318
2011/10/15 21,92,3074
2011/10/15 22,88,3099
2011/10/15 23,80,3690
2011/10/16 00,73,2855
2011/10/16 01,79,3069
2011/10/16 02,71,2932
2011/10/16 03,72,3158
2011/10/16 04,70,3426
2011/10/16 05,54,2747
2011/10/16 06,51,2673
2011/10/16 07,44,2452
2011/10/16 08,44,2683
2011/10/16 09,41,1535
2011/10/16 10,34,1278
2011/10/16 11,47,796
2011/10/16 12,41,915
2011/10/16 13,45,988
2011/10/16 14,53,1739
2011/10/16 15,53,3003
2011/10/16 16,54,3495
2011/10/16 17,73,4942
2011/10/16 18,85,5295
2011/10/16 19,88,4642
2011/10/16 20,93,4804
2011/10/16 21,77,4803
2011/10/16 22,60,2785
2011/10/16 23,58,2703
2011/10/17 00,71,3312
2011/10/17 01,82,3711
2011/10/17 02,74,2292
2011/10/17 03,71,2390
2011/10/17 04,57,2640
2011/10/17 05,45,2534
2011/10/17 06,38,2627
2011/10/17 07,35,2668
2011/10/17 08,32,2251
2011/10/17 09,28,535
2011/10/17 10,30,497
2011/10/17 11,30,498
2011/10/17 12,32,706
2011/10/17 13,38,1014
2011/10/17 14,51,1313
2011/10/17 15,48,1430
2011/10/17 16,61,1842
2011/10/17 17,88,2625
2011/10/17 18,104,2939
2011/10/17 19,103,4132
2011/10/17 20,95,5071
2011/10/17 21,118,8200
2011/10/17 22,118,11207
2011/10/17 23,110,9630
2011/10/18 00,122,12044
2011/10/18 01,123,6603
2011/10/18 02,103,5315
2011/10/18 03,76,3235
2011/10/18 04,67,2814
2011/10/18 05,50,2499
2011/10/18 06,43,2090
2011/10/18 07,31,675
2011/10/18 08,30,442
2011/10/18 09,26,509
2011/10/18 10,27,470
2011/10/18 11,33,560
2011/10/18 12,32,750
2011/10/18 13,41,860
2011/10/18 14,43,1006
2011/10/18 15,52,1386
2011/10/18 16,66,2767
2011/10/18 17,106,7809
2011/10/18 18,106,13286
2011/10/18 19,102,13798
2011/10/18 20,104,13300
2011/10/18 21,100,11782
2011/10/18 22,103,12927
2011/10/18 23,101,13819
2011/10/19 00,82,7821
2011/10/19 01,98,3021
2011/10/19 02,96,3423
2011/10/19 03,93,3484
2011/10/19 04,77,3013
2011/10/19 05,54,2563
2011/10/19 06,46,1854
2011/10/19 07,39,1260
2011/10/19 08,32,503
2011/10/19 09,26,465
2011/10/19 10,28,805
2011/10/19 11,36,649
2011/10/19 12,45,734
2011/10/19 13,40,992
2011/10/19 14,40,1323
2011/10/19 15,47,1205
2011/10/19 16,76,2051
2011/10/19 17,100,2081
2011/10/19 18,120,2436
2011/10/19 19,114,2327
2011/10/19 20,115,2589
2011/10/19 21,109,3389
2011/10/19 22,81,3728
2011/10/19 23,88,3612
2011/10/20 00,86,2884
2011/10/20 01,90,2188
2011/10/20 02,88,2282
2011/10/20 03,76,2325
2011/10/20 04,58,1649
2011/10/20 05,52,1772
2011/10/20 06,41,1530
2011/10/20 07,40,976
2011/10/20 08,34,573
2011/10/20 09,39,648
2011/10/20 10,33,602
2011/10/20 11,36,498
2011/10/20 12,37,600
2011/10/20 13,38,660
2011/10/20 14,43,747
2011/10/20 15,50,605
2011/10/20 16,67,1053
2011/10/20 17,102,2015
2011/10/20 18,110,2374
2011/10/20 19,103,2571
2011/10/20 20,120,3284
2011/10/20 21,112,3853
2011/10/20 22,100,3710
2011/10/20 23,92,3672
2011/10/21 00,93,5848
2011/10/21 01,85,6233
2011/10/21 02,82,5851
2011/10/21 03,65,4998
2011/10/21 04,59,4773
2011/10/21 05,51,4749
2011/10/21 06,41,1574
2011/10/21 07,38,2022
2011/10/21 08,36,1210
2011/10/21 09,37,1071
2011/10/21 10,37,529
2011/10/21 11,34,676
2011/10/21 12,46,997
2011/10/21 13,47,1125
2011/10/21 14,53,1355
2011/10/21 15,65,1290
2011/10/21 16,66,2003
2011/10/21 17,84,3786
2011/10/21 18,86,9158
2011/10/21 19,90,11739
2011/10/21 20,84,6653
2011/10/21 21,86,9651
2011/10/21 22,82,4899
2011/10/21 23,69,2782
2011/10/22 00,65,2294
2011/10/22 01,64,1710
2011/10/22 02,57,1350
2011/10/22 03,54,1886
2011/10/22 04,60,1982
2011/10/22 05,59,1895
2011/10/22 06,48,1395
2011/10/22 07,39,810
2011/10/22 08,40,955
2011/10/22 09,42,1292
2011/10/22 10,42,883
2011/10/22 11,38,718
2011/10/22 12,41,865
2011/10/22 13,39,1191
2011/10/22 14,40,1132
2011/10/22 15,50,1438
2011/10/22 16,63,2717
2011/10/22 17,71,29605
2011/10/22 18,80,31659
2011/10/22 19,77,7012
2011/10/22 20,71,5681
2011/10/22 21,70,4798
2011/10/22 22,75,4459
2011/10/22 23,63,2420
2011/10/23 00,58,1887
2011/10/23 01,57,2357
2011/10/23 02,56,1883
2011/10/23 03,53,1831
2011/10/23 04,59,1718
2011/10/23 05,61,1633
2011/10/23 06,42,994
2011/10/23 07,40,987
2011/10/23 08,36,675
2011/10/23 09,42,839
2011/10/23 10,43,722
2011/10/23 11,47,731
2011/10/23 12,47,932
2011/10/23 13,50,1137
2011/10/23 14,63,1166
2011/10/23 15,54,1523
2011/10/23 16,62,1686
2011/10/23 17,81,2010
2011/10/23 18,100,2059
2011/10/23 19,89,2780
2011/10/23 20,88,3601
2011/10/23 21,78,3754
2011/10/23 22,66,3485
2011/10/23 23,64,3385
2011/10/24 00,64,3711
2011/10/24 01,72,3048
2011/10/24 02,71,3210
2011/10/24 03,64,3126
2011/10/24 04,53,2495
2011/10/24 05,46,2692
2011/10/24 06,38,2364
2011/10/24 07,37,1680
2011/10/24 08,37,1803
2011/10/24 09,29,856
2011/10/24 10,37,467
2011/10/24 11,38,531
2011/10/24 12,38,710
2011/10/24 13,39,716
2011/10/24 14,48,1195
2011/10/24 15,52,1511
2011/10/24 16,69,1840
2011/10/24 17,89,2188
2011/10/24 18,95,2568
2011/10/24 19,95,3066
2011/10/24 20,102,3657
2011/10/24 21,81,3115
2011/10/24 22,73,3147
2011/10/24 23,74,3384
2011/10/25 00,84,3386
2011/10/25 01,74,3374
2011/10/25 02,80,3285
2011/10/25 03,77,3229
2011/10/25 04,76,2905
2011/10/25 05,55,2467
2011/10/25 06,51,2226
2011/10/25 07,45,552
2011/10/25 08,40,536
2011/10/25 09,36,646
2011/10/25 10,32,624
2011/10/25 11,37,882
2011/10/25 12,44,1039
2011/10/25 13,49,650
2011/10/25 14,57,954
2011/10/25 15,54,1132
2011/10/25 16,58,1300
2011/10/25 17,73,1839
2011/10/25 18,80,2120
2011/10/25 19,84,2390
2011/10/25 20,90,2965
2011/10/25 21,73,3196
2011/10/25 22,72,3249
2011/10/25 23,83,3393
2011/10/26 00,115,3353
2011/10/26 01,127,3589
2011/10/26 02,114,3510
2011/10/26 03,113,3056
2011/10/26 04,101,2866
2011/10/26 05,71,2643
2011/10/26 06,62,2468
2011/10/26 07,56,2621
2011/10/26 08,48,2259
2011/10/26 09,45,1822
2011/10/26 10,39,893
2011/10/26 11,41,950
2011/10/26 12,38,857
2011/10/26 13,45,955
2011/10/26 14,52,1339
2011/10/26 15,64,1863
2011/10/26 16,70,2149
2011/10/26 17,105,2933
2011/10/26 18,124,3443
2011/10/26 19,125,3953
2011/10/26 20,143,5571
2011/10/26 21,136,5585
2011/10/26 22,122,5257
2011/10/26 23,107,5439
2011/10/27 00,101,4237
2011/10/27 01,114,4329
2011/10/27 02,111,4697
2011/10/27 03,100,3582
2011/10/27 04,85,3078
2011/10/27 05,65,2529
2011/10/27 06,60,2829
2011/10/27 07,43,2758
2011/10/27 08,36,1605
2011/10/27 09,27,1258
2011/10/27 10,31,592
2011/10/27 11,28,602
2011/10/27 12,30,824
2011/10/27 13,45,1008
2011/10/27 14,57,1426
2011/10/27 15,63,1776
2011/10/27 16,68,2276
2011/10/27 17,87,2096
2011/10/27 18,110,3209
2011/10/27 19,123,3668
2011/10/27 20,108,4198
2011/10/27 21,103,4451
2011/10/27 22,90,5625
2011/10/27 23,78,5735
2011/10/28 00,97,6379
2011/10/28 01,115,6009
2011/10/28 02,109,5869
2011/10/28 03,93,5406
2011/10/28 04,78,3490
2011/10/28 05,60,3093
2011/10/28 06,54,2179
2011/10/28 07,43,1652
2011/10/28 08,37,1771
2011/10/28 09,40,1672
2011/10/28 10,43,1300
2011/10/28 11,38,864
2011/10/28 12,34,658
2011/10/28 13,42,827
2011/10/28 14,52,855
2011/10/28 15,59,1229
2011/10/28 16,51,1662
2011/10/28 17,75,2011
2011/10/28 18,75,2165
2011/10/28 19,75,2579
2011/10/28 20,88,3612
2011/10/28 21,96,4686
2011/10/28 22,97,4836
2011/10/28 23,77,3986
2011/10/29 00,77,3394
2011/10/29 01,85,3088
2011/10/29 02,84,3447
2011/10/29 03,72,3677
2011/10/29 04,72,2998
2011/10/29 05,60,2451
2011/10/29 06,54,2528
2011/10/29 07,51,2152
2011/10/29 08,52,2145
2011/10/29 09,48,2009
2011/10/29 10,47,1779
2011/10/29 11,42,2019
2011/10/29 12,42,2076
2011/10/29 13,39,1565
2011/10/29 14,38,1656
2011/10/29 15,45,1535
2011/10/29 16,68,2072
2011/10/29 17,72,2228
2011/10/29 18,81,2106
2011/10/29 19,79,1935
2011/10/29 20,88,2702
2011/10/29 21,75,2995
2011/10/29 22,83,3054
2011/10/29 23,81,3247
2011/10/30 00,72,2961
2011/10/30 01,82,3591
2011/10/30 02,83,3777
2011/10/30 03,70,2163
2011/10/30 04,62,2826
2011/10/30 05,55,2627
2011/10/30 06,59,2679
2011/10/30 07,51,2235
2011/10/30 08,52,2733
2011/10/30 09,50,2750
2011/10/30 10,42,2929
2011/10/30 11,41,2627
2011/10/30 12,46,1408
2011/10/30 13,48,1509
2011/10/30 14,57,1780
2011/10/30 15,57,1665
2011/10/30 16,61,1871
2011/10/30 17,73,2327
2011/10/30 18,85,3302
2011/10/30 19,114,3529
2011/10/30 20,98,3312
2011/10/30 21,100,3693
2011/10/30 22,91,3723
2011/10/30 23,82,3807
2011/10/31 00,92,4249
2011/10/31 01,90,3882
2011/10/31 02,95,4159
2011/10/31 03,79,4018
2011/10/31 04,63,3634
2011/10/31 05,57,2750
2011/10/31 06,44,2422
2011/10/31 07,37,2263
2011/10/31 08,28,1898
2011/10/31 09,31,1348
2011/10/31 10,35,1475
2011/10/31 11,29,1311
2011/10/31 12,28,1603
2011/10/31 13,44,1634
2011/10/31 14,53,1722
2011/10/31 15,44,2067
2011/10/31 16,56,2329
2011/10/31 17,69,2415
2011/10/31 18,77,2818
2011/10/31 19,81,3221
2011/10/31 20,97,4112
2011/10/31 21,87,4195
2011/10/31 22,90,6358
2011/10/31 23,93,6676
2011/11/01 00,83,5553
2011/11/01 01,89,5231
2011/11/01 02,95,5146
2011/11/01 03,86,4344
2011/11/01 04,65,3388
2011/11/01 05,47,2614
2011/11/01 06,41,2010
2011/11/01 07,38,2039
2011/11/01 08,24,1737
2011/11/01 09,20,587
2011/11/01 10,22,692
2011/11/01 11,34,771
2011/11/01 12,37,1048
2011/11/01 13,38,1235
2011/11/01 14,43,1154
2011/11/01 15,45,1215
2011/11/01 16,50,1618
2011/11/03 15,54,1435
2011/11/03 16,81,1884
2011/11/03 17,83,2348
2011/11/03 18,101,3295
2011/11/03 19,115,3571
2011/11/03 20,110,4550
2011/11/03 21,112,4728
2011/11/03 22,98,4733
2011/11/03 23,102,5231
2011/11/04 00,106,5016
2011/11/04 01,121,4413
2011/11/04 02,111,4752
2011/11/04 03,113,5178
2011/11/04 04,84,5043
2011/11/04 05,70,3136
2011/11/04 06,66,2729
2011/11/04 07,45,2241
2011/11/04 08,34,2044
2011/11/04 09,38,1592
2011/11/04 10,37,968
2011/11/04 11,48,666
2011/11/04 12,57,752
2011/11/04 13,60,924
2011/11/04 14,60,970
2011/11/04 15,67,1190
2011/11/04 16,70,1606
2011/11/04 17,80,2108
2011/11/04 18,85,2319
2011/11/04 19,84,2698
2011/11/04 20,94,2598
2011/11/04 21,85,2673
2011/11/04 22,87,2694
2011/11/04 23,85,3039
2011/11/05 00,90,3216
2011/11/05 01,86,3522
2011/11/05 02,97,3892
2011/11/05 03,93,3588
2011/11/05 04,98,3235
2011/11/05 05,83,3047
2011/11/05 06,61,2479
2011/11/05 07,59,2334
2011/11/05 08,48,1397
2011/11/05 09,39,930
2011/11/05 10,36,1191
2011/11/05 11,25,1379
2011/11/05 12,37,1099
2011/11/05 13,41,1229
2011/11/05 14,42,1342
2011/11/05 15,54,1518
2011/11/05 16,69,1882
2011/11/05 17,76,2579
2011/11/05 18,82,2963
2011/11/05 19,84,3351
2011/11/05 20,89,3551
2011/11/05 21,98,3139
2011/11/05 22,94,3454
2011/11/05 23,101,3706
2011/11/06 00,100,3586
2011/11/06 01,100,3637
2011/11/06 02,103,4111
2011/11/06 03,96,3748
2011/11/06 04,93,3588
2011/11/06 05,78,3424
2011/11/06 06,76,3095
2011/11/06 07,62,2846
2011/11/06 08,51,2406
2011/11/06 09,38,2450
2011/11/06 10,34,2058
2011/11/06 11,32,1411
2011/11/06 12,32,1598
2011/11/06 13,38,638
2011/11/06 14,57,925
2011/11/06 15,63,1247
2011/11/06 16,78,1627
2011/11/06 17,82,1915
2011/11/06 18,85,2984
2011/11/06 19,93,3068
2011/11/06 20,92,2375
2011/11/06 21,107,2802
2011/11/06 22,105,3279
2011/11/06 23,86,3655
2011/11/07 00,80,4074
2011/11/07 01,79,3542
2011/11/07 02,98,4073
2011/11/07 03,104,4013
2011/11/07 04,94,3925
2011/11/07 05,92,3907
2011/11/07 06,83,3913
2011/11/07 07,57,3533
2011/11/07 08,55,2716
2011/11/07 09,43,2425
2011/11/07 10,43,2540
2011/11/07 11,36,2216
2011/11/07 12,33,1347
2011/11/07 13,47,867
2011/11/07 14,45,963
2011/11/07 15,47,901
2011/11/07 16,61,1285
2011/11/07 17,67,1791
2011/11/07 18,63,1795
2011/11/07 19,75,2429
2011/11/07 20,110,2596
2011/11/07 21,113,2989
2011/11/07 22,94,3264
2011/11/07 23,100,3289
2011/11/08 00,89,2650
2011/11/08 01,97,2901
2011/11/08 02,96,4375
2011/11/08 03,99,4829
2011/11/08 04,82,4172
2011/11/08 05,69,3374
2011/11/08 06,65,3340
2011/11/08 07,52,3114
2011/11/08 08,47,2859
2011/11/08 09,41,2626
2011/11/08 10,36,2339
2011/11/08 11,39,1210
2011/11/08 12,34,1774
2011/11/08 13,25,1150
2011/11/08 14,23,1002
2011/11/08 15,32,645
2011/11/08 16,40,1435
2011/11/08 17,44,1683
2011/11/08 18,63,2135
2011/11/08 19,63,2039
2011/11/08 20,90,2325
2011/11/08 21,110,3020
2011/11/08 22,108,3307
2011/11/08 23,99,3433
2011/11/09 00,89,2865
2011/11/09 01,91,2758
2011/11/09 02,113,4068
2011/11/09 03,142,4621
2011/11/09 04,105,4395
2011/11/09 05,129,5143
2011/11/09 06,115,4546
2011/11/09 07,90,3328
2011/11/09 08,72,2670
2011/11/09 09,59,2654
2011/11/09 10,50,2369
2011/11/09 11,47,1871
2011/11/09 12,42,746
2011/11/09 13,37,1141
2011/11/09 14,36,1091
2011/11/09 15,41,757
2011/11/09 16,47,1006
2011/11/09 17,55,1095
2011/11/09 18,67,1578
2011/11/09 19,81,1794
2011/11/09 20,92,2479
2011/11/09 21,116,3474
2011/11/09 22,108,4068
2011/11/09 23,112,4373
2011/11/10 00,108,3602
2011/11/10 01,97,3256
2011/11/10 02,105,3660
2011/11/10 03,109,3342
2011/11/10 04,122,3615
2011/11/10 05,113,3627
2011/11/10 06,106,3755
2011/11/10 07,80,3138
2011/11/10 08,64,2215
2011/11/10 09,58,2036
2011/11/10 10,44,2416
2011/11/10 11,38,1549
2011/11/10 12,35,1374
2011/11/10 13,38,999
2011/11/10 14,34,902
2011/11/10 15,35,798
2011/11/10 16,42,1068
2011/11/10 17,52,1162
2011/11/10 18,65,1740
2011/11/10 19,62,2276
2011/11/10 20,85,1825
2011/11/10 21,79,2127
2011/11/10 22,85,1893
2011/11/10 23,85,2468
2011/11/11 00,82,2615
2011/11/11 01,74,3779
2011/11/11 02,62,3055
2011/11/11 03,76,2646
2011/11/11 04,85,2571
2011/11/11 05,100,3050
2011/11/11 06,95,4522
2011/11/11 07,89,5834
2011/11/11 08,64,3092
2011/11/11 09,54,2487
2011/11/11 10,45,2317
2011/11/11 11,40,1952
2011/11/11 12,37,1246
2011/11/11 13,43,1384
2011/11/11 14,43,959
2011/11/11 15,39,1136
2011/11/11 16,45,1279
2011/11/11 17,46,1522
2011/11/11 18,109,2527
2011/11/11 19,80,1128
2011/11/11 20,83,2324
2011/11/11 21,87,2691
2011/11/11 22,97,3040
2011/11/11 23,87,3609
2011/11/12 00,82,3402
2011/11/12 01,93,3535
2011/11/12 02,88,3072
2011/11/12 03,69,3113
2011/11/12 04,65,3353
2011/11/12 05,58,3237
2011/11/12 06,57,2868
2011/11/12 07,47,2361
2011/11/12 08,40,2418
2011/11/12 09,36,2318
2011/11/12 10,35,2190
2011/11/12 11,32,2216
2011/11/12 12,37,2126
2011/11/12 13,48,2224
2011/11/12 14,45,1769
2011/11/12 15,43,1998
2011/11/12 16,46,2156
2011/11/12 17,58,2498
2011/11/12 18,70,2711
2011/11/12 19,77,3698
2011/11/12 20,80,3509
2011/11/12 21,88,2379
2011/11/12 22,83,2262
2011/11/12 23,75,2272
2011/11/13 00,81,2827
2011/11/13 01,83,2977
2011/11/13 02,73,3072
2011/11/13 03,65,3080
2011/11/13 04,60,2404
2011/11/13 05,52,2852
2011/11/13 06,61,2836
2011/11/13 07,61,2574
2011/11/13 08,56,2475
2011/11/13 12,31,1090
2011/11/13 13,38,1205
2011/11/13 14,42,1244
2011/11/13 15,57,1112
2011/11/13 16,58,1444
2011/11/13 17,75,1583
2011/11/13 18,86,1935
2011/11/13 19,96,1923
2011/11/13 20,96,2190
2011/11/13 21,93,2357
2011/11/13 22,85,3762
2011/11/13 23,74,3036
2011/11/14 00,67,2997
2011/11/14 01,72,3667
2011/11/14 02,73,3217
2011/11/14 03,69,3340
2011/11/14 04,83,3525
2011/11/14 05,71,3593
2011/11/14 06,55,3068
2011/11/14 07,46,2342
2011/11/14 08,36,2261
2011/11/14 09,34,1839
2011/11/14 10,29,1632
2011/11/14 11,24,1023
2011/11/14 12,29,1038
2011/11/14 13,34,653
2011/11/14 14,33,835
2011/11/14 15,35,1376
2011/11/14 16,47,1415
2011/11/14 17,49,1498
2011/11/14 18,67,1588
2011/11/14 19,74,2120
2011/11/14 20,85,2024
2011/11/14 21,71,3075
2011/11/14 22,64,3619
2011/11/14 23,58,3887
2011/11/15 00,57,3560
2011/11/15 01,73,3366
2011/11/15 02,77,3872
2011/11/15 03,79,2582
2011/11/15 04,73,2047
2011/11/15 05,56,3286
2011/11/15 06,38,2288
2011/11/15 07,35,1850
2011/11/15 08,35,1621
2011/11/15 09,29,1468
2011/11/15 10,27,785
2011/11/15 11,35,759
2011/11/15 12,37,784
2011/11/15 13,36,940
2011/11/15 14,39,1326
2011/11/15 15,41,1438
2011/11/15 16,54,1863
2011/11/15 17,51,2028
2011/11/15 18,60,2238
2011/11/15 19,67,1953
2011/11/15 20,62,2181
2011/11/15 21,66,2978
2011/11/15 22,72,3320
2011/11/15 23,75,3885
2011/11/16 00,74,3176
2011/11/16 01,99,3098
2011/11/16 02,114,3305
2011/11/16 03,119,3084
2011/11/16 04,105,2961
2011/11/16 05,79,2524
2011/11/16 06,64,2082
2011/11/16 07,51,2228
2011/11/16 08,41,2013
2011/11/16 09,31,1789
2011/11/16 10,31,1498
2011/11/16 11,31,1113
2011/11/16 12,37,1263
2011/11/16 13,41,1040
2011/11/16 14,45,1169
2011/11/16 15,38,1344
2011/11/16 16,57,1916
2011/11/16 17,67,2060
2011/11/16 18,86,2146
2011/11/16 19,96,2012
2011/11/16 20,100,2870
2011/11/16 21,95,2980
2011/11/16 22,88,2913
2011/11/16 23,71,2766
2011/11/17 00,78,2958
2011/11/17 01,96,3661
2011/11/17 02,106,3957
2011/11/17 03,101,3623
2011/11/17 04,89,4259
2011/11/17 05,75,3970
2011/11/17 06,55,2777
2011/11/17 07,46,2311
2011/11/17 08,36,2016
2011/11/17 09,30,2217
2011/11/17 10,32,1885
2011/11/17 11,39,1339
2011/11/17 12,41,1431
2011/11/17 13,46,1412
2011/11/17 14,45,1355
2011/11/17 15,41,1443
2011/11/17 16,49,1723
2011/11/17 17,52,2853
2011/11/17 18,76,2943
2011/11/17 19,95,3488
2011/11/17 20,102,3927
2011/11/17 21,101,4839
2011/11/17 22,83,4758
2011/11/17 23,78,3338
2011/11/18 00,81,3536
2011/11/18 01,82,2838
2011/11/18 02,100,3159
2011/11/18 03,97,3016
2011/11/18 04,89,2811
2011/11/18 05,87,2442
2011/11/18 06,74,2089
2011/11/18 07,66,2199
2011/11/18 08,52,2063
2011/11/18 09,39,1836
2011/11/18 10,35,1603
2011/11/18 11,35,1105
2011/11/18 12,34,1317
2011/11/18 13,47,1216
2011/11/18 14,51,1383
2011/11/18 15,59,1359
2011/11/18 16,59,1851
2011/11/18 17,59,2175
2011/11/18 18,62,1905
2011/11/18 19,76,2225
2011/11/18 20,75,2717
2011/11/18 21,85,3699
2011/11/18 22,84,4703
2011/11/18 23,86,4436
2011/11/19 00,85,4609
2011/11/19 01,67,4294
2011/11/19 02,69,4490
2011/11/19 03,78,4622
2011/11/19 04,76,4365
2011/11/19 05,69,3790
2011/11/19 06,60,3561
2011/11/19 07,48,3350
2011/11/19 08,41,3565
2011/11/19 09,45,3823
2011/11/19 10,42,2137
2011/11/19 11,36,694
2011/11/19 12,38,957
2011/11/19 13,52,1642
2011/11/19 14,57,1857
2011/11/19 15,51,2097
2011/11/19 16,58,2290
2011/11/19 17,63,1804
2011/11/19 18,59,2690
2011/11/19 19,74,3513
2011/11/19 20,86,3761
2011/11/19 21,94,4028
2011/11/19 22,90,1901
2011/11/19 23,82,1827
2011/11/20 00,75,1884
2011/11/20 01,85,2165
2011/11/20 02,76,1786
2011/11/20 03,76,2093
2011/11/20 04,75,4595
2011/11/20 05,82,4725
2011/11/20 06,67,4794
2011/11/20 07,66,3946
2011/11/20 08,57,4381
2011/11/20 09,45,2797
2011/11/20 10,44,1703
2011/11/20 11,41,1433
2011/11/20 12,43,1440
2011/11/20 13,58,1330
2011/11/20 14,62,1677
2011/11/20 15,55,2126
2011/11/20 16,55,1704
2011/11/20 17,64,1884
2011/11/20 18,75,3278
2011/11/20 19,92,3874
2011/11/20 20,96,4475
2011/11/20 21,96,4660
2011/11/20 22,90,4584
2011/11/20 23,72,4481
2011/11/21 00,66,4665
2011/11/21 01,71,3775
2011/11/21 02,77,4067
2011/11/21 03,75,4478
2011/11/21 04,78,4340
2011/11/21 05,67,4303
2011/11/21 06,59,4532
2011/11/21 07,46,4370
2011/11/21 08,33,3363
2011/11/21 09,38,2903
2011/11/21 10,38,2875
2011/11/21 11,30,1275
2011/11/21 12,33,1166
2011/11/21 13,38,1083
2011/11/21 14,42,1560
2011/11/21 15,57,1561
2011/11/21 16,62,1458
2011/11/21 17,61,1940
2011/11/21 18,70,2651
2011/11/21 19,86,4257
2011/11/21 20,96,4915
2011/11/21 21,93,4529
2011/11/21 22,89,3859
2011/11/21 23,69,4196
2011/11/22 00,73,4297
2011/11/22 01,86,4476
2011/11/22 02,73,4232
2011/11/22 03,84,4437
2011/11/22 04,86,4446
2011/11/22 05,73,4068
2011/11/22 06,59,3533
2011/11/22 07,57,3393
2011/11/22 08,41,2787
2011/11/22 09,35,2439
2011/11/22 10,39,934
2011/11/22 11,38,1106
2011/11/22 12,40,1298
2011/11/22 13,43,1367
2011/11/22 14,43,1203
2011/11/22 15,58,1490
2011/11/22 16,52,1866
2011/11/22 17,47,2273
2011/11/22 18,56,2464
2011/11/22 19,65,2810
2011/11/22 20,80,4893
2011/11/22 21,81,3736
2011/11/22 22,71,4196
2011/11/22 23,64,4254
2011/11/23 00,67,3932
2011/11/23 01,97,3811
2011/11/23 02,108,4185
2011/11/23 03,109,3710
2011/11/23 04,115,3981
2011/11/23 05,107,3984
2011/11/23 06,94,3973
2011/11/23 07,78,3957
2011/11/23 08,55,3122
2011/11/23 09,44,2065
2011/11/23 10,41,1524
2011/11/23 11,36,624
2011/11/23 12,32,1050
2011/11/23 13,38,1146
2011/11/23 14,38,1144
2011/11/23 15,51,1448
2011/11/23 16,59,1635
2011/11/23 17,63,2094
2011/11/23 18,90,2166
2011/11/23 19,126,2286
2011/11/23 20,127,2832
2011/11/23 21,112,3777
2011/11/23 22,109,3925
2011/11/23 23,84,4801
2011/11/24 00,70,4262
2011/11/24 01,90,4065
2011/11/24 02,95,3955
2011/11/24 03,92,4679
2011/11/24 04,91,5522
2011/11/24 05,86,5283
2011/11/24 06,79,3506
2011/11/24 07,77,3417
2011/11/24 08,58,3178
2011/11/24 09,46,3163
2011/11/24 10,38,876
2011/11/24 11,43,1081
2011/11/24 12,44,1179
2011/11/24 13,45,1109
2011/11/24 14,56,982
2011/11/24 15,65,1193
2011/11/24 16,71,1976
2011/11/24 17,70,2535
2011/11/24 18,77,2863
2011/11/24 19,98,4380
2011/11/24 20,88,3783
2011/11/24 21,77,3513
2011/11/24 22,60,3064
2011/11/24 23,46,3552
2011/11/25 00,54,3533
2011/11/25 01,54,2409
2011/11/25 02,54,2206
2011/11/25 03,59,2178
2011/11/25 04,63,1986
2011/11/25 05,56,1166
2011/11/25 06,53,1583
2011/11/25 07,44,1557
2011/11/25 08,42,1862
2011/11/25 09,38,1178
2011/11/25 10,32,1087
2011/11/25 11,34,1786
2011/11/25 12,32,511
2011/11/25 13,34,605
2011/11/25 14,45,735
2011/11/25 15,56,983
2011/11/25 16,55,936
2011/11/25 17,51,993
2011/11/25 18,54,1047
2011/11/25 19,65,2081
2011/11/25 20,77,2446
2011/11/25 21,75,3934
2011/11/25 22,75,3167
2011/11/25 23,82,3289
2011/11/26 00,81,3261
2011/11/26 01,93,3612
2011/11/26 02,92,3912
2011/11/26 03,97,4135
2011/11/26 04,88,3263
2011/11/26 05,85,4282
2011/11/26 06,63,4533
2011/11/26 07,47,3363
2011/11/26 08,45,3974
2011/11/26 09,43,2883
2011/11/26 10,45,1978
2011/11/26 11,47,1103
2011/11/26 12,52,1726
2011/11/26 13,46,1372
2011/11/26 14,55,1185
2011/11/26 15,69,687
2011/11/26 16,78,719
2011/11/26 17,68,699
2011/11/26 18,67,1128
2011/11/26 19,74,2000
2011/11/26 20,80,2095
2011/11/26 21,79,2541
2011/11/26 22,71,2893
2011/11/26 23,76,3038
2011/11/27 00,78,3495
2011/11/27 01,81,4227
2011/11/27 02,78,4041
2011/11/27 03,74,3700
2011/11/27 04,81,3718
2011/11/27 05,71,3934
2011/11/27 06,56,3166
2011/11/27 07,53,3352
2011/11/27 08,59,3515
2011/11/27 09,57,3858
2011/11/27 10,55,3628
2011/11/27 11,42,1188
2011/11/27 12,40,1468
2011/11/27 13,39,1245
2011/11/27 14,44,1334
2011/11/27 15,53,959
2011/11/27 16,65,1141
2011/11/27 17,70,2051
2011/11/27 18,78,2564
2011/11/27 19,101,4360
2011/11/27 20,94,4654
2011/11/27 21,80,5396
2011/11/27 22,75,5353
2011/11/27 23,67,4730
2011/11/28 00,70,1960
2011/11/28 01,76,2461
2011/11/28 02,92,4602
2011/11/28 03,89,4708
2011/11/28 04,75,4425
2011/11/28 05,74,4804
2011/11/28 06,58,3807
2011/11/28 07,58,3085
2011/11/28 08,54,2888
2011/11/28 09,46,2709
2011/11/28 10,43,1600
2011/11/28 11,37,1386
2011/11/28 12,43,1435
2011/11/28 13,42,1018
2011/11/28 14,48,1337
2011/11/28 15,52,1066
2011/11/28 16,49,1136
2011/11/28 17,59,1589
2011/11/28 18,67,1885
2011/11/28 19,82,1514
2011/11/28 20,90,2492
2011/11/28 21,78,4059
2011/11/28 22,79,4177
2011/11/28 23,69,1651
2011/11/29 00,67,1852
2011/11/29 01,76,2112
2011/11/29 02,86,4462
2011/11/29 03,91,4194
2011/11/29 04,88,4209
2011/11/29 05,73,4207
2011/11/29 06,55,3563
2011/11/29 07,58,4018
2011/11/29 08,48,3406
2011/11/29 09,45,3334
2011/11/29 10,43,1754
2011/11/29 11,40,1413
2011/11/29 12,33,1256
2011/11/29 13,32,908
2011/11/29 14,38,1393
2011/11/29 15,48,2013
2011/11/29 16,48,2110
2011/11/29 17,54,2817
2011/11/29 18,63,3208
2011/11/29 19,97,6422
2011/11/29 20,120,7444
2011/11/29 21,126,8782
2011/11/29 22,121,7640
2011/11/29 23,122,7724
2011/11/30 00,118,7702
2011/11/30 01,136,8001
2011/11/30 02,149,8285
2011/11/30 03,160,7981
2011/11/30 04,162,7614
2011/11/30 05,157,6343
2011/11/30 06,133,5788
2011/11/30 07,95,4569
2011/11/30 08,74,4239
2011/11/30 09,60,1948
2011/11/30 10,59,1281
2011/11/30 11,61,1492
2011/11/30 12,70,1421
2011/11/30 13,81,1564
2011/11/30 14,79,1747
2011/11/30 15,79,1748
2011/11/30 16,92,1205
2011/11/30 17,93,1181
2011/11/30 18,127,1914
2011/11/30 19,161,2285
2011/11/30 20,164,4072
2011/11/30 21,159,4931
2011/11/30 22,158,5244
2011/11/30 23,130,4543
2011/12/01 00,114,4722
2011/12/01 01,138,5782
2011/12/01 02,147,6751
2011/12/01 03,144,5199
2011/12/01 04,149,4725
2011/12/01 05,135,4094
2011/12/01 06,116,3991
2011/12/01 07,89,3428
2011/12/01 08,69,2961
2011/12/01 09,63,2317
2011/12/01 10,54,1144
2011/12/01 11,57,1348
2011/12/01 12,58,1120
2011/12/01 13,56,1316
2011/12/01 14,58,948
2011/12/01 15,69,1121
2011/12/01 16,73,1308
2011/12/01 17,81,1627
2011/12/01 18,112,1959
2011/12/01 19,144,2982
2011/12/01 20,133,3762
2011/12/01 21,140,3729
2011/12/01 22,130,5509
2011/12/01 23,106,5348
2011/12/02 00,88,4600
2011/12/02 01,112,4450
2011/12/02 02,125,4727
2011/12/02 03,133,3331
2011/12/02 04,132,4264
2011/12/02 05,126,6075
2011/12/02 06,101,5454
2011/12/02 07,91,4199
2011/12/02 08,76,1849
2011/12/02 09,57,1211
2011/12/02 10,46,807
2011/12/02 11,49,796
2011/12/02 12,54,1043
2011/12/02 13,50,1284
2011/12/02 14,63,1326
2011/12/02 15,74,1137
2011/12/02 16,79,1166
2011/12/02 17,73,1626
2011/12/02 18,69,1896
2011/12/02 19,82,1649
2011/12/02 20,92,2688
2011/12/02 21,94,3913
2011/12/02 22,98,4221
2011/12/02 23,91,4221
2011/12/03 00,96,4503
2011/12/03 01,103,4365
2011/12/03 02,92,4426
2011/12/03 03,104,4027
2011/12/03 04,96,3605
2011/12/03 05,84,3555
2011/12/03 06,79,3125
2011/12/03 07,76,2994
2011/12/03 08,64,2994
2011/12/03 09,45,942
2011/12/03 10,50,1132
2011/12/03 11,49,1272
2011/12/03 12,57,1273
2011/12/03 13,53,1380
2011/12/03 14,50,1162
2011/12/03 15,61,1750
2011/12/03 16,67,1253
2011/12/03 17,69,1612
2011/12/03 18,71,2185
2011/12/03 19,89,3279
2011/12/03 20,85,4033
2011/12/03 21,103,4614
2011/12/03 22,94,4856
2011/12/03 23,98,5364
2011/12/04 00,92,5465
2011/12/04 01,91,5195
2011/12/04 02,93,4742
2011/12/04 03,85,3705
2011/12/04 04,78,3857
2011/12/04 05,72,2754
2011/12/04 06,75,3034
2011/12/04 07,69,2935
2011/12/04 08,63,2938
2011/12/04 09,52,2743
2011/12/04 10,49,2397
2011/12/04 11,49,719
2011/12/04 12,51,880
2011/12/04 13,61,983
2011/12/04 14,56,1159
2011/12/04 15,67,1743
2011/12/04 16,72,1812
2011/12/04 17,80,2627
2011/12/04 18,106,2931
2011/12/04 19,140,3164
2011/12/04 20,154,4385
2011/12/04 21,137,6137
2011/12/04 22,132,5495
2011/12/04 23,111,5848
2011/12/05 00,97,5580
2011/12/05 01,109,5702
2011/12/05 02,108,5331
2011/12/05 03,102,5042
2011/12/05 04,86,4827
2011/12/05 05,78,4747
2011/12/05 06,69,4899
2011/12/05 07,58,4234
2011/12/05 08,51,3212
2011/12/05 09,49,2994
2011/12/05 10,50,2512
2011/12/05 11,48,1871
2011/12/05 12,50,1433
2011/12/05 13,48,1535
2011/12/05 14,49,1427
2011/12/05 15,45,1383
2011/12/05 16,61,1599
2011/12/05 17,74,1948
2011/12/05 18,87,1949
2011/12/05 19,117,1780
2011/12/05 20,127,2093
2011/12/05 21,120,4673
2011/12/05 22,116,4300
2011/12/05 23,109,4279
2011/12/06 00,80,3653
2011/12/06 01,92,3661
2011/12/06 02,106,4441
2011/12/06 03,99,3974
2011/12/06 04,95,3921
2011/12/06 05,77,3811
2011/12/06 06,61,3527
2011/12/06 07,57,3527
2011/12/06 08,57,3324
2011/12/06 09,52,2779
2011/12/06 10,47,2349
2011/12/06 11,44,1758
2011/12/06 12,40,1687
2011/12/06 13,49,1501
2011/12/06 14,46,794
2011/12/06 15,50,975
2011/12/06 16,47,1744
2011/12/06 17,50,2982
2011/12/06 18,54,3762
2011/12/06 19,83,4426
2011/12/06 20,108,5144
2011/12/06 21,110,7621
2011/12/06 22,118,9678
2011/12/06 23,131,10193
2011/12/07 00,136,10203
2011/12/07 01,153,10701
2011/12/07 02,163,10301
2011/12/07 03,168,8900
2011/12/07 04,164,7684
2011/12/07 05,143,7709
2011/12/07 06,112,6966
2011/12/07 07,103,6407
2011/12/07 08,89,5545
2011/12/07 09,76,3963
2011/12/07 10,66,4045
2011/12/07 11,72,2453
2011/12/07 12,78,2555
2011/12/07 13,73,2753
2011/12/07 14,73,2297
2011/12/07 15,78,2289
2011/12/07 16,88,2413
2011/12/07 17,92,2760
2011/12/07 18,112,2291
2011/12/07 19,156,2648
2011/12/07 20,170,3095
2011/12/07 21,169,4264
2011/12/07 22,181,5195
2011/12/07 23,152,6031
2011/12/08 00,131,6304
2011/12/08 01,142,6351
2011/12/08 02,150,6721
2011/12/08 03,166,7195
2011/12/08 04,167,7075
2011/12/08 05,149,5966
2011/12/08 06,118,4311
2011/12/08 07,91,3642
2011/12/08 08,80,3409
2011/12/08 09,66,3033
2011/12/08 10,55,3081
2011/12/08 11,48,2476
2011/12/08 12,51,1695
2011/12/08 13,52,1781
2011/12/08 14,56,1689
2011/12/08 15,67,1973
2011/12/08 16,76,2184
2011/12/08 17,92,3304
2011/12/08 18,118,3171
2011/12/08 19,157,3584
2011/12/08 20,173,3764
2011/12/08 21,186,4196
2011/12/08 22,195,5585
2011/12/08 23,149,5624
2011/12/09 00,122,6011
2011/12/09 01,140,5393
2011/12/09 02,155,5895
2011/12/09 03,145,5712
2011/12/09 04,147,6303
2011/12/09 05,132,6624
2011/12/09 06,107,6626
2011/12/09 07,83,5061
2011/12/09 08,72,4274
2011/12/09 09,77,4723
2011/12/09 10,56,2924
2011/12/09 11,59,2254
2011/12/09 12,57,2089
2011/12/09 13,61,2058
2011/12/09 14,61,1974
2011/12/09 15,71,1693
2011/12/09 16,81,2122
2011/12/09 17,91,1727
2011/12/09 18,101,2362
2011/12/09 19,118,2823
2011/12/09 20,116,3691
2011/12/09 21,123,3556
2011/12/09 22,143,4736
2011/12/09 23,141,5359
2011/12/10 00,133,5962
2011/12/10 01,123,5178
2011/12/10 02,117,5307
2011/12/10 03,121,4933
2011/12/10 04,112,4611
2011/12/10 05,96,4318
2011/12/10 06,80,4107
2011/12/10 07,78,3873
2011/12/10 08,72,3991
2011/12/10 09,63,3296
2011/12/10 10,65,2077
2011/12/10 11,62,2753
2011/12/10 12,54,2098
2011/12/10 13,65,1454
2011/12/10 14,89,1893
2011/12/10 15,89,2302
2011/12/10 16,94,2716
2011/12/10 17,96,3145
2011/12/10 18,111,4952
2011/12/10 19,132,5632
2011/12/10 20,134,5805
2011/12/10 21,131,7330
2011/12/10 22,110,6622
2011/12/10 23,97,7446
2011/12/11 00,105,9094
2011/12/11 01,114,8572
2011/12/11 02,122,6602
2011/12/11 03,110,7432
2011/12/11 04,95,9210
2011/12/11 05,85,9359
2011/12/11 06,81,6113
2011/12/11 07,81,3522
2011/12/11 08,80,3330
2011/12/11 09,76,4052
2011/12/11 10,63,3060
2011/12/11 11,57,3412
2011/12/11 12,65,3552
2011/12/11 13,76,2760
2011/12/11 14,81,2600
2011/12/11 15,91,3923
2011/12/11 16,107,5157
2011/12/11 17,114,5691
2011/12/11 18,124,6388
2011/12/11 19,157,5821
2011/12/11 20,167,6593
2011/12/11 21,166,8052
2011/12/11 22,160,10799
2011/12/11 23,134,11159
2011/12/12 00,108,9553
2011/12/12 01,114,11612
2011/12/12 02,115,11437
2011/12/12 03,126,8503
2011/12/12 04,127,5324
2011/12/12 05,112,4223
2011/12/12 06,90,3588
2011/12/12 07,79,3710
2011/12/12 08,75,3536
2011/12/12 09,66,3522
2011/12/12 10,60,3379
2011/12/12 11,56,1723
2011/12/12 12,45,1613
2011/12/12 13,60,1921
2011/12/12 14,63,2213
2011/12/12 15,73,2484
2011/12/12 16,73,3123
2011/12/12 17,82,3533
2011/12/12 18,112,4268
2011/12/12 19,142,4120
2011/12/12 20,161,4264
2011/12/12 21,162,5183
2011/12/12 22,160,5666
2011/12/12 23,148,6544
2011/12/13 00,134,6504
2011/12/13 01,125,5964
2011/12/13 02,140,5592
2011/12/13 03,134,5515
2011/12/13 04,132,5363
2011/12/13 05,130,5818
2011/12/13 06,114,3512
2011/12/13 07,96,3227
2011/12/13 08,77,3437
2011/12/13 09,55,2613
2011/12/13 10,49,1559
2011/12/13 11,55,1323
2011/12/13 12,54,2019
2011/12/13 13,57,2898
2011/12/13 14,48,1412
2011/12/13 15,58,1852
2011/12/13 16,68,2293
2011/12/13 17,90,2781
2011/12/13 18,102,4229
2011/12/13 19,130,5171
2011/12/13 20,141,6146
2011/12/13 21,135,6214
2011/12/13 22,140,8959
2011/12/13 23,130,8632
2011/12/14 00,108,7822
2011/12/14 01,114,6924
2011/12/14 02,158,6198
2011/12/14 03,176,5617
2011/12/14 04,179,5040
2011/12/14 05,177,5652
2011/12/14 06,138,3408
2011/12/14 07,105,3371
2011/12/14 08,82,3132
2011/12/14 09,70,2444
2011/12/14 10,66,2164
2011/12/14 11,73,3110
2011/12/14 12,75,1941
2011/12/14 13,73,2435
2011/12/14 14,73,3362
2011/12/14 15,80,1665
2011/12/14 16,81,2241
2011/12/14 17,96,1944
2011/12/14 18,116,1879
2011/12/14 19,141,2218
2011/12/14 20,174,2612
2011/12/14 21,180,3250
2011/12/14 22,179,3379
2011/12/14 23,135,3181
2011/12/15 00,101,5596
2011/12/15 01,113,5432
2011/12/15 02,138,4876
2011/12/15 03,159,4211
2011/12/15 04,173,4232
2011/12/15 05,159,4003
2011/12/15 06,133,2524
2011/12/15 07,102,2736
2011/12/15 08,78,2476
2011/12/15 09,79,2293
2011/12/15 10,61,1671
2011/12/15 11,46,1700
2011/12/15 12,61,1420
2011/12/15 13,61,1344
2011/12/15 14,70,1523
2011/12/15 15,82,3627
2011/12/15 16,71,1971
2011/12/15 17,80,2036
2011/12/15 18,107,3886
2011/12/15 19,161,4387
2011/12/15 20,163,4701
2011/12/15 21,173,3867
2011/12/15 22,181,3628
2011/12/15 23,146,3329
2011/12/16 00,133,6220
2011/12/16 01,120,4713
2011/12/16 02,142,4675
2011/12/16 03,163,4606
2011/12/16 04,154,4966
2011/12/16 05,143,5174
2011/12/16 06,114,3848
2011/12/16 07,87,2828
2011/12/16 08,74,3769
2011/12/16 09,70,3885
2011/12/16 10,68,2616
2011/12/16 11,60,2367
2011/12/16 12,55,2139
2011/12/16 13,63,2052
2011/12/16 14,72,2007
2011/12/16 15,83,2493
2011/12/16 16,81,2130
2011/12/16 17,90,3608
2011/12/16 18,97,2167
2011/12/16 19,104,1966
2011/12/16 20,114,2846
2011/12/16 21,127,3507
2011/12/16 22,119,3347
2011/12/16 23,122,3630
2011/12/17 00,120,3333
2011/12/17 01,114,3462
2011/12/17 02,114,2981
2011/12/17 03,109,3062
2011/12/17 04,99,3033
2011/12/17 05,94,2559
2011/12/17 06,89,2626
2011/12/17 07,68,2895
2011/12/17 08,67,2032
2011/12/17 09,69,2043
2011/12/17 10,61,2091
2011/12/17 11,51,1503
2011/12/17 12,44,1522
2011/12/17 13,53,2013
2011/12/17 14,68,2033
2011/12/17 15,73,1886
2011/12/17 16,78,2385
2011/12/17 17,80,3528
2011/12/17 18,78,5060
2011/12/17 19,80,6139
2011/12/17 20,82,7274
2011/12/17 21,96,8137
2011/12/17 22,89,7007
2011/12/17 23,108,8275
2011/12/18 00,110,5075
2011/12/18 01,109,4967
2011/12/18 02,99,4172
2011/12/18 03,92,3850
2011/12/18 04,91,1882
2011/12/18 05,94,1917
2011/12/18 06,83,4075
2011/12/18 07,77,4320
2011/12/18 08,74,5087
2011/12/18 09,76,3957
2011/12/18 10,73,3950
2011/12/18 11,56,3361
2011/12/18 12,57,3108
2011/12/18 13,63,2133
2011/12/18 14,62,2000
2011/12/18 15,63,1812
2011/12/18 16,73,1900
2011/12/18 17,81,4625
2011/12/18 18,85,5268
2011/12/18 19,117,5898
2011/12/18 20,129,7601
2011/12/18 21,137,6158
2011/12/18 22,126,5658
2011/12/18 23,119,5330
2011/12/19 00,96,6054
2011/12/19 01,91,3740
2011/12/19 02,107,3292
2011/12/19 03,105,3408
2011/12/19 04,120,3982
2011/12/19 05,97,2432
2011/12/19 06,97,2554
2011/12/19 07,79,2011
2011/12/19 08,69,1682
2011/12/19 09,63,1565
2011/12/19 10,66,1481
2011/12/19 11,69,1643
2011/12/19 12,58,1292
2011/12/19 13,60,1886
2011/12/19 14,60,1815
2011/12/19 15,77,2004
2011/12/19 16,72,2623
2011/12/19 17,87,2581
2011/12/19 18,90,2806
2011/12/19 19,114,3867
2011/12/19 20,133,4840
2011/12/19 21,143,4571
2011/12/19 22,140,3903
2011/12/19 23,122,3214
2011/12/20 00,116,6419
2011/12/20 01,110,6751
2011/12/20 02,117,7553
2011/12/20 03,127,6119
2011/12/20 04,122,5585
2011/12/20 05,110,5566
2011/12/20 06,101,5528
2011/12/20 07,79,1740
2011/12/20 08,62,1758
2011/12/20 09,62,1625
2011/12/20 10,64,1515
2011/12/20 11,54,1707
2011/12/20 12,58,1559
2011/12/20 13,47,1640
2011/12/20 14,52,1539
2011/12/20 15,70,1824
2011/12/20 16,75,2878
2011/12/20 17,70,3149
2011/12/20 18,85,3306
2011/12/20 19,100,3359
2011/12/20 20,103,3056
2011/12/20 21,112,3662
2011/12/20 22,120,2765
2011/12/20 23,117,3351
2011/12/21 00,116,7043
2011/12/21 01,124,7003
2011/12/21 02,133,6694
2011/12/21 03,144,5949
2011/12/21 04,149,5137
2011/12/21 05,137,5216
2011/12/21 06,117,3143
2011/12/21 07,90,1742
2011/12/21 08,77,1468
2011/12/21 09,59,1570
2011/12/21 10,64,1948
2011/12/21 11,58,1359
2011/12/21 12,58,1492
2011/12/21 13,57,1903
2011/12/21 14,54,2181
2011/12/21 15,61,2596
2011/12/21 16,62,2480
2011/12/21 17,77,2257
2011/12/21 18,93,3035
2011/12/21 19,122,4319
2011/12/21 20,135,5115
2011/12/21 21,130,5616
2011/12/21 22,133,4742
2011/12/21 23,133,5345
2011/12/22 00,113,4934
2011/12/22 01,107,4024
2011/12/22 02,122,3724
2011/12/22 03,123,3504
2011/12/22 04,133,3427
2011/12/22 05,141,4281
2011/12/22 06,135,2699
2011/12/22 07,106,2746
2011/12/22 08,73,2327
2011/12/22 09,72,3945
2011/12/22 10,48,2625
2011/12/22 11,48,1757
2011/12/22 12,50,1989
2011/12/22 13,42,2076
2011/12/22 14,52,2071
2011/12/22 15,54,1169
2011/12/22 16,55,859
2011/12/22 17,61,1184
2011/12/22 18,79,1221
2011/12/22 19,98,1517
2011/12/22 20,109,2140
2011/12/22 21,129,3277
2011/12/22 22,121,3891
2011/12/22 23,115,2483
2011/12/23 00,100,2095
2011/12/23 01,98,4421
2011/12/23 02,108,4318
2011/12/23 03,117,4044
2011/12/23 04,118,4451
2011/12/23 05,112,5208
2011/12/23 06,99,3401
2011/12/23 07,84,1968
2011/12/23 08,79,2086
2011/12/23 09,68,2143
2011/12/23 10,52,1719
2011/12/23 11,55,1998
2011/12/23 12,51,1313
2011/12/23 13,51,992
2011/12/23 14,60,1184
2011/12/23 15,66,1559
2011/12/23 16,63,1317
2011/12/23 17,61,1721
2011/12/23 18,67,1475
2011/12/23 19,81,1403
2011/12/23 20,81,1973
2011/12/23 21,93,3942
2011/12/23 22,94,5027
2011/12/23 23,95,5089
2011/12/24 00,98,5954
2011/12/24 01,106,3314
2011/12/24 02,103,3432
2011/12/24 03,92,2482
2011/12/24 04,94,2203
2011/12/24 05,74,2233
2011/12/24 06,80,2479
2011/12/24 07,71,1379
2011/12/24 08,69,1556
2011/12/24 09,55,1620
2011/12/24 10,50,1729
2011/12/24 11,45,1474
2011/12/24 12,46,1584
2011/12/24 13,48,1588
2011/12/24 14,46,1750
2011/12/24 15,52,1645
2011/12/24 16,40,1260
2011/12/24 17,37,1616
2011/12/24 18,38,1430
2011/12/24 19,39,1290
2011/12/24 20,52,1308
2011/12/24 21,55,2079
2011/12/24 22,67,5245
2011/12/24 23,66,2502
2011/12/25 00,63,3199
2011/12/25 01,62,2307
2011/12/25 02,70,3478
2011/12/25 03,62,2782
2011/12/25 04,75,3394
2011/12/25 05,70,2382
2011/12/25 06,71,2284
2011/12/25 07,61,1223
2011/12/25 08,43,981
2011/12/25 09,42,568
2011/12/25 10,39,820
2011/12/25 11,40,1721
2011/12/25 12,39,978
2011/12/25 13,37,1019
2011/12/25 14,36,806
2011/12/25 15,36,939
2011/12/25 16,50,1554
2011/12/25 17,61,1544
2011/12/25 18,69,2140
2011/12/25 19,71,2142
2011/12/25 20,78,1638
2011/12/25 21,74,4536
2011/12/25 22,85,3103
2011/12/25 23,73,1940
2011/12/26 00,73,2372
2011/12/26 01,72,2284
2011/12/26 02,85,2772
2011/12/26 03,89,2722
2011/12/26 04,83,2093
2011/12/26 05,76,2389
2011/12/26 06,72,2142
2011/12/26 07,61,2247
2011/12/26 08,61,2524
2011/12/26 09,54,2268
2011/12/26 10,48,1582
2011/12/26 11,42,1521
2011/12/26 12,42,1405
2011/12/26 13,46,1655
2011/12/26 14,53,1054
2011/12/26 15,67,1291
2011/12/26 16,69,2040
2011/12/26 17,73,2860
2011/12/26 18,77,2000
2011/12/26 19,77,1629
2011/12/26 20,102,1731
2011/12/26 21,101,1988
2011/12/26 22,118,2498
2011/12/26 23,106,2932
2011/12/27 00,109,5190
2011/12/27 01,134,3472
2011/12/27 02,117,3568
2011/12/27 03,99,4197
2011/12/27 04,103,4432
2011/12/27 05,90,2231
2011/12/27 06,81,2475
2011/12/27 07,68,2725
2011/12/27 08,64,1809
2011/12/27 09,54,2012
2011/12/27 10,53,2269
2011/12/27 11,51,2033
2011/12/27 12,49,2205
2011/12/27 13,47,2224
2011/12/27 14,48,2379
2011/12/27 15,56,2241
2011/12/27 16,53,2299
2011/12/27 17,63,2481
2011/12/27 18,83,2112
2011/12/27 19,107,2981
2011/12/27 20,121,3149
2011/12/27 21,118,2917
2011/12/27 22,114,2784
2011/12/27 23,115,4950
2011/12/28 00,110,5737
2011/12/28 01,124,5383
2011/12/28 02,142,6139
2011/12/28 03,141,4811
2011/12/28 04,155,4457
2011/12/28 05,145,2573
2011/12/28 06,139,3440
2011/12/28 07,106,2299
2011/12/28 08,76,2129
2011/12/28 09,69,2346
2011/12/28 10,59,1555
2011/12/28 11,54,1648
2011/12/28 12,50,1214
2011/12/28 13,57,1305
2011/12/28 14,56,1515
2011/12/28 15,61,1678
2011/12/28 16,80,2052
2011/12/28 17,95,2185
2011/12/28 18,114,1840
2011/12/28 19,120,1934
2011/12/28 20,140,3140
2011/12/28 21,128,3191
2011/12/28 22,143,2908
2011/12/28 23,131,3867
2011/12/29 00,125,3533
2011/12/29 01,122,2778
2011/12/29 02,134,4415
2011/12/29 03,158,5257
2011/12/29 04,147,4663
2011/12/29 05,144,2967
2011/12/29 06,127,2880
2011/12/29 07,110,2978
2011/12/29 08,78,1878
2011/12/29 09,67,2122
2011/12/29 10,57,1932
2011/12/29 11,53,1700
2011/12/29 12,50,1598
2011/12/29 13,55,1799
2011/12/29 14,59,1950
2011/12/29 15,57,1984
2011/12/29 16,49,1145
2011/12/29 17,40,999
2011/12/29 18,69,1626
2011/12/29 19,109,2489
2011/12/29 20,128,2730
2011/12/29 21,138,5773
2011/12/29 22,150,4136
2011/12/29 23,148,3235
2011/12/30 00,116,3874
2011/12/30 01,130,4881
2011/12/30 02,134,5325
2011/12/30 03,136,5108
2011/12/30 04,145,2738
2011/12/30 05,123,3826
2011/12/30 06,125,3488
2011/12/30 07,106,2911
2011/12/30 08,95,2110
2011/12/30 09,78,2395
2011/12/30 10,68,1890
2011/12/30 11,62,1306
2011/12/30 12,61,1408
2011/12/30 13,63,1643
2011/12/30 14,71,1843
2011/12/30 15,74,2312
2011/12/30 16,76,2293
2011/12/30 17,71,2092
2011/12/30 18,81,3098
2011/12/30 19,93,3416
2011/12/30 20,100,3242
2011/12/30 21,109,3557
2011/12/30 22,126,4149
2011/12/30 23,121,4267
2011/12/31 00,127,4929
2011/12/31 01,124,3345
2011/12/31 02,118,3785
2011/12/31 03,109,3787
2011/12/31 04,94,3374
2011/12/31 05,100,2604
2011/12/31 06,92,2577
2011/12/31 07,92,2285
2011/12/31 08,83,2548
2011/12/31 09,70,2497
2011/12/31 10,54,1845
2011/12/31 11,42,1970
2011/12/31 12,31,1648
2011/12/31 13,35,1323
2011/12/31 14,34,1479
2011/12/31 15,55,1554
2011/12/31 16,65,1540
2011/12/31 17,71,1536
2011/12/31 18,51,1292
2011/12/31 19,48,985
2011/12/31 20,62,1527
2011/12/31 21,75,3004
2011/12/31 22,81,3314
2011/12/31 23,85,2442
2012/01/01 00,76,2668
2012/01/01 01,77,2699
2012/01/01 02,108,2753
2012/01/01 03,96,3307
2012/01/01 04,80,2292
2012/01/01 05,80,3195
2012/01/01 06,77,2055
2012/01/01 07,79,2380
2012/01/01 08,78,2716
2012/01/01 09,61,2419
2012/01/01 10,57,2441
2012/01/01 11,57,2615
2012/01/01 12,51,2542
2012/01/01 13,54,2185
2012/01/01 14,47,2381
2012/01/01 15,79,2442
2012/01/01 16,76,2629
2012/01/01 17,78,2931
2012/01/01 18,97,3168
2012/01/01 19,110,3607
2012/01/01 20,132,3846
2012/01/01 21,137,6263
2012/01/01 22,133,4913
2012/01/01 23,132,3998
2012/01/02 00,120,3594
2012/01/02 01,124,4514
2012/01/02 02,134,4882
2012/01/02 03,135,5071
2012/01/02 04,150,5024
2012/01/02 05,135,3399
2012/01/02 06,113,2820
2012/01/02 07,103,3077
2012/01/02 08,97,2884
2012/01/02 09,77,2814
2012/01/02 10,74,2332
2012/01/02 11,75,1729
2012/01/02 12,73,1925
2012/01/02 13,66,1910
2012/01/02 14,58,2098
2012/01/02 15,70,2457
2012/01/02 16,70,1262
2012/01/02 17,79,1819
2012/01/02 18,105,2107
2012/01/02 19,143,2639
2012/01/02 20,145,3088
2012/01/02 21,130,3234
2012/01/02 22,140,4391
2012/01/02 23,132,4244
2012/01/03 00,109,4543
2012/01/03 01,122,7247
2012/01/03 02,134,8458
2012/01/03 03,143,4410
2012/01/03 04,132,4718
2012/01/03 05,122,4444
2012/01/03 06,102,3697
2012/01/03 07,90,4000
2012/01/03 08,86,3719
2012/01/03 09,76,3208
2012/01/03 10,62,2743
2012/01/03 11,61,2573
2012/01/03 12,65,1574
2012/01/03 13,63,2076
2012/01/03 14,67,2733
2012/01/03 15,76,2157
2012/01/03 16,80,2312
2012/01/03 17,94,3004
2012/01/03 18,103,3275
2012/01/03 19,130,3326
2012/01/03 20,142,2191
2012/01/03 21,134,2565
2012/01/03 22,131,3482
2012/01/03 23,126,3654
2012/01/04 00,121,3683
2012/01/04 01,144,4637
2012/01/04 02,167,5478
2012/01/04 03,157,4674
2012/01/04 04,163,5019
2012/01/04 05,155,3553
2012/01/04 06,133,2767
2012/01/04 07,105,2737
2012/01/04 08,89,2587
2012/01/04 09,88,2967
2012/01/04 10,76,2707
2012/01/04 11,65,2034
2012/01/04 12,59,2236
2012/01/04 13,58,1729
2012/01/04 14,65,1000
2012/01/04 15,72,1275
2012/01/04 16,77,1991
2012/01/04 17,88,2497
2012/01/04 18,97,3110
2012/01/04 19,139,4305
2012/01/04 20,149,4646
2012/01/04 21,158,5046
2012/01/04 22,161,5045
2012/01/04 23,149,5200
2012/01/05 00,133,5722
2012/01/05 01,126,4670
2012/01/05 02,148,5443
2012/01/05 03,157,5552
2012/01/05 04,174,5266
2012/01/05 05,165,4077
2012/01/05 06,137,6014
2012/01/05 07,107,4989
2012/01/05 08,95,1924
2012/01/05 09,82,2096
2012/01/05 10,71,1588
2012/01/05 11,57,1403
2012/01/05 12,59,1464
2012/01/05 13,69,1587
2012/01/05 14,75,1937
2012/01/05 15,76,1562
2012/01/05 16,76,1988
2012/01/05 17,92,2326
2012/01/05 18,96,2907
2012/01/05 19,139,4273
2012/01/05 20,160,3589
2012/01/05 21,169,3896
2012/01/05 22,182,5162
2012/01/05 23,177,4623
2012/01/06 00,146,4979
2012/01/06 01,152,6805
2012/01/06 02,177,6288
2012/01/06 03,180,4843
2012/01/06 04,173,4505
2012/01/06 05,170,6007
2012/01/06 06,149,6290
2012/01/06 07,122,3368
2012/01/06 08,97,3427
2012/01/06 09,78,2389
2012/01/06 10,61,1859
2012/01/06 11,53,1815
2012/01/06 12,55,2128
2012/01/06 13,61,2122
2012/01/06 14,60,1723
2012/01/06 15,62,1779
2012/01/06 16,82,2608
2012/01/06 17,78,2014
2012/01/06 18,92,3577
2012/01/06 19,93,3548
2012/01/06 20,113,2390
2012/01/06 21,123,2301
2012/01/06 22,132,2251
2012/01/06 23,134,2827
2012/01/07 00,127,3598
2012/01/07 01,124,3021
2012/01/07 02,123,3091
2012/01/07 03,123,4690
2012/01/07 04,124,3942
2012/01/07 05,117,3615
2012/01/07 06,124,3866
2012/01/07 07,121,3658
2012/01/07 08,107,3336
2012/01/07 09,87,3570
2012/01/07 10,79,2445
2012/01/07 11,64,2138
2012/01/07 12,55,2111
2012/01/07 13,67,2024
2012/01/07 14,76,2066
2012/01/07 15,77,2135
2012/01/07 16,75,2001
2012/01/07 17,87,1409
2012/01/07 18,101,1397
2012/01/07 19,101,1928
2012/01/07 20,113,1837
2012/01/07 21,122,2070
2012/01/07 22,123,2363
2012/01/07 23,138,3014
2012/01/08 00,150,4140
2012/01/08 01,143,5097
2012/01/08 02,134,4873
2012/01/08 03,127,5328
2012/01/08 04,123,4963
2012/01/08 05,115,4475
2012/01/08 06,113,3984
2012/01/08 07,82,3947
2012/01/08 08,80,3042
2012/01/08 09,77,2869
2012/01/08 10,85,2894
2012/01/08 11,78,2956
2012/01/08 12,66,3204
2012/01/08 13,68,2824
2012/01/08 14,71,3659
2012/01/08 15,76,2071
2012/01/08 16,79,2045
2012/01/08 17,81,2212
2012/01/08 18,90,1732
2012/01/08 19,112,2089
2012/01/08 20,159,2705
2012/01/08 21,177,3701
2012/01/08 22,164,7461
2012/01/08 23,164,5559
2012/01/09 00,139,4228
2012/01/09 01,123,4168
2012/01/09 02,121,5169
2012/01/09 03,131,4124
2012/01/09 04,122,5303
2012/01/09 05,121,4174
2012/01/09 06,111,3877
2012/01/09 07,102,2476
2012/01/09 08,85,2736
2012/01/09 09,73,2535
2012/01/09 10,59,2245
2012/01/09 11,30,974
2012/01/09 12,42,1653
2012/01/09 13,48,2525
2012/01/09 14,56,2458
2012/01/09 15,37,1415
