2011/10/02 15,1,3
2011/10/07 14,1,1
2011/10/07 15,1,3
2011/10/07 16,1,2
2011/10/09 18,1,4
2011/10/09 19,1,4
2011/10/09 20,1,4
2011/10/11 16,1,2
2011/10/11 17,1,3
2011/10/11 18,1,4
2011/10/13 16,1,1
2011/10/13 18,1,3
2011/10/13 19,1,4
2011/10/13 20,1,4
2011/10/13 21,1,8
2011/10/13 22,1,10
2011/10/13 23,1,8
2011/10/14 00,1,7
2011/10/16 06,1,1
2011/10/29 18,1,0
2011/10/29 19,1,0
2011/11/01 12,1,2
2011/11/11 20,1,2
2011/11/11 21,1,4
2011/11/11 22,1,6
2011/11/11 23,1,5
2011/11/12 01,1,6
2011/11/12 02,1,5
2011/11/12 21,1,6
2011/11/28 19,1,2
2011/12/03 10,1,2
2011/12/04 17,1,1
2011/12/04 18,1,2
2011/12/04 19,1,2
2011/12/05 02,1,2
2011/12/05 03,1,2
2011/12/05 04,1,2
2011/12/05 14,1,0
2011/12/05 15,1,1
2011/12/05 16,1,1
2011/12/10 02,1,1
2011/12/10 06,1,5
2011/12/10 07,1,2
2011/12/10 08,1,1
2011/12/10 09,1,2
2011/12/10 10,1,1
2011/12/11 20,1,1
2011/12/13 23,1,0
2011/12/15 07,1,1
2011/12/15 08,1,1
2011/12/22 05,1,1
2011/12/22 17,1,4
2011/12/22 18,1,4
2011/12/22 19,1,5
2011/12/22 20,1,1
2011/12/23 00,1,4
2011/12/23 01,1,2
2011/12/24 21,1,1
2011/12/28 06,1,2
2012/01/01 01,1,0
2012/01/01 02,1,0
