2011/10/01 04,1,2
2011/10/01 05,1,9
2011/10/01 06,1,10
2011/10/01 07,1,9
2011/10/01 08,1,8
2011/10/01 09,1,7
2011/10/04 03,1,6
2011/10/04 04,1,6
2011/10/04 05,1,9
2011/10/04 06,1,10
2011/10/04 07,1,12
2011/10/04 08,1,13
2011/10/04 09,1,12
2011/10/05 04,1,5
2011/10/05 05,1,4
2011/10/05 06,1,9
2011/10/05 07,1,10
2011/10/05 08,1,7
2011/10/05 14,1,22
2011/10/05 15,1,26
2011/10/05 16,1,29
2011/10/05 17,1,37
2011/10/05 18,1,27
2011/10/06 02,1,5
2011/10/06 03,1,9
2011/10/06 04,1,12
2011/10/06 05,1,13
2011/10/06 06,1,14
2011/10/06 07,1,18
2011/10/06 08,1,16
2011/10/08 01,1,6
2011/10/08 02,1,7
2011/10/08 03,1,8
2011/10/08 04,1,9
2011/10/08 05,1,12
2011/10/08 06,1,13
2011/10/08 07,1,14
2011/10/08 11,1,10
2011/10/08 12,1,11
2011/10/10 01,1,5
2011/10/10 02,1,12
2011/10/10 03,1,11
2011/10/10 04,1,8
2011/10/11 03,1,4
2011/10/11 04,1,5
2011/10/11 05,1,5
2011/10/11 06,1,8
2011/10/12 03,1,3
2011/10/12 04,1,6
2011/10/12 05,1,6
2011/10/12 06,1,8
2011/10/12 07,1,7
2011/10/12 08,1,4
2011/10/13 04,1,7
2011/10/13 05,1,13
2011/10/13 06,1,12
2011/10/13 07,1,8
2011/10/13 08,1,7
2011/10/13 09,1,8
2011/10/18 22,1,75
2011/10/18 23,1,80
2011/10/19 00,1,42
2011/10/19 01,1,34
2011/10/19 02,1,39
2011/10/19 03,1,41
2011/10/19 04,1,38
2011/10/19 05,1,12
2011/10/19 15,1,17
2011/10/19 16,1,23
2011/10/19 17,1,36
2011/10/19 18,1,65
2011/10/19 19,1,52
2011/10/19 20,1,40
2011/10/21 03,1,3
2011/10/21 04,1,7
2011/10/21 05,1,7
2011/10/21 06,1,7
2011/10/21 07,1,8
2011/10/21 08,1,10
2011/10/22 03,1,6
2011/10/22 04,1,7
2011/10/22 05,1,5
2011/10/22 06,1,9
2011/10/22 07,1,12
2011/10/22 08,1,11
2011/10/22 09,1,12
2011/10/22 10,1,12
2011/10/22 11,1,13
2011/10/22 15,1,14
2011/10/22 16,1,32
2011/10/22 17,1,38
2011/10/22 22,1,64
2011/10/22 23,1,66
2011/10/24 04,1,5
2011/10/24 05,1,6
2011/10/24 06,1,8
2011/10/24 07,1,10
2011/10/24 08,1,15
2011/10/24 09,1,13
2011/10/25 04,1,9
2011/10/25 05,1,12
2011/10/25 06,1,13
2011/10/25 07,1,16
2011/10/25 08,1,15
2011/10/25 09,1,15
2011/10/25 10,1,12
2011/10/26 04,1,6
2011/10/26 05,1,7
2011/10/26 06,1,10
2011/10/26 07,1,10
2011/10/26 08,1,13
2011/10/26 09,1,15
2011/10/27 04,1,3
2011/10/27 05,1,7
2011/10/27 06,1,10
2011/10/27 07,1,10
2011/10/27 08,1,11
2011/10/27 09,1,11
2011/10/28 04,1,3
2011/10/28 05,1,7
2011/10/28 06,1,10
2011/10/28 07,1,12
2011/10/28 08,1,14
2011/10/28 09,1,16
2011/10/28 10,1,19
2011/11/01 04,1,7
2011/11/01 05,1,14
2011/11/01 06,1,12
2011/11/01 07,1,14
2011/11/01 08,1,18
2011/11/04 04,1,11
2011/11/04 05,1,21
2011/11/04 06,1,27
2011/11/04 07,1,26
2011/11/04 08,1,34
2011/11/04 09,1,37
2011/11/04 10,1,45
2011/11/04 11,1,43
2011/11/05 05,1,20
2011/11/05 06,1,24
2011/11/05 07,1,29
2011/11/05 08,1,32
2011/11/05 09,1,33
2011/11/05 10,1,35
2011/11/05 11,1,44
2011/11/05 12,1,37
2011/11/06 06,1,16
2011/11/06 07,1,18
2011/11/06 08,1,27
2011/11/06 09,1,33
2011/11/06 10,2,32
2011/11/06 11,2,21
2011/11/06 12,2,25
2011/11/06 13,2,24
2011/11/06 14,2,26
2011/11/06 15,1,6
2011/11/07 07,1,14
2011/11/07 08,1,24
2011/11/07 09,1,29
2011/11/07 10,1,34
2011/11/07 11,1,26
2011/11/07 12,1,26
2011/11/08 07,1,12
2011/11/08 08,1,19
2011/11/08 09,1,25
2011/11/08 10,1,31
2011/11/08 11,1,30
2011/11/08 12,1,29
2011/11/09 07,1,6
2011/11/09 08,1,16
2011/11/09 09,1,27
2011/11/09 10,1,31
2011/11/09 11,1,32
2011/11/10 08,1,10
2011/11/10 09,1,15
2011/11/10 10,1,25
2011/11/10 11,1,29
2011/11/10 12,2,30
2011/11/10 13,2,30
2011/11/11 08,1,6
2011/11/12 12,1,3
2011/11/12 13,1,3
2011/11/17 07,1,2
2011/11/17 08,1,3
2011/11/17 09,1,2
2011/11/17 10,1,1
2011/11/17 11,1,2
2011/11/18 06,1,5
2011/11/18 07,1,11
2011/11/18 08,1,16
2011/11/18 09,1,14
2011/11/19 01,1,4
2011/11/19 02,1,4
2011/11/19 03,1,1
2011/11/19 05,1,2
2011/11/19 06,1,8
2011/11/19 07,1,11
2011/11/19 08,1,11
2011/11/19 09,1,14
2011/11/19 10,1,14
2011/11/19 11,1,12
2011/11/20 06,1,7
2011/11/20 07,1,11
2011/11/20 08,1,10
2011/11/20 09,1,11
2011/11/20 10,1,13
2011/11/20 11,1,15
2011/11/20 12,1,12
2011/11/20 13,1,9
2011/11/22 06,1,7
2011/11/22 07,1,13
2011/11/22 08,1,16
2011/11/22 09,1,19
2011/11/22 10,1,17
2011/11/23 06,1,3
2011/11/23 07,1,15
2011/11/23 08,1,16
2011/11/23 09,1,15
2011/11/26 03,1,4
2011/11/26 04,1,4
2011/11/26 05,1,8
2011/11/26 06,1,11
2011/11/26 07,1,12
2011/11/26 08,1,15
2011/11/26 09,1,15
2011/11/26 10,1,19
2011/11/26 11,1,20
2011/11/26 12,1,13
2011/11/27 03,1,2
2011/11/27 04,1,3
2011/11/27 05,1,2
2011/11/28 16,1,2
2011/11/28 17,2,2
2011/11/28 19,1,0
2011/11/28 20,1,1
2011/11/29 05,1,1
2011/11/29 06,1,2
2011/11/29 19,1,3
2011/11/29 20,1,3
2011/11/30 02,1,6
2011/11/30 03,1,7
2011/11/30 04,1,8
2011/11/30 05,1,4
2011/11/30 09,1,12
2011/11/30 10,1,12
2011/12/01 03,1,1
2011/12/01 04,1,5
2011/12/01 05,1,7
2011/12/01 06,1,6
2011/12/01 15,1,8
2011/12/01 16,1,9
2011/12/01 17,1,13
2011/12/01 18,1,11
2011/12/02 03,1,6
2011/12/02 04,1,7
2011/12/02 05,1,8
2011/12/02 06,1,5
2011/12/04 01,1,0
2011/12/04 02,1,5
2011/12/04 03,1,4
2011/12/04 04,1,4
2011/12/04 05,1,1
2011/12/05 04,1,1
2011/12/05 05,1,1
2011/12/05 06,1,0
2011/12/05 21,1,3
2011/12/05 22,1,7
2011/12/06 10,1,5
2011/12/06 11,1,2
2011/12/07 07,1,6
2011/12/07 08,1,10
2011/12/07 09,1,14
2011/12/07 10,1,18
2011/12/07 11,1,16
2011/12/08 08,1,14
2011/12/08 09,1,15
2011/12/08 10,1,14
2011/12/08 11,1,18
2011/12/08 12,1,19
2011/12/09 04,1,0
2011/12/09 05,1,2
2011/12/09 06,1,0
2011/12/09 07,1,0
2011/12/09 08,1,20
2011/12/09 09,1,20
2011/12/09 10,1,27
2011/12/09 11,1,22
2011/12/09 12,1,22
2011/12/10 04,1,0
2011/12/10 08,1,39
2011/12/10 09,1,18
2011/12/10 10,1,20
2011/12/10 11,1,24
2011/12/10 12,1,23
2011/12/10 13,1,24
2011/12/10 14,1,28
2011/12/10 15,1,30
2011/12/10 16,1,26
2011/12/11 01,1,2
2011/12/11 07,1,6
2011/12/11 08,1,14
2011/12/11 09,1,16
2011/12/11 10,1,13
2011/12/11 11,1,18
2011/12/11 12,1,17
2011/12/12 07,1,12
2011/12/12 08,1,12
2011/12/12 09,1,16
2011/12/12 10,1,22
2011/12/12 11,1,19
2011/12/14 21,1,4
2011/12/14 22,1,10
2011/12/14 23,2,8
2011/12/15 00,1,0
2011/12/15 01,1,0
2011/12/15 02,1,1
2011/12/15 03,1,3
2011/12/15 04,1,4
2011/12/15 05,1,4
2011/12/15 22,1,0
2011/12/15 23,1,0
2011/12/16 00,1,0
2011/12/16 01,1,2
2011/12/16 02,1,2
2011/12/16 03,1,3
2011/12/16 04,1,4
2011/12/16 05,1,4
2011/12/16 06,1,1
2011/12/16 21,1,1
2011/12/16 22,1,2
2011/12/16 23,1,1
2011/12/17 00,1,1
2011/12/17 01,1,1
2011/12/17 05,1,0
2011/12/17 06,1,0
2011/12/17 07,1,0
2011/12/17 08,1,2
2011/12/18 04,1,5
2011/12/18 05,1,11
2011/12/18 06,2,13
2011/12/18 07,2,110
2011/12/18 08,2,17
2011/12/18 09,2,21
2011/12/18 10,1,20
2011/12/18 11,1,23
2011/12/18 12,1,21
2011/12/18 20,1,0
2011/12/18 21,3,5381
2011/12/18 22,3,5487
2011/12/18 23,2,5537
2011/12/19 00,2,4816
2011/12/19 01,1,21
2011/12/19 19,1,3
2011/12/19 20,1,4
2011/12/20 05,1,40
2011/12/20 06,1,22
2011/12/22 03,1,1
2011/12/22 04,1,4
2011/12/22 07,1,21
2011/12/22 08,1,23
2011/12/22 09,1,16
2011/12/23 03,1,2
2011/12/23 04,1,2
2011/12/24 06,1,0
2011/12/24 07,1,12
2011/12/24 08,1,13
2011/12/24 09,1,14
2011/12/24 10,1,14
2011/12/25 10,1,1
2011/12/25 11,1,1
2011/12/25 14,1,1
2011/12/26 06,1,23
2011/12/26 07,2,28
2011/12/26 08,2,27
2011/12/26 09,1,20
2011/12/26 16,1,3
2011/12/26 17,1,3
2011/12/26 18,1,4
2011/12/27 11,1,0
2011/12/27 13,1,2
2011/12/27 14,1,1
2011/12/27 21,1,3731
2011/12/27 22,1,4142
2011/12/27 23,2,4590
2011/12/28 00,1,4202
2011/12/28 17,1,7
2011/12/28 18,1,4
2011/12/29 10,1,6
2011/12/29 11,1,3
2011/12/29 12,1,2
2011/12/29 13,1,2
2011/12/29 14,1,1
2011/12/29 21,1,1
2011/12/29 22,1,2
2011/12/31 21,1,1
2011/12/31 22,1,1
2011/12/31 23,1,3
2012/01/02 21,1,3
2012/01/02 22,1,3
2012/01/02 23,2,1
2012/01/03 00,1,1
2012/01/03 01,1,2
2012/01/03 02,1,1
2012/01/03 03,1,2
2012/01/03 04,1,1
2012/01/03 13,1,1
2012/01/03 15,1,0
2012/01/03 21,1,3553
2012/01/03 22,2,6507
2012/01/03 23,2,6939
2012/01/04 00,2,7077
2012/01/04 01,3,5957
2012/01/04 02,2,5252
2012/01/04 03,1,28
2012/01/04 04,2,28
2012/01/04 05,2,27
2012/01/04 06,1,24
2012/01/04 07,1,21
2012/01/04 11,1,1
2012/01/04 12,1,2
2012/01/04 21,1,3
2012/01/04 22,1,22
2012/01/04 23,1,29
2012/01/05 00,1,29
2012/01/05 01,1,31
2012/01/05 02,1,34
2012/01/05 03,1,27
2012/01/05 04,1,20
2012/01/05 05,1,14
2012/01/05 21,1,6
2012/01/05 22,1,18
2012/01/05 23,1,25
2012/01/06 00,1,35
2012/01/06 01,1,38
2012/01/06 02,1,44
2012/01/06 03,2,46
2012/01/06 04,2,42
2012/01/06 05,1,29
2012/01/06 06,1,24
2012/01/06 07,1,16
2012/01/06 09,1,3
2012/01/06 10,1,3
2012/01/06 14,1,1
2012/01/06 15,1,4
2012/01/06 16,1,6
2012/01/06 17,2,8
2012/01/06 18,1,7
2012/01/06 19,1,8
2012/01/06 20,1,6
2012/01/06 21,2,3014
2012/01/06 22,3,4897
2012/01/06 23,2,5744
2012/01/07 00,2,5746
2012/01/07 01,2,5418
2012/01/07 02,2,4934
2012/01/07 03,1,27
2012/01/07 10,1,3
2012/01/07 11,1,8
2012/01/07 12,1,6
2012/01/07 13,1,14
2012/01/07 14,1,15
2012/01/07 15,1,16
2012/01/07 16,1,17
2012/01/07 17,1,15
2012/01/07 19,2,3
2012/01/07 20,3,17
2012/01/07 21,2,31
2012/01/07 22,2,47
2012/01/07 23,3,45
2012/01/08 00,3,11
2012/01/08 01,2,6
2012/01/08 02,2,8
2012/01/08 03,1,8
2012/01/08 04,1,3
2012/01/08 15,1,1
2012/01/08 16,1,3
2012/01/08 17,2,12
2012/01/08 18,2,12
2012/01/08 19,2,12
2012/01/09 00,1,1
2012/01/09 01,1,2
2012/01/09 02,1,2
2012/01/09 04,1,14
2012/01/09 05,1,28
2012/01/09 06,1,29
2012/01/09 07,1,20
2012/01/09 08,2,14
2012/01/09 09,1,3
2012/01/09 10,1,2
