2011/09/30 22,9,423
2011/09/30 23,7,156
2011/10/01 00,7,88
2011/10/01 01,8,88
2011/10/01 02,9,81
2011/10/01 03,11,107
2011/10/01 04,9,114
2011/10/01 05,10,108
2011/10/01 06,5,19
2011/10/01 07,3,49
2011/10/01 08,3,55
2011/10/01 09,1,40
2011/10/01 10,2,33
2011/10/01 13,1,26
2011/10/01 14,2,81
2011/10/01 15,3,108
2011/10/01 16,6,135
2011/10/01 17,10,222
2011/10/01 18,11,373
2011/10/01 19,9,376
2011/10/01 20,7,262
2011/10/01 21,9,308
2011/10/01 22,10,192
2011/10/01 23,8,187
2011/10/02 00,7,138
2011/10/02 01,7,60
2011/10/02 02,15,298
2011/10/02 03,14,350
2011/10/02 04,10,375
2011/10/02 05,8,382
2011/10/02 06,8,395
2011/10/02 07,7,382
2011/10/02 08,4,389
2011/10/02 09,5,425
2011/10/02 10,4,471
2011/10/02 11,3,445
2011/10/02 12,4,495
2011/10/02 13,4,161
2011/10/02 14,4,306
2011/10/02 15,3,374
2011/10/02 16,5,387
2011/10/02 17,10,357
2011/10/02 18,7,245
2011/10/02 19,7,272
2011/10/02 20,7,286
2011/10/02 21,4,140
2011/10/02 22,3,92
2011/10/02 23,8,95
2011/10/03 00,11,108
2011/10/03 01,10,100
2011/10/03 02,6,146
2011/10/03 03,5,126
2011/10/03 04,6,141
2011/10/03 05,6,272
2011/10/03 06,6,161
2011/10/03 07,2,38
2011/10/03 08,1,29
2011/10/03 09,1,2
2011/10/03 10,1,7
2011/10/03 12,2,47
2011/10/03 13,2,94
2011/10/03 14,2,149
2011/10/03 15,4,180
2011/10/03 16,5,467
2011/10/03 17,6,616
2011/10/03 18,5,657
2011/10/03 19,8,695
2011/10/03 20,7,758
2011/10/03 21,7,806
2011/10/03 22,9,1232
2011/10/03 23,9,1161
2011/10/04 00,8,1354
2011/10/04 01,7,1221
2011/10/04 02,5,846
2011/10/04 03,6,992
2011/10/04 04,5,1390
2011/10/04 05,6,1085
2011/10/04 06,2,38
2011/10/04 07,3,46
2011/10/04 08,2,15
2011/10/04 10,1,3
2011/10/04 11,1,3
2011/10/04 12,2,4
2011/10/04 13,3,9
2011/10/04 14,5,83
2011/10/04 15,4,108
2011/10/04 16,2,126
2011/10/04 17,4,155
2011/10/04 18,7,110
2011/10/04 19,7,124
2011/10/04 20,8,164
2011/10/04 21,7,253
2011/10/04 22,8,351
2011/10/04 23,8,464
2011/10/05 00,9,518
2011/10/05 01,9,364
2011/10/05 02,9,202
2011/10/05 03,9,212
2011/10/05 04,8,178
2011/10/05 05,7,90
2011/10/05 06,5,83
2011/10/05 07,1,12
2011/10/05 08,1,22
2011/10/05 09,1,18
2011/10/05 10,1,20
2011/10/05 11,2,18
2011/10/05 12,3,63
2011/10/05 13,4,99
2011/10/05 14,5,158
2011/10/05 15,6,170
2011/10/05 16,4,41
2011/10/05 17,5,94
2011/10/05 18,6,120
2011/10/05 19,8,236
2011/10/05 20,10,324
2011/10/05 21,12,446
2011/10/05 22,8,495
2011/10/05 23,11,491
2011/10/06 00,15,472
2011/10/06 01,11,175
2011/10/06 02,8,170
2011/10/06 03,8,183
2011/10/06 04,4,47
2011/10/06 05,3,23
2011/10/06 06,3,29
2011/10/06 07,1,28
2011/10/06 11,1,5
2011/10/06 12,2,34
2011/10/06 13,4,38
2011/10/06 14,3,39
2011/10/06 15,2,43
2011/10/06 16,4,115
2011/10/06 17,5,161
2011/10/06 18,8,226
2011/10/06 19,7,273
2011/10/06 20,8,445
2011/10/06 21,11,570
2011/10/06 22,10,469
2011/10/06 23,10,354
2011/10/07 00,11,150
2011/10/07 01,12,169
2011/10/07 02,10,133
2011/10/07 03,4,89
2011/10/07 04,2,62
2011/10/07 05,2,59
2011/10/07 06,1,49
2011/10/07 07,1,47
2011/10/07 08,1,44
2011/10/07 11,2,9
2011/10/07 12,2,10
2011/10/07 13,4,213
2011/10/07 14,9,467
2011/10/07 15,9,558
2011/10/07 16,9,646
2011/10/07 17,12,706
2011/10/07 18,9,312
2011/10/07 19,10,376
2011/10/07 20,9,517
2011/10/07 21,9,334
2011/10/07 22,9,206
2011/10/07 23,7,281
2011/10/08 00,10,307
2011/10/08 01,9,214
2011/10/08 02,8,185
2011/10/08 03,6,62
2011/10/08 04,5,72
2011/10/08 05,5,62
2011/10/08 06,3,46
2011/10/08 07,1,1
2011/10/08 08,2,1
2011/10/08 09,2,1
2011/10/08 10,2,9
2011/10/08 11,2,10
2011/10/08 12,2,32
2011/10/08 13,3,21
2011/10/08 14,9,65
2011/10/08 15,9,90
2011/10/08 16,11,191
2011/10/08 17,14,254
2011/10/08 18,11,274
2011/10/08 19,11,120
2011/10/08 20,14,138
2011/10/08 21,10,127
2011/10/08 22,10,132
2011/10/08 23,9,104
2011/10/09 00,9,343
2011/10/09 01,7,383
2011/10/09 02,6,354
2011/10/09 03,4,46
2011/10/09 04,3,56
2011/10/09 05,1,49
2011/10/09 06,3,58
2011/10/09 07,1,3
2011/10/09 08,4,35
2011/10/09 09,5,63
2011/10/09 10,4,69
2011/10/09 11,6,117
2011/10/09 12,11,156
2011/10/09 13,8,177
2011/10/09 14,6,123
2011/10/09 15,12,152
2011/10/09 16,15,224
2011/10/09 17,10,171
2011/10/09 18,8,175
2011/10/09 19,8,143
2011/10/09 20,7,137
2011/10/09 21,12,370
2011/10/09 22,10,457
2011/10/09 23,9,109
2011/10/10 00,7,110
2011/10/10 01,8,135
2011/10/10 02,5,75
2011/10/10 03,4,65
2011/10/10 04,1,29
2011/10/10 05,2,1
2011/10/10 06,3,13
2011/10/10 07,3,25
2011/10/10 08,4,38
2011/10/10 09,4,45
2011/10/10 10,3,35
2011/10/10 11,2,67
2011/10/10 12,3,105
2011/10/10 13,5,116
2011/10/10 14,6,101
2011/10/10 15,7,152
2011/10/10 16,7,199
2011/10/10 17,7,168
2011/10/10 21,4,173
2011/10/10 22,5,181
2011/10/10 23,4,51
2011/10/11 00,7,51
2011/10/11 01,6,51
2011/10/11 02,4,19
2011/10/11 03,6,45
2011/10/11 04,7,55
2011/10/11 05,5,49
2011/10/11 06,4,10
2011/10/11 07,2,7
2011/10/11 08,2,16
2011/10/11 09,1,11
2011/10/11 11,1,17
2011/10/11 12,1,135
2011/10/11 13,4,310
2011/10/11 14,3,571
2011/10/11 15,4,673
2011/10/11 16,6,835
2011/10/11 17,6,939
2011/10/11 18,5,906
2011/10/11 19,7,728
2011/10/11 20,7,723
2011/10/11 21,9,659
2011/10/11 22,11,728
2011/10/11 23,13,720
2011/10/12 00,10,761
2011/10/12 01,9,592
2011/10/12 02,9,151
2011/10/12 03,9,89
2011/10/12 04,9,67
2011/10/12 05,3,55
2011/10/12 06,6,56
2011/10/12 07,4,17
2011/10/12 08,4,28
2011/10/12 09,4,32
2011/10/12 10,3,13
2011/10/12 11,2,115
2011/10/12 12,2,207
2011/10/12 13,4,282
2011/10/12 14,7,303
2011/10/12 15,8,495
2011/10/12 16,11,804
2011/10/12 17,13,942
2011/10/12 18,9,654
2011/10/12 19,8,741
2011/10/12 20,6,678
2011/10/12 21,6,336
2011/10/12 22,11,594
2011/10/12 23,13,668
2011/10/13 00,14,668
2011/10/13 01,12,572
2011/10/13 02,15,550
2011/10/13 03,12,211
2011/10/13 04,8,67
2011/10/13 05,6,47
2011/10/13 06,4,57
2011/10/13 07,3,62
2011/10/13 08,3,24
2011/10/13 09,1,3
2011/10/13 10,1,3
2011/10/13 11,2,559
2011/10/13 12,2,676
2011/10/13 13,5,664
2011/10/13 14,5,699
2011/10/13 15,5,672
2011/10/13 16,8,546
2011/10/13 17,8,561
2011/10/13 18,10,378
2011/10/13 19,12,453
2011/10/13 20,11,306
2011/10/13 21,11,359
2011/10/13 22,7,73
2011/10/13 23,6,31
2011/10/14 00,7,20
2011/10/14 01,7,31
2011/10/14 02,6,38
2011/10/14 03,10,144
2011/10/14 04,10,174
2011/10/14 05,11,197
2011/10/14 06,7,135
2011/10/14 07,6,139
2011/10/14 08,7,151
2011/10/14 09,6,91
2011/10/14 10,8,517
2011/10/14 11,5,621
2011/10/14 12,5,652
2011/10/14 13,7,880
2011/10/14 14,7,851
2011/10/14 15,7,746
2011/10/14 16,6,585
2011/10/14 17,8,603
2011/10/14 18,9,588
2011/10/14 19,11,809
2011/10/14 20,12,901
2011/10/14 21,14,687
2011/10/14 22,15,710
2011/10/14 23,11,464
2011/10/15 00,13,87
2011/10/15 01,14,82
2011/10/15 02,14,94
2011/10/15 03,14,90
2011/10/15 04,13,146
2011/10/15 05,12,195
2011/10/15 06,6,19
2011/10/15 07,4,15
2011/10/15 08,4,61
2011/10/15 09,3,98
2011/10/15 10,2,16
2011/10/15 11,4,23
2011/10/15 12,5,77
2011/10/15 13,7,440
2011/10/15 14,8,488
2011/10/15 15,12,471
2011/10/15 16,11,357
2011/10/15 17,8,413
2011/10/15 18,11,472
2011/10/15 19,13,680
2011/10/15 20,15,913
2011/10/15 21,16,766
2011/10/15 22,14,463
2011/10/15 23,11,489
2011/10/16 00,7,391
2011/10/16 01,9,350
2011/10/16 02,15,467
2011/10/16 03,16,504
2011/10/16 04,10,477
2011/10/16 05,6,357
2011/10/16 06,6,350
2011/10/16 07,7,365
2011/10/16 08,5,46
2011/10/16 09,3,27
2011/10/16 10,4,35
2011/10/16 11,5,45
2011/10/16 12,5,274
2011/10/16 13,4,382
2011/10/16 14,4,417
2011/10/16 15,9,543
2011/10/16 16,13,515
2011/10/16 17,13,568
2011/10/16 18,10,528
2011/10/16 19,6,330
2011/10/16 20,12,450
2011/10/16 21,14,415
2011/10/16 22,13,390
2011/10/16 23,8,186
2011/10/17 00,10,158
2011/10/17 01,14,162
2011/10/17 02,13,157
2011/10/17 03,9,106
2011/10/17 04,7,43
2011/10/17 05,6,37
2011/10/17 06,5,23
2011/10/17 07,5,32
2011/10/17 08,5,42
2011/10/17 09,4,33
2011/10/17 10,1,8
2011/10/17 11,2,20
2011/10/17 12,1,39
2011/10/17 13,2,58
2011/10/17 14,4,140
2011/10/17 15,5,401
2011/10/17 16,4,453
2011/10/17 17,5,543
2011/10/17 18,6,542
2011/10/17 19,5,339
2011/10/17 20,9,373
2011/10/17 21,11,229
2011/10/17 22,8,181
2011/10/17 23,10,203
2011/10/18 00,11,222
2011/10/18 01,10,142
2011/10/18 02,11,145
2011/10/18 03,10,131
2011/10/18 04,8,108
2011/10/18 05,7,92
2011/10/18 06,8,145
2011/10/18 07,8,152
2011/10/18 08,10,163
2011/10/18 09,8,138
2011/10/18 10,6,68
2011/10/18 11,3,58
2011/10/18 12,3,77
2011/10/18 13,4,72
2011/10/18 14,5,136
2011/10/18 15,6,150
2011/10/18 16,5,95
2011/10/18 17,4,154
2011/10/18 18,5,284
2011/10/18 19,4,314
2011/10/18 20,5,323
2011/10/18 21,4,167
2011/10/18 22,3,123
2011/10/18 23,4,132
2011/10/19 00,16,437
2011/10/19 01,13,367
2011/10/19 02,11,313
2011/10/19 03,9,335
2011/10/19 04,8,295
2011/10/19 05,7,96
2011/10/19 06,7,95
2011/10/19 07,4,41
2011/10/19 08,3,45
2011/10/19 09,4,42
2011/10/19 10,4,237
2011/10/19 11,2,390
2011/10/19 12,4,610
2011/10/19 13,5,680
2011/10/19 14,4,776
2011/10/19 15,5,819
2011/10/19 16,4,728
2011/10/19 17,6,753
2011/10/19 18,6,780
2011/10/19 19,6,358
2011/10/19 20,8,470
2011/10/19 21,10,421
2011/10/19 22,10,535
2011/10/19 23,8,393
2011/10/20 00,6,104
2011/10/20 01,6,111
2011/10/20 02,3,41
2011/10/20 03,3,44
2011/10/20 04,2,22
2011/10/20 05,2,22
2011/10/20 07,1,13
2011/10/20 08,2,41
2011/10/20 09,2,22
2011/10/20 10,1,4
2011/10/20 11,1,2
2011/10/20 12,2,238
2011/10/20 13,4,489
2011/10/20 14,5,765
2011/10/20 15,6,713
2011/10/20 16,8,624
2011/10/20 17,7,856
2011/10/20 18,7,986
2011/10/20 19,8,1053
2011/10/20 20,8,978
2011/10/20 21,5,61
2011/10/20 22,8,123
2011/10/20 23,7,154
2011/10/21 00,12,208
2011/10/21 01,10,211
2011/10/21 02,9,189
2011/10/21 03,8,155
2011/10/21 04,3,63
2011/10/21 05,4,128
2011/10/21 06,4,136
2011/10/21 07,2,84
2011/10/21 08,3,64
2011/10/21 09,3,17
2011/10/21 10,2,10
2011/10/21 11,3,15
2011/10/21 12,4,58
2011/10/21 13,6,281
2011/10/21 14,8,415
2011/10/21 15,6,509
2011/10/21 16,9,625
2011/10/21 17,8,664
2011/10/21 18,8,177
2011/10/21 19,10,159
2011/10/21 20,13,208
2011/10/21 21,13,262
2011/10/21 22,14,264
2011/10/21 23,14,246
2011/10/22 00,10,248
2011/10/22 01,15,393
2011/10/22 02,12,421
2011/10/22 03,13,446
2011/10/22 04,10,510
2011/10/22 05,9,522
2011/10/22 06,6,463
2011/10/22 07,6,484
2011/10/22 08,2,73
2011/10/22 09,2,104
2011/10/22 10,4,104
2011/10/22 11,3,41
2011/10/22 12,4,75
2011/10/22 13,5,98
2011/10/22 14,7,175
2011/10/22 15,6,81
2011/10/22 16,8,114
2011/10/22 17,9,85
2011/10/22 18,8,94
2011/10/22 19,11,116
2011/10/22 20,9,77
2011/10/22 21,9,182
2011/10/22 22,8,364
2011/10/22 23,8,434
2011/10/23 00,9,462
2011/10/23 01,7,527
2011/10/23 02,12,508
2011/10/23 03,11,519
2011/10/23 04,10,482
2011/10/23 05,11,447
2011/10/23 06,10,107
2011/10/23 07,8,140
2011/10/23 08,8,119
2011/10/23 09,3,103
2011/10/23 10,2,130
2011/10/23 11,1,46
2011/10/23 12,1,1
2011/10/23 13,2,19
2011/10/23 14,2,39
2011/10/23 15,7,47
2011/10/23 16,8,60
2011/10/23 17,4,18
2011/10/23 18,6,32
2011/10/23 19,8,83
2011/10/23 20,12,98
2011/10/23 21,14,157
2011/10/23 22,12,162
2011/10/23 23,8,66
2011/10/24 00,3,19
2011/10/24 01,3,18
2011/10/24 02,4,14
2011/10/24 03,5,40
2011/10/24 04,5,41
2011/10/24 05,6,104
2011/10/24 06,8,238
2011/10/24 07,6,234
2011/10/24 08,4,239
2011/10/24 09,4,166
2011/10/24 10,3,39
2011/10/24 11,3,57
2011/10/24 12,3,61
2011/10/24 13,3,75
2011/10/24 14,2,28
2011/10/24 15,2,27
2011/10/24 16,1,12
2011/10/24 18,2,15
2011/10/24 19,6,55
2011/10/24 20,6,118
2011/10/24 21,7,217
2011/10/24 22,8,341
2011/10/24 23,8,319
2011/10/25 00,10,157
2011/10/25 01,7,46
2011/10/25 02,7,47
2011/10/25 03,6,50
2011/10/25 04,5,50
2011/10/25 05,5,62
2011/10/25 06,5,157
2011/10/25 07,5,215
2011/10/25 08,4,180
2011/10/25 09,3,185
2011/10/25 10,1,34
2011/10/25 11,2,40
2011/10/25 12,2,40
2011/10/25 13,3,44
2011/10/25 14,3,52
2011/10/25 15,4,68
2011/10/25 16,4,143
2011/10/25 17,5,68
2011/10/25 18,6,126
2011/10/25 19,4,153
2011/10/25 20,5,161
2011/10/25 21,5,166
2011/10/25 22,6,136
2011/10/25 23,7,173
2011/10/26 00,10,165
2011/10/26 01,15,434
2011/10/26 02,13,488
2011/10/26 03,12,417
2011/10/26 04,8,302
2011/10/26 05,7,310
2011/10/26 06,7,349
2011/10/26 07,6,365
2011/10/26 08,4,394
2011/10/26 09,2,236
2011/10/26 10,1,1
2011/10/26 14,1,5
2011/10/26 16,1,0
2011/10/26 17,1,0
2011/10/26 18,2,139
2011/10/26 19,3,239
2011/10/26 20,2,185
2011/10/26 21,3,88
2011/10/26 22,3,112
2011/10/26 23,10,220
2011/10/27 00,10,189
2011/10/27 01,10,110
2011/10/27 02,9,130
2011/10/27 03,13,317
2011/10/27 04,10,368
2011/10/27 05,10,442
2011/10/27 06,9,400
2011/10/27 07,7,387
2011/10/27 08,5,422
2011/10/27 09,5,437
2011/10/27 10,3,351
2011/10/27 11,1,8
2011/10/27 12,1,1
2011/10/27 13,1,3
2011/10/27 14,2,76
2011/10/27 15,1,78
2011/10/27 16,1,83
2011/10/27 17,1,0
2011/10/27 19,5,51
2011/10/27 20,9,124
2011/10/27 21,12,139
2011/10/27 22,12,187
2011/10/27 23,7,114
2011/10/28 00,11,168
2011/10/28 01,9,151
2011/10/28 02,8,217
2011/10/28 03,11,357
2011/10/28 04,10,421
2011/10/28 05,8,141
2011/10/28 06,10,149
2011/10/28 07,7,150
2011/10/28 08,7,142
2011/10/28 09,3,120
2011/10/28 10,2,10
2011/10/28 11,1,5
2011/10/28 12,1,1
2011/10/28 13,2,4
2011/10/28 14,2,14
2011/10/28 15,2,23
2011/10/28 16,3,24
2011/10/28 17,6,46
2011/10/28 18,7,80
2011/10/28 19,8,111
2011/10/28 20,6,117
2011/10/28 21,9,168
2011/10/28 22,8,144
2011/10/28 23,12,170
2011/10/29 00,10,327
2011/10/29 01,9,335
2011/10/29 02,12,415
2011/10/29 03,10,418
2011/10/29 04,11,448
2011/10/29 05,11,452
2011/10/29 06,11,516
2011/10/29 07,11,567
2011/10/29 08,7,289
2011/10/29 09,8,311
2011/10/29 10,6,156
2011/10/29 11,3,41
2011/10/29 12,2,35
2011/10/29 13,1,1
2011/10/29 14,3,54
2011/10/29 15,3,72
2011/10/29 16,4,64
2011/10/29 17,3,84
2011/10/29 18,5,99
2011/10/29 19,10,143
2011/10/29 20,9,129
2011/10/29 21,10,131
2011/10/29 22,13,211
2011/10/29 23,13,234
2011/10/30 00,9,167
2011/10/30 01,11,145
2011/10/30 02,14,377
2011/10/30 03,15,515
2011/10/30 04,16,502
2011/10/30 05,8,155
2011/10/30 06,6,141
2011/10/30 07,5,155
2011/10/30 08,4,145
2011/10/30 09,5,230
2011/10/30 10,3,114
2011/10/30 11,2,120
2011/10/30 12,5,292
2011/10/30 13,5,393
2011/10/30 14,5,426
2011/10/30 15,5,236
2011/10/30 16,8,237
2011/10/30 17,10,262
2011/10/30 18,9,309
2011/10/30 19,9,205
2011/10/30 20,6,121
2011/10/30 21,12,229
2011/10/30 22,18,661
2011/10/30 23,17,812
2011/10/31 00,18,1005
2011/10/31 01,15,718
2011/10/31 02,12,502
2011/10/31 03,9,406
2011/10/31 04,6,56
2011/10/31 05,8,99
2011/10/31 06,7,190
2011/10/31 07,4,218
2011/10/31 08,2,216
2011/10/31 09,3,235
2011/10/31 10,3,195
2011/10/31 11,2,14
2011/10/31 12,2,15
2011/10/31 13,2,12
2011/10/31 14,2,19
2011/10/31 15,2,12
2011/10/31 16,1,5
2011/10/31 17,2,5
2011/10/31 18,3,15
2011/10/31 19,4,12
2011/10/31 20,9,56
2011/10/31 21,11,75
2011/10/31 22,14,89
2011/10/31 23,11,113
2011/11/01 00,14,139
2011/11/01 01,13,114
2011/11/01 02,10,116
2011/11/01 03,9,90
2011/11/01 04,6,127
2011/11/01 05,7,273
2011/11/01 06,6,323
2011/11/01 07,4,293
2011/11/01 08,4,64
2011/11/01 09,3,61
2011/11/01 10,1,4
2011/11/01 11,1,77
2011/11/01 12,1,130
2011/11/01 14,1,0
2011/11/01 15,5,114
2011/11/01 16,7,160
2011/11/03 15,4,150
2011/11/03 16,7,179
2011/11/03 17,10,181
2011/11/03 18,7,158
2011/11/03 19,11,212
2011/11/03 20,10,261
2011/11/03 21,9,329
2011/11/03 22,11,252
2011/11/03 23,14,284
2011/11/04 00,15,373
2011/11/04 01,14,351
2011/11/04 02,10,194
2011/11/04 03,7,181
2011/11/04 04,8,151
2011/11/04 05,7,155
2011/11/04 06,7,143
2011/11/04 07,6,138
2011/11/04 08,5,125
2011/11/04 09,4,123
2011/11/04 10,4,125
2011/11/04 11,5,149
2011/11/04 12,4,149
2011/11/04 13,4,144
2011/11/04 14,3,121
2011/11/04 15,5,138
2011/11/04 16,5,193
2011/11/04 17,5,221
2011/11/04 18,7,219
2011/11/04 19,8,282
2011/11/04 20,14,311
2011/11/04 21,15,297
2011/11/04 22,11,291
2011/11/04 23,10,274
2011/11/05 00,11,344
2011/11/05 01,7,214
2011/11/05 02,9,216
2011/11/05 03,10,225
2011/11/05 04,9,258
2011/11/05 05,11,193
2011/11/05 06,10,213
2011/11/05 07,9,177
2011/11/05 08,7,177
2011/11/05 09,6,173
2011/11/05 10,6,155
2011/11/05 11,6,174
2011/11/05 12,5,242
2011/11/05 13,5,272
2011/11/05 14,3,273
2011/11/05 15,6,298
2011/11/05 16,6,340
2011/11/05 17,10,433
2011/11/05 18,12,259
2011/11/05 19,11,252
2011/11/05 20,15,336
2011/11/05 21,15,379
2011/11/05 22,12,254
2011/11/05 23,9,222
2011/11/06 00,11,166
2011/11/06 01,15,208
2011/11/06 02,23,432
2011/11/06 03,23,642
2011/11/06 04,25,733
2011/11/06 05,18,475
2011/11/06 06,15,383
2011/11/06 07,10,108
2011/11/06 08,6,79
2011/11/06 09,5,68
2011/11/06 10,2,51
2011/11/06 11,2,50
2011/11/06 12,3,65
2011/11/06 13,3,76
2011/11/06 14,6,97
2011/11/06 15,5,100
2011/11/06 16,5,110
2011/11/06 17,8,139
2011/11/06 18,6,184
2011/11/06 19,8,172
2011/11/06 20,6,126
2011/11/06 21,5,116
2011/11/06 22,8,147
2011/11/06 23,12,280
2011/11/07 00,11,294
2011/11/07 01,11,412
2011/11/07 02,13,203
2011/11/07 03,10,137
2011/11/07 04,12,168
2011/11/07 05,12,102
2011/11/07 06,12,97
2011/11/07 07,5,43
2011/11/07 08,6,36
2011/11/07 09,4,48
2011/11/07 10,3,47
2011/11/07 12,1,16
2011/11/07 13,1,30
2011/11/07 14,1,29
2011/11/07 15,1,5
2011/11/07 16,2,37
2011/11/07 17,4,105
2011/11/07 18,3,151
2011/11/07 19,2,76
2011/11/07 20,5,75
2011/11/07 21,11,150
2011/11/07 22,11,227
2011/11/07 23,13,300
2011/11/08 00,13,313
2011/11/08 01,11,201
2011/11/08 02,10,131
2011/11/08 03,13,278
2011/11/08 04,12,526
2011/11/08 05,12,488
2011/11/08 06,10,482
2011/11/08 07,10,485
2011/11/08 08,8,123
2011/11/08 09,5,32
2011/11/08 10,3,16
2011/11/08 11,1,7
2011/11/08 12,1,9
2011/11/08 13,2,21
2011/11/08 14,2,18
2011/11/08 16,2,22
2011/11/08 17,2,31
2011/11/08 18,2,29
2011/11/08 19,4,8
2011/11/08 20,2,35
2011/11/08 21,6,131
2011/11/08 22,8,196
2011/11/08 23,13,232
2011/11/09 00,12,225
2011/11/09 01,11,207
2011/11/09 02,16,189
2011/11/09 03,15,206
2011/11/09 04,14,189
2011/11/09 05,12,245
2011/11/09 06,10,364
2011/11/09 07,7,364
2011/11/09 08,6,289
2011/11/09 09,5,321
2011/11/09 10,5,305
2011/11/09 11,4,259
2011/11/09 12,2,25
2011/11/09 13,3,42
2011/11/09 14,2,28
2011/11/09 15,1,32
2011/11/09 16,1,6
2011/11/09 17,3,26
2011/11/09 18,6,84
2011/11/09 19,7,138
2011/11/09 20,7,285
2011/11/09 21,9,364
2011/11/09 22,14,772
2011/11/09 23,18,865
2011/11/10 00,18,847
2011/11/10 01,14,478
2011/11/10 02,15,213
2011/11/10 03,15,239
2011/11/10 04,11,115
2011/11/10 05,14,118
2011/11/10 06,10,93
2011/11/10 07,8,72
2011/11/10 08,7,37
2011/11/10 09,4,36
2011/11/10 10,4,33
2011/11/10 11,4,40
2011/11/10 12,4,38
2011/11/10 13,4,54
2011/11/10 14,3,33
2011/11/10 15,1,7
2011/11/10 16,2,23
2011/11/10 17,3,26
2011/11/10 18,4,62
2011/11/10 19,6,115
2011/11/10 20,7,129
2011/11/10 21,6,164
2011/11/10 22,9,195
2011/11/10 23,6,96
2011/11/11 00,12,139
2011/11/11 01,10,177
2011/11/11 02,11,332
2011/11/11 03,8,210
2011/11/11 04,9,186
2011/11/11 05,9,194
2011/11/11 06,6,38
2011/11/11 07,9,81
2011/11/11 08,8,87
2011/11/11 09,8,96
2011/11/11 10,8,69
2011/11/11 11,9,83
2011/11/11 12,7,75
2011/11/11 13,6,68
2011/11/11 14,6,35
2011/11/11 15,4,31
2011/11/11 16,3,12
2011/11/11 17,4,18
2011/11/11 18,12,444
2011/11/11 19,11,266
2011/11/11 20,19,399
2011/11/11 21,20,414
2011/11/11 22,19,466
2011/11/11 23,13,202
2011/11/12 00,10,183
2011/11/12 01,10,153
2011/11/12 02,13,98
2011/11/12 03,14,157
2011/11/12 04,14,177
2011/11/12 05,12,123
2011/11/12 06,15,106
2011/11/12 07,11,100
2011/11/12 08,13,92
2011/11/12 09,11,92
2011/11/12 10,8,81
2011/11/12 11,8,87
2011/11/12 12,8,78
2011/11/12 13,7,80
2011/11/12 14,9,90
2011/11/12 15,9,93
2011/11/12 16,12,113
2011/11/12 17,14,235
2011/11/12 18,13,255
2011/11/12 19,12,193
2011/11/12 20,15,213
2011/11/12 21,18,229
2011/11/12 22,22,263
2011/11/12 23,20,274
2011/11/13 00,20,284
2011/11/13 01,16,205
2011/11/13 02,19,195
2011/11/13 03,15,234
2011/11/13 04,14,223
2011/11/13 05,9,131
2011/11/13 06,11,148
2011/11/13 07,12,128
2011/11/13 08,12,134
2011/11/13 12,4,66
2011/11/13 13,4,56
2011/11/13 14,5,60
2011/11/13 15,9,234
2011/11/13 16,10,363
2011/11/13 17,9,488
2011/11/13 18,11,414
2011/11/13 19,12,182
2011/11/13 20,11,194
2011/11/13 21,13,254
2011/11/13 22,17,631
2011/11/13 23,15,842
2011/11/14 00,8,740
2011/11/14 01,10,751
2011/11/14 02,11,701
2011/11/14 03,13,645
2011/11/14 04,9,521
2011/11/14 05,9,363
2011/11/14 06,8,141
2011/11/14 07,5,93
2011/11/14 08,3,65
2011/11/14 09,3,76
2011/11/14 10,3,73
2011/11/14 11,3,48
2011/11/14 12,3,34
2011/11/14 13,3,13
2011/11/14 14,3,19
2011/11/14 15,3,29
2011/11/14 16,4,49
2011/11/14 17,7,154
2011/11/14 18,5,230
2011/11/14 19,7,269
2011/11/14 20,8,335
2011/11/14 21,6,335
2011/11/14 22,8,58
2011/11/14 23,10,110
2011/11/15 00,10,122
2011/11/15 01,10,129
2011/11/15 02,7,94
2011/11/15 03,10,127
2011/11/15 04,10,149
2011/11/15 05,7,114
2011/11/15 06,8,109
2011/11/15 07,7,36
2011/11/15 08,4,80
2011/11/15 09,3,86
2011/11/15 10,3,14
2011/11/15 11,5,27
2011/11/15 12,3,38
2011/11/15 13,3,12
2011/11/15 14,4,35
2011/11/15 15,6,56
2011/11/15 16,7,98
2011/11/15 17,5,103
2011/11/15 18,6,92
2011/11/15 19,11,121
2011/11/15 20,12,206
2011/11/15 21,11,183
2011/11/15 22,15,202
2011/11/15 23,12,159
2011/11/16 00,10,101
2011/11/16 01,7,97
2011/11/16 02,8,55
2011/11/16 03,10,53
2011/11/16 04,8,48
2011/11/16 05,10,58
2011/11/16 06,11,82
2011/11/16 07,10,94
2011/11/16 08,8,90
2011/11/16 09,6,85
2011/11/16 10,4,31
2011/11/16 11,5,46
2011/11/16 12,4,82
2011/11/16 13,4,99
2011/11/16 14,3,72
2011/11/16 15,1,9
2011/11/16 17,1,6
2011/11/16 18,2,39
2011/11/16 19,3,41
2011/11/16 20,6,83
2011/11/16 21,11,208
2011/11/16 22,13,258
2011/11/16 23,15,292
2011/11/17 00,17,209
2011/11/17 01,14,243
2011/11/17 02,11,225
2011/11/17 03,12,129
2011/11/17 04,12,151
2011/11/17 05,13,160
2011/11/17 06,11,137
2011/11/17 07,9,100
2011/11/17 08,7,74
2011/11/17 09,6,75
2011/11/17 10,4,63
2011/11/17 11,3,31
2011/11/17 12,2,52
2011/11/17 13,4,76
2011/11/17 14,3,61
2011/11/17 15,2,37
2011/11/17 16,2,46
2011/11/17 17,3,60
2011/11/17 18,7,85
2011/11/17 19,10,156
2011/11/17 20,10,206
2011/11/17 21,13,225
2011/11/17 22,12,222
2011/11/17 23,13,223
2011/11/18 00,13,119
2011/11/18 01,14,121
2011/11/18 02,12,106
2011/11/18 03,15,172
2011/11/18 04,18,216
2011/11/18 05,17,250
2011/11/18 06,15,156
2011/11/18 07,11,138
2011/11/18 08,11,97
2011/11/18 09,8,56
2011/11/18 10,10,83
2011/11/18 11,10,120
2011/11/18 12,10,143
2011/11/18 13,12,147
2011/11/18 14,14,208
2011/11/18 15,14,283
2011/11/18 16,18,490
2011/11/18 17,21,649
2011/11/18 18,22,644
2011/11/18 19,23,598
2011/11/18 20,26,695
2011/11/18 21,28,889
2011/11/18 22,34,773
2011/11/18 23,31,773
2011/11/19 00,25,432
2011/11/19 01,23,408
2011/11/19 02,22,454
2011/11/19 03,23,569
2011/11/19 04,21,616
2011/11/19 05,19,493
2011/11/19 06,18,440
2011/11/19 07,14,271
2011/11/19 08,9,135
2011/11/19 09,5,108
2011/11/19 10,5,107
2011/11/19 11,8,137
2011/11/19 12,11,170
2011/11/19 13,13,224
2011/11/19 14,9,119
2011/11/19 15,12,194
2011/11/19 16,18,313
2011/11/19 17,19,405
2011/11/19 18,23,400
2011/11/19 19,25,543
2011/11/19 20,29,663
2011/11/19 21,29,668
2011/11/19 22,26,765
2011/11/19 23,22,689
2011/11/20 00,19,368
2011/11/20 01,24,465
2011/11/20 02,24,591
2011/11/20 03,27,683
2011/11/20 04,26,753
2011/11/20 05,28,605
2011/11/20 06,30,368
2011/11/20 07,27,381
2011/11/20 08,23,523
2011/11/20 09,21,615
2011/11/20 10,16,582
2011/11/20 11,15,580
2011/11/20 12,15,622
2011/11/20 13,14,657
2011/11/20 14,12,636
2011/11/20 15,14,834
2011/11/20 16,24,632
2011/11/20 17,35,939
2011/11/20 18,34,1323
2011/11/20 19,36,1501
2011/11/20 20,37,1578
2011/11/20 21,33,1401
2011/11/20 22,40,1426
2011/11/20 23,34,1203
2011/11/21 00,42,1421
2011/11/21 01,42,1658
2011/11/21 02,48,1594
2011/11/21 03,47,1655
2011/11/21 04,41,1478
2011/11/21 05,37,1401
2011/11/21 06,37,1341
2011/11/21 07,35,1366
2011/11/21 08,26,1177
2011/11/21 09,19,699
2011/11/21 10,16,657
2011/11/21 11,14,245
2011/11/21 12,15,291
2011/11/21 13,15,331
2011/11/21 14,17,368
2011/11/21 15,18,437
2011/11/21 16,19,583
2011/11/21 17,22,1128
2011/11/21 18,28,1053
2011/11/21 19,31,966
2011/11/21 20,32,1188
2011/11/21 21,41,1134
2011/11/21 22,41,1429
2011/11/21 23,36,980
2011/11/22 00,47,1142
2011/11/22 01,47,1576
2011/11/22 02,46,1613
2011/11/22 03,43,1726
2011/11/22 04,46,1746
2011/11/22 05,41,1488
2011/11/22 06,37,1345
2011/11/22 07,26,1127
2011/11/22 08,17,1048
2011/11/22 09,14,593
2011/11/22 10,11,532
2011/11/22 11,8,432
2011/11/22 12,8,84
2011/11/22 13,9,139
2011/11/22 14,8,164
2011/11/22 15,11,194
2011/11/22 16,14,329
2011/11/22 17,15,404
2011/11/22 18,16,574
2011/11/22 19,19,726
2011/11/22 20,23,807
2011/11/22 21,34,534
2011/11/22 22,40,644
2011/11/22 23,33,806
2011/11/23 00,35,866
2011/11/23 01,38,803
2011/11/23 02,34,762
2011/11/23 03,33,677
2011/11/23 04,30,668
2011/11/23 05,33,1028
2011/11/23 06,25,1241
2011/11/23 07,21,1138
2011/11/23 08,14,1053
2011/11/23 09,14,947
2011/11/23 10,11,595
2011/11/23 11,7,54
2011/11/23 12,9,78
2011/11/23 13,11,169
2011/11/23 14,11,167
2011/11/23 15,10,180
2011/11/23 16,14,212
2011/11/23 17,15,295
2011/11/23 18,19,360
2011/11/23 19,17,349
2011/11/23 20,20,364
2011/11/23 21,21,373
2011/11/23 22,19,410
2011/11/23 23,21,513
2011/11/24 00,23,399
2011/11/24 01,23,348
2011/11/24 02,22,181
2011/11/24 03,24,237
2011/11/24 04,24,357
2011/11/24 05,29,706
2011/11/24 06,28,582
2011/11/24 07,24,583
2011/11/24 08,22,599
2011/11/24 09,14,286
2011/11/24 10,14,212
2011/11/24 11,10,78
2011/11/24 12,10,333
2011/11/24 13,9,393
2011/11/24 14,11,432
2011/11/24 15,9,610
2011/11/24 16,13,514
2011/11/24 17,12,245
2011/11/24 18,11,173
2011/11/24 19,9,127
2011/11/24 20,12,218
2011/11/24 21,18,339
2011/11/24 22,19,410
2011/11/24 23,24,456
2011/11/25 00,24,816
2011/11/25 01,20,538
2011/11/25 02,18,396
2011/11/25 03,16,429
2011/11/25 04,18,420
2011/11/25 05,18,465
2011/11/25 06,15,294
2011/11/25 07,16,358
2011/11/25 08,15,427
2011/11/25 09,12,370
2011/11/25 10,11,394
2011/11/25 11,15,329
2011/11/25 12,13,203
2011/11/25 13,15,233
2011/11/25 14,14,294
2011/11/25 15,13,272
2011/11/25 16,12,364
2011/11/25 17,11,408
2011/11/25 18,13,463
2011/11/25 19,14,429
2011/11/25 20,20,418
2011/11/25 21,20,513
2011/11/25 22,24,568
2011/11/25 23,25,581
2011/11/26 00,19,266
2011/11/26 01,21,390
2011/11/26 02,26,421
2011/11/26 03,28,591
2011/11/26 04,31,700
2011/11/26 05,27,697
2011/11/26 06,26,700
2011/11/26 07,16,445
2011/11/26 08,14,404
2011/11/26 09,14,334
2011/11/26 10,14,283
2011/11/26 11,10,118
2011/11/26 12,12,120
2011/11/26 13,14,253
2011/11/26 14,14,343
2011/11/26 15,17,479
2011/11/26 16,20,641
2011/11/26 17,21,693
2011/11/26 18,27,812
2011/11/26 19,25,434
2011/11/26 20,28,735
2011/11/26 21,28,920
2011/11/26 22,26,851
2011/11/26 23,27,886
2011/11/27 00,33,996
2011/11/27 01,31,994
2011/11/27 02,25,844
2011/11/27 03,33,1259
2011/11/27 04,29,1295
2011/11/27 05,30,1192
2011/11/27 06,19,1041
2011/11/27 07,17,694
2011/11/27 08,16,608
2011/11/27 09,13,242
2011/11/27 10,11,255
2011/11/27 11,9,280
2011/11/27 12,8,150
2011/11/27 13,10,163
2011/11/27 14,10,210
2011/11/27 15,14,300
2011/11/27 16,15,284
2011/11/27 17,19,333
2011/11/27 18,18,402
2011/11/27 19,18,597
2011/11/27 20,21,682
2011/11/27 21,28,769
2011/11/27 22,29,368
2011/11/27 23,24,388
2011/11/28 00,22,433
2011/11/28 01,21,483
2011/11/28 02,23,464
2011/11/28 03,22,930
2011/11/28 04,21,995
2011/11/28 05,20,977
2011/11/28 06,15,1017
2011/11/28 07,12,775
2011/11/28 08,9,479
2011/11/28 09,9,484
2011/11/28 10,10,492
2011/11/28 11,5,396
2011/11/28 12,4,55
2011/11/28 13,6,65
2011/11/28 14,5,69
2011/11/28 15,7,83
2011/11/28 16,8,145
2011/11/28 17,12,424
2011/11/28 18,15,629
2011/11/28 19,10,576
2011/11/28 20,14,431
2011/11/28 21,15,439
2011/11/28 22,12,152
2011/11/28 23,14,192
2011/11/29 00,18,899
2011/11/29 01,24,1252
2011/11/29 02,28,1660
2011/11/29 03,30,1671
2011/11/29 04,26,305
2011/11/29 05,21,314
2011/11/29 06,20,312
2011/11/29 07,17,208
2011/11/29 08,14,237
2011/11/29 09,11,261
2011/11/29 10,11,620
2011/11/29 11,8,567
2011/11/29 12,9,450
2011/11/29 13,7,494
2011/11/29 14,6,487
2011/11/29 15,4,507
2011/11/29 16,5,509
2011/11/29 17,7,661
2011/11/29 18,10,725
2011/11/29 19,11,765
2011/11/29 20,13,957
2011/11/29 21,16,1318
2011/11/29 22,25,1351
2011/11/29 23,25,1123
2011/11/30 00,28,1351
2011/11/30 01,22,1244
2011/11/30 02,20,321
2011/11/30 03,24,464
2011/11/30 04,18,411
2011/11/30 05,15,506
2011/11/30 06,11,113
2011/11/30 07,9,102
2011/11/30 08,8,87
2011/11/30 09,7,93
2011/11/30 10,6,92
2011/11/30 11,8,72
2011/11/30 12,2,12
2011/11/30 13,1,14
2011/11/30 14,1,15
2011/11/30 15,1,3
2011/11/30 16,2,272
2011/11/30 17,6,548
2011/11/30 18,7,513
2011/11/30 19,10,633
2011/11/30 20,12,732
2011/11/30 21,14,900
2011/11/30 22,14,267
2011/11/30 23,17,221
2011/12/01 00,19,124
2011/12/01 01,17,128
2011/12/01 02,16,143
2011/12/01 03,19,191
2011/12/01 04,18,344
2011/12/01 05,12,412
2011/12/01 06,12,379
2011/12/01 07,12,318
2011/12/01 08,11,152
2011/12/01 09,8,129
2011/12/01 10,6,128
2011/12/01 11,7,132
2011/12/01 12,7,161
2011/12/01 13,5,47
2011/12/01 14,6,49
2011/12/01 15,10,102
2011/12/01 16,10,125
2011/12/01 17,11,480
2011/12/01 18,11,662
2011/12/01 19,11,687
2011/12/01 20,12,92
2011/12/01 21,16,106
2011/12/01 22,24,561
2011/12/01 23,22,819
2011/12/02 00,25,845
2011/12/02 01,21,1520
2011/12/02 02,19,1759
2011/12/02 03,19,1884
2011/12/02 04,22,1862
2011/12/02 05,22,1204
2011/12/02 06,18,983
2011/12/02 07,14,822
2011/12/02 08,11,615
2011/12/02 09,9,594
2011/12/02 10,5,244
2011/12/02 11,6,228
2011/12/02 12,5,60
2011/12/02 13,6,77
2011/12/02 14,3,25
2011/12/02 15,4,63
2011/12/02 16,3,67
2011/12/02 17,3,75
2011/12/02 18,5,113
2011/12/02 19,12,336
2011/12/02 20,18,446
2011/12/02 21,25,477
2011/12/02 22,24,502
2011/12/02 23,22,759
2011/12/03 00,25,1355
2011/12/03 01,22,1320
2011/12/03 02,23,1455
2011/12/03 03,25,1355
2011/12/03 04,22,1017
2011/12/03 05,20,643
2011/12/03 06,19,690
2011/12/03 07,17,684
2011/12/03 08,12,699
2011/12/03 09,15,692
2011/12/03 10,13,307
2011/12/03 11,9,253
2011/12/03 12,6,68
2011/12/03 13,4,60
2011/12/03 14,7,53
2011/12/03 15,7,59
2011/12/03 16,9,98
2011/12/03 17,11,230
2011/12/03 18,16,514
2011/12/03 19,17,412
2011/12/03 20,20,432
2011/12/03 21,19,515
2011/12/03 22,17,269
2011/12/03 23,15,718
2011/12/04 00,16,1061
2011/12/04 01,18,851
2011/12/04 02,19,884
2011/12/04 03,23,732
2011/12/04 04,26,875
2011/12/04 05,24,784
2011/12/04 06,15,123
2011/12/04 07,10,161
2011/12/04 08,13,412
2011/12/04 09,10,264
2011/12/04 10,10,304
2011/12/04 11,10,328
2011/12/04 12,7,92
2011/12/04 13,4,30
2011/12/04 14,3,24
2011/12/04 15,4,50
2011/12/04 16,7,82
2011/12/04 17,12,171
2011/12/04 18,17,230
2011/12/04 19,28,299
2011/12/04 20,19,257
2011/12/04 21,23,327
2011/12/04 22,24,312
2011/12/04 23,23,313
2011/12/05 00,20,248
2011/12/05 01,21,183
2011/12/05 02,26,590
2011/12/05 03,23,1152
2011/12/05 04,28,1311
2011/12/05 05,25,1269
2011/12/05 06,20,1012
2011/12/05 07,16,774
2011/12/05 08,12,758
2011/12/05 09,9,69
2011/12/05 10,6,76
2011/12/05 11,6,93
2011/12/05 12,7,116
2011/12/05 13,6,98
2011/12/05 14,5,14
2011/12/05 15,4,8
2011/12/05 16,6,60
2011/12/05 17,6,110
2011/12/05 18,11,501
2011/12/05 19,12,787
2011/12/05 20,17,821
2011/12/05 21,17,991
2011/12/05 22,20,475
2011/12/05 23,18,210
2011/12/06 00,22,339
2011/12/06 01,16,455
2011/12/06 02,15,489
2011/12/06 03,17,515
2011/12/06 04,17,158
2011/12/06 05,15,116
2011/12/06 06,19,96
2011/12/06 07,16,98
2011/12/06 08,12,66
2011/12/06 09,8,36
2011/12/06 10,4,41
2011/12/06 11,6,39
2011/12/06 12,4,27
2011/12/06 13,3,44
2011/12/06 14,3,19
2011/12/06 15,2,8
2011/12/06 16,3,8
2011/12/06 17,6,476
2011/12/06 18,7,656
2011/12/06 19,10,758
2011/12/06 20,10,782
2011/12/06 21,14,268
2011/12/06 22,17,302
2011/12/06 23,22,390
2011/12/07 00,26,680
2011/12/07 01,30,1065
2011/12/07 02,32,1232
2011/12/07 03,33,1226
2011/12/07 04,28,956
2011/12/07 05,20,277
2011/12/07 06,16,182
2011/12/07 07,12,194
2011/12/07 08,8,180
2011/12/07 09,6,201
2011/12/07 10,5,207
2011/12/07 11,3,221
2011/12/07 12,4,213
2011/12/07 13,4,53
2011/12/07 14,4,47
2011/12/07 15,3,51
2011/12/07 16,4,96
2011/12/07 17,5,153
2011/12/07 18,9,151
2011/12/07 19,11,189
2011/12/07 20,14,1371
2011/12/07 21,13,2034
2011/12/07 22,14,1985
2011/12/07 23,10,69
2011/12/08 00,21,574
2011/12/08 01,20,858
2011/12/08 02,20,945
2011/12/08 03,28,969
2011/12/08 04,25,569
2011/12/08 05,23,469
2011/12/08 06,14,150
2011/12/08 07,11,105
2011/12/08 08,7,60
2011/12/08 09,5,29
2011/12/08 10,3,24
2011/12/08 11,4,28
2011/12/08 12,7,53
2011/12/08 13,7,54
2011/12/08 14,5,41
2011/12/08 15,4,49
2011/12/08 16,6,104
2011/12/08 17,7,122
2011/12/08 18,10,263
2011/12/08 19,13,545
2011/12/08 20,19,667
2011/12/08 21,26,748
2011/12/08 22,24,828
2011/12/08 23,22,828
2011/12/09 00,17,811
2011/12/09 01,16,1209
2011/12/09 02,22,1287
2011/12/09 03,20,1777
2011/12/09 04,17,2028
2011/12/09 05,15,1877
2011/12/09 06,12,1557
2011/12/09 07,11,880
2011/12/09 08,9,765
2011/12/09 09,9,69
2011/12/09 10,6,41
2011/12/09 11,4,58
2011/12/09 12,4,85
2011/12/09 13,4,79
2011/12/09 14,4,20
2011/12/09 15,7,37
2011/12/09 16,12,70
2011/12/09 17,13,118
2011/12/09 18,10,124
2011/12/09 19,16,562
2011/12/09 20,16,731
2011/12/09 21,15,771
2011/12/09 22,21,820
2011/12/09 23,21,214
2011/12/10 00,16,187
2011/12/10 01,22,563
2011/12/10 02,18,644
2011/12/10 03,27,1141
2011/12/10 04,27,1231
2011/12/10 05,25,1182
2011/12/10 06,24,660
2011/12/10 07,17,641
2011/12/10 08,12,162
2011/12/10 09,11,153
2011/12/10 10,11,223
2011/12/10 11,7,223
2011/12/10 12,8,152
2011/12/10 13,10,165
2011/12/10 14,7,197
2011/12/10 15,5,219
2011/12/10 16,7,262
2011/12/10 17,6,269
2011/12/10 18,8,305
2011/12/10 19,12,270
2011/12/10 20,12,271
2011/12/10 21,17,148
2011/12/10 22,24,179
2011/12/10 23,19,219
2011/12/11 00,20,350
2011/12/11 01,9,640
2011/12/11 02,11,588
2011/12/11 03,24,633
2011/12/11 04,27,716
2011/12/11 05,27,746
2011/12/11 06,24,619
2011/12/11 07,19,591
2011/12/11 08,16,290
2011/12/11 09,14,257
2011/12/11 10,13,252
2011/12/11 11,13,1363
2011/12/11 12,9,2316
2011/12/11 13,9,242
2011/12/11 14,7,257
2011/12/11 15,8,361
2011/12/11 16,7,408
2011/12/11 17,8,445
2011/12/11 18,18,596
2011/12/11 19,17,450
2011/12/11 20,18,611
2011/12/11 21,18,557
2011/12/11 22,21,1092
2011/12/11 23,23,678
2011/12/12 00,23,542
2011/12/12 01,23,450
2011/12/12 02,24,712
2011/12/12 03,21,690
2011/12/12 04,18,660
2011/12/12 05,20,635
2011/12/12 06,18,124
2011/12/12 07,15,120
2011/12/12 08,10,138
2011/12/12 09,6,65
2011/12/12 10,5,45
2011/12/12 11,3,39
2011/12/12 12,3,39
2011/12/12 13,3,45
2011/12/12 14,5,68
2011/12/12 15,9,180
2011/12/12 16,9,322
2011/12/12 17,11,496
2011/12/12 18,11,446
2011/12/12 19,14,356
2011/12/12 20,11,250
2011/12/12 21,17,291
2011/12/12 22,20,335
2011/12/12 23,22,289
2011/12/13 00,19,299
2011/12/13 01,20,513
2011/12/13 02,17,306
2011/12/13 03,16,243
2011/12/13 04,17,493
2011/12/13 05,18,558
2011/12/13 06,16,621
2011/12/13 07,17,499
2011/12/13 08,10,120
2011/12/13 09,12,182
2011/12/13 10,9,159
2011/12/13 11,8,279
2011/12/13 12,8,247
2011/12/13 13,7,202
2011/12/13 14,6,78
2011/12/13 15,5,74
2011/12/13 16,7,230
2011/12/13 17,7,249
2011/12/13 18,8,207
2011/12/13 19,5,304
2011/12/13 20,6,349
2011/12/13 21,12,96
2011/12/13 22,12,270
2011/12/13 23,12,432
2011/12/14 00,14,504
2011/12/14 01,11,508
2011/12/14 02,15,682
2011/12/14 03,13,769
2011/12/14 04,12,540
2011/12/14 05,11,530
2011/12/14 06,12,446
2011/12/14 07,12,501
2011/12/14 08,10,555
2011/12/14 09,7,174
2011/12/14 10,5,106
2011/12/14 11,3,33
2011/12/14 12,4,49
2011/12/14 13,5,62
2011/12/14 14,5,94
2011/12/14 15,3,26
2011/12/14 16,3,138
2011/12/14 17,4,178
2011/12/14 18,4,14
2011/12/14 19,7,20
2011/12/14 20,13,179
2011/12/14 21,14,280
2011/12/14 22,17,366
2011/12/14 23,16,465
2011/12/15 00,13,469
2011/12/15 01,11,579
2011/12/15 02,14,835
2011/12/15 03,15,1363
2011/12/15 04,17,1619
2011/12/15 05,12,1442
2011/12/15 06,11,965
2011/12/15 07,14,837
2011/12/15 08,9,732
2011/12/15 09,7,632
2011/12/15 10,6,518
2011/12/15 11,7,66
2011/12/15 12,7,253
2011/12/15 13,9,231
2011/12/15 14,10,70
2011/12/15 15,5,53
2011/12/15 16,10,111
2011/12/15 17,11,141
2011/12/15 18,11,100
2011/12/15 19,8,88
2011/12/15 20,10,121
2011/12/15 21,8,113
2011/12/15 22,11,114
2011/12/15 23,12,177
2011/12/16 00,14,151
2011/12/16 01,9,100
2011/12/16 02,13,83
2011/12/16 03,19,119
2011/12/16 04,19,128
2011/12/16 05,21,196
2011/12/16 06,18,571
2011/12/16 07,21,659
2011/12/16 08,16,723
2011/12/16 09,11,681
2011/12/16 10,9,621
2011/12/16 11,5,594
2011/12/16 12,5,479
2011/12/16 13,6,63
2011/12/16 14,6,66
2011/12/16 15,9,57
2011/12/16 16,8,73
2011/12/16 17,9,200
2011/12/16 18,12,153
2011/12/16 19,13,264
2011/12/16 20,15,255
2011/12/16 21,18,268
2011/12/16 22,16,175
2011/12/16 23,17,157
2011/12/17 00,19,166
2011/12/17 01,20,190
2011/12/17 02,24,198
2011/12/17 03,21,165
2011/12/17 04,20,524
2011/12/17 05,17,592
2011/12/17 06,17,734
2011/12/17 07,12,748
2011/12/17 08,13,713
2011/12/17 09,10,562
2011/12/17 10,6,45
2011/12/17 11,7,69
2011/12/17 12,7,94
2011/12/17 13,9,164
2011/12/17 14,5,142
2011/12/17 15,5,1188
2011/12/17 16,6,2150
2011/12/17 17,7,256
2011/12/17 18,9,351
2011/12/17 19,16,171
2011/12/17 20,17,168
2011/12/17 21,14,201
2011/12/17 22,15,249
2011/12/17 23,22,564
2011/12/18 00,17,98
2011/12/18 01,16,70
2011/12/18 02,18,111
2011/12/18 03,19,110
2011/12/18 04,20,163
2011/12/18 05,22,470
2011/12/18 06,18,743
2011/12/18 07,11,646
2011/12/18 08,9,628
2011/12/18 09,8,1136
2011/12/18 10,5,309
2011/12/18 11,3,68
2011/12/18 12,7,145
2011/12/18 13,9,227
2011/12/18 14,10,317
2011/12/18 15,6,274
2011/12/18 16,3,316
2011/12/18 17,7,381
2011/12/18 18,14,899
2011/12/18 19,20,1118
2011/12/18 20,15,842
2011/12/18 21,18,912
2011/12/18 22,26,1099
2011/12/18 23,23,1097
2011/12/19 00,15,431
2011/12/19 01,13,1617
2011/12/19 02,16,1561
2011/12/19 03,15,1510
2011/12/19 04,19,1634
2011/12/19 05,20,1390
2011/12/19 06,15,1359
2011/12/19 07,14,1703
2011/12/19 08,11,1488
2011/12/19 09,10,1375
2011/12/19 10,8,1168
2011/12/19 11,7,1005
2011/12/19 12,7,989
2011/12/19 13,6,948
2011/12/19 14,5,666
2011/12/19 15,7,816
2011/12/19 16,7,776
2011/12/19 17,8,959
2011/12/19 18,11,1065
2011/12/19 19,15,1422
2011/12/19 20,20,1420
2011/12/19 21,24,1594
2011/12/19 22,24,1705
2011/12/19 23,23,1925
2011/12/20 00,21,1918
2011/12/20 01,24,1726
2011/12/20 02,26,1666
2011/12/20 03,18,1638
2011/12/20 04,16,1255
2011/12/20 05,22,1245
2011/12/20 06,21,1201
2011/12/20 07,13,1062
2011/12/20 08,12,933
2011/12/20 09,9,906
2011/12/20 10,4,703
2011/12/20 11,3,613
2011/12/20 12,5,587
2011/12/20 13,6,578
2011/12/20 14,6,594
2011/12/20 15,6,584
2011/12/20 16,5,699
2011/12/20 17,6,847
2011/12/20 18,8,1155
2011/12/20 19,11,1232
2011/12/20 20,11,1677
2011/12/20 21,14,1665
2011/12/20 22,18,1765
2011/12/20 23,15,1915
2011/12/21 00,14,1805
2011/12/21 01,14,1605
2011/12/21 02,11,1747
2011/12/21 03,19,1233
2011/12/21 04,18,959
2011/12/21 05,19,1046
2011/12/21 06,17,1026
2011/12/21 07,9,878
2011/12/21 08,5,85
2011/12/21 09,5,54
2011/12/21 10,7,64
2011/12/21 11,6,60
2011/12/21 12,10,107
2011/12/21 13,9,109
2011/12/21 14,8,93
2011/12/21 15,7,112
2011/12/21 16,7,96
2011/12/21 17,7,77
2011/12/21 18,9,96
2011/12/21 19,10,144
2011/12/21 20,15,307
2011/12/21 21,19,307
2011/12/21 22,18,247
2011/12/21 23,21,259
2011/12/22 00,16,232
2011/12/22 01,17,1354
2011/12/22 02,15,1471
2011/12/22 03,15,1348
2011/12/22 04,16,1510
2011/12/22 05,15,1685
2011/12/22 06,18,218
2011/12/22 07,13,209
2011/12/22 08,14,218
2011/12/22 09,15,209
2011/12/22 10,6,131
2011/12/22 11,4,107
2011/12/22 12,7,64
2011/12/22 13,6,63
2011/12/22 14,4,54
2011/12/22 15,7,56
2011/12/22 16,8,134
2011/12/22 17,10,203
2011/12/22 18,13,227
2011/12/22 19,16,288
2011/12/22 20,18,376
2011/12/22 21,19,303
2011/12/22 22,17,380
2011/12/22 23,11,194
2011/12/23 00,14,223
2011/12/23 01,17,254
2011/12/23 02,16,220
2011/12/23 03,14,166
2011/12/23 04,12,145
2011/12/23 05,9,85
2011/12/23 06,11,309
2011/12/23 07,9,258
2011/12/23 08,9,224
2011/12/23 09,9,176
2011/12/23 10,10,164
2011/12/23 11,8,185
2011/12/23 12,9,213
2011/12/23 13,9,123
2011/12/23 14,9,134
2011/12/23 15,7,117
2011/12/23 16,8,254
2011/12/23 17,7,343
2011/12/23 18,7,345
2011/12/23 19,10,304
2011/12/23 20,13,286
2011/12/23 21,14,252
2011/12/23 22,20,308
2011/12/23 23,17,370
2011/12/24 00,15,124
2011/12/24 01,15,119
2011/12/24 02,20,564
2011/12/24 03,17,611
2011/12/24 04,19,708
2011/12/24 05,16,567
2011/12/24 06,13,521
2011/12/24 07,9,825
2011/12/24 08,8,866
2011/12/24 09,7,841
2011/12/24 10,6,965
2011/12/24 11,6,878
2011/12/24 12,6,865
2011/12/24 13,2,33
2011/12/24 14,3,35
2011/12/24 15,4,49
2011/12/24 16,4,115
2011/12/24 17,5,132
2011/12/24 18,6,159
2011/12/24 19,10,143
2011/12/24 20,13,197
2011/12/24 21,12,114
2011/12/24 22,10,135
2011/12/24 23,6,144
2011/12/25 00,7,108
2011/12/25 01,7,87
2011/12/25 02,12,148
2011/12/25 03,13,883
2011/12/25 04,11,752
2011/12/25 05,15,970
2011/12/25 06,13,205
2011/12/25 07,7,90
2011/12/25 08,6,33
2011/12/25 09,5,22
2011/12/25 10,9,47
2011/12/25 11,6,64
2011/12/25 12,7,121
2011/12/25 13,7,228
2011/12/25 14,7,92
2011/12/25 15,6,93
2011/12/25 16,6,100
2011/12/25 17,6,113
2011/12/25 18,7,165
2011/12/25 19,5,134
2011/12/25 20,5,116
2011/12/25 21,3,44
2011/12/25 22,3,27
2011/12/25 23,7,38
2011/12/26 00,7,73
2011/12/26 01,7,160
2011/12/26 02,5,256
2011/12/26 03,7,255
2011/12/26 04,9,329
2011/12/26 05,7,299
2011/12/26 06,6,267
2011/12/26 07,3,21
2011/12/26 08,1,17
2011/12/26 09,2,41
2011/12/26 10,4,58
2011/12/26 11,4,169
2011/12/26 12,6,76
2011/12/26 13,6,80
2011/12/26 14,5,77
2011/12/26 15,2,19
2011/12/26 16,5,672
2011/12/26 17,6,937
2011/12/26 18,5,1108
2011/12/26 19,3,894
2011/12/26 20,4,80
2011/12/26 21,5,106
2011/12/26 22,8,81
2011/12/26 23,8,187
2011/12/27 00,10,203
2011/12/27 01,13,211
2011/12/27 02,19,379
2011/12/27 03,20,268
2011/12/27 04,16,229
2011/12/27 05,13,238
2011/12/27 06,13,149
2011/12/27 07,11,415
2011/12/27 08,10,180
2011/12/27 09,11,169
2011/12/27 10,8,114
2011/12/27 11,7,148
2011/12/27 12,7,109
2011/12/27 13,3,78
2011/12/27 14,6,111
2011/12/27 15,10,126
2011/12/27 16,8,105
2011/12/27 17,9,142
2011/12/27 18,12,643
2011/12/27 19,10,1186
2011/12/27 20,11,1416
2011/12/27 21,14,1464
2011/12/27 22,19,1356
2011/12/27 23,18,1464
2011/12/28 00,18,1389
2011/12/28 01,22,1312
2011/12/28 02,15,1049
2011/12/28 03,22,897
2011/12/28 04,23,836
2011/12/28 05,18,883
2011/12/28 06,20,163
2011/12/28 07,16,222
2011/12/28 08,11,117
2011/12/28 09,11,155
2011/12/28 10,9,154
2011/12/28 11,7,118
2011/12/28 12,6,92
2011/12/28 13,7,92
2011/12/28 14,10,100
2011/12/28 15,11,111
2011/12/28 16,10,79
2011/12/28 17,8,84
2011/12/28 18,15,138
2011/12/28 19,12,115
2011/12/28 20,12,188
2011/12/28 21,14,249
2011/12/28 22,14,240
2011/12/28 23,16,260
2011/12/29 00,18,307
2011/12/29 01,22,1200
2011/12/29 02,22,1515
2011/12/29 03,21,1435
2011/12/29 04,13,1259
2011/12/29 05,11,78
2011/12/29 06,16,132
2011/12/29 07,19,115
2011/12/29 08,15,109
2011/12/29 09,13,112
2011/12/29 10,10,92
2011/12/29 11,8,64
2011/12/29 12,8,46
2011/12/29 13,9,93
2011/12/29 14,11,123
2011/12/29 15,12,145
2011/12/29 16,12,113
2011/12/29 17,9,104
2011/12/29 18,13,184
2011/12/29 19,16,327
2011/12/29 20,18,359
2011/12/29 21,18,196
2011/12/29 22,17,520
2011/12/29 23,19,997
2011/12/30 00,21,1422
2011/12/30 01,18,1548
2011/12/30 02,18,1848
2011/12/30 03,21,2198
2011/12/30 04,22,654
2011/12/30 05,22,1892
2011/12/30 06,26,1845
2011/12/30 07,23,1954
2011/12/30 08,16,985
2011/12/30 09,13,719
2011/12/30 10,11,588
2011/12/30 11,9,523
2011/12/30 12,7,438
2011/12/30 13,8,502
2011/12/30 14,10,521
2011/12/30 15,11,591
2011/12/30 16,18,724
2011/12/30 17,16,1541
2011/12/30 18,21,2270
2011/12/30 19,18,2520
2011/12/30 20,21,1644
2011/12/30 21,17,1353
2011/12/30 22,21,1132
2011/12/30 23,22,1539
2011/12/31 00,20,1852
2011/12/31 01,15,2380
2011/12/31 02,20,2041
2011/12/31 03,18,2107
2011/12/31 04,20,1857
2011/12/31 05,26,3403
2011/12/31 06,25,3769
2011/12/31 07,24,2125
2011/12/31 08,20,1783
2011/12/31 09,21,884
2011/12/31 10,15,802
2011/12/31 11,10,672
2011/12/31 12,10,621
2011/12/31 13,9,601
2011/12/31 14,10,683
2011/12/31 15,7,661
2011/12/31 16,11,685
2011/12/31 17,15,768
2011/12/31 18,16,974
2011/12/31 19,17,880
2011/12/31 20,17,920
2011/12/31 21,25,819
2011/12/31 22,19,2022
2011/12/31 23,19,2915
2012/01/01 00,22,2622
2012/01/01 01,20,2192
2012/01/01 02,20,1817
2012/01/01 03,24,1809
2012/01/01 04,25,2229
2012/01/01 05,29,2282
2012/01/01 06,30,1244
2012/01/01 07,23,1155
2012/01/01 08,22,866
2012/01/01 09,18,729
2012/01/01 10,16,664
2012/01/01 11,16,690
2012/01/01 12,14,556
2012/01/01 13,10,570
2012/01/01 14,11,543
2012/01/01 15,10,587
2012/01/01 16,9,632
2012/01/01 17,11,702
2012/01/01 18,16,1070
2012/01/01 19,16,1179
2012/01/01 20,20,1102
2012/01/01 21,25,2940
2012/01/01 22,29,4713
2012/01/01 23,29,4662
2012/01/02 00,19,2652
2012/01/02 01,17,1926
2012/01/02 02,14,1510
2012/01/02 03,16,1406
2012/01/02 04,22,1373
2012/01/02 05,18,1210
2012/01/02 06,17,1142
2012/01/02 07,16,1592
2012/01/02 08,12,1820
2012/01/02 09,13,1116
2012/01/02 10,11,876
2012/01/02 11,9,785
2012/01/02 12,11,715
2012/01/02 13,9,745
2012/01/02 14,9,735
2012/01/02 15,12,808
2012/01/02 16,13,894
2012/01/02 17,10,953
2012/01/02 18,15,1057
2012/01/02 19,12,1235
2012/01/02 20,14,1278
2012/01/02 21,15,2879
2012/01/02 22,17,4010
2012/01/02 23,26,4636
2012/01/03 00,33,3061
2012/01/03 01,30,2091
2012/01/03 02,30,1712
2012/01/03 03,27,1379
2012/01/03 04,27,1149
2012/01/03 05,18,1226
2012/01/03 06,18,1193
2012/01/03 07,16,1008
2012/01/03 08,13,854
2012/01/03 09,15,823
2012/01/03 10,13,759
2012/01/03 11,8,683
2012/01/03 12,12,695
2012/01/03 13,11,743
2012/01/03 14,9,827
2012/01/03 15,11,687
2012/01/03 16,11,772
2012/01/03 17,12,968
2012/01/03 18,13,903
2012/01/03 19,14,940
2012/01/03 20,15,904
2012/01/03 21,16,1195
2012/01/03 22,22,1223
2012/01/03 23,18,1270
2012/01/04 00,22,2459
2012/01/04 01,22,2724
2012/01/04 02,26,2266
2012/01/04 03,26,2156
2012/01/04 04,28,2198
2012/01/04 05,24,2045
2012/01/04 06,20,2041
2012/01/04 07,20,2725
2012/01/04 08,21,3197
2012/01/04 09,21,1872
2012/01/04 10,15,844
2012/01/04 11,15,1394
2012/01/04 12,10,1147
2012/01/04 13,8,599
2012/01/04 14,9,699
2012/01/04 15,8,752
2012/01/04 16,9,227
2012/01/04 17,10,2288
2012/01/04 18,12,1622
2012/01/04 19,14,1417
2012/01/04 20,14,1422
2012/01/04 21,18,1049
2012/01/04 22,20,1051
2012/01/04 23,18,1019
2012/01/05 00,13,882
2012/01/05 01,15,1117
2012/01/05 02,14,811
2012/01/05 03,11,755
2012/01/05 04,15,864
2012/01/05 05,12,973
2012/01/05 06,12,831
2012/01/05 07,12,904
2012/01/05 08,9,640
2012/01/05 09,8,79
2012/01/05 10,9,76
2012/01/05 11,9,95
2012/01/05 12,9,69
2012/01/05 13,8,72
2012/01/05 14,11,436
2012/01/05 15,9,432
2012/01/05 16,7,480
2012/01/05 17,8,476
2012/01/05 18,8,503
2012/01/05 19,16,584
2012/01/05 20,13,624
2012/01/05 21,15,814
2012/01/05 22,10,841
2012/01/05 23,13,876
2012/01/06 00,16,1042
2012/01/06 01,18,925
2012/01/06 02,21,878
2012/01/06 03,23,1808
2012/01/06 04,20,2189
2012/01/06 05,21,372
2012/01/06 06,20,418
2012/01/06 07,22,270
2012/01/06 08,17,184
2012/01/06 09,12,112
2012/01/06 10,8,104
2012/01/06 11,8,106
2012/01/06 12,9,83
2012/01/06 13,7,54
2012/01/06 14,4,35
2012/01/06 15,6,57
2012/01/06 16,7,91
2012/01/06 17,6,102
2012/01/06 18,7,130
2012/01/06 19,13,118
2012/01/06 20,13,161
2012/01/06 21,18,154
2012/01/06 22,18,196
2012/01/06 23,18,196
2012/01/07 00,16,231
2012/01/07 01,17,136
2012/01/07 02,15,124
2012/01/07 03,16,262
2012/01/07 04,15,167
2012/01/07 05,19,182
2012/01/07 06,22,228
2012/01/07 07,18,120
2012/01/07 08,16,117
2012/01/07 09,17,154
2012/01/07 10,16,129
2012/01/07 11,11,95
2012/01/07 12,6,50
2012/01/07 13,8,55
2012/01/07 14,8,58
2012/01/07 15,8,51
2012/01/07 16,8,46
2012/01/07 17,10,49
2012/01/07 18,10,99
2012/01/07 19,18,141
2012/01/07 20,21,187
2012/01/07 21,26,8011
2012/01/07 22,26,231
2012/01/07 23,23,294
2012/01/08 00,24,238
2012/01/08 01,18,231
2012/01/08 02,18,389
2012/01/08 03,21,375
2012/01/08 04,17,197
2012/01/08 05,15,9509
2012/01/08 06,11,11384
2012/01/08 07,14,12238
2012/01/08 08,12,9895
2012/01/08 09,11,9833
2012/01/08 10,10,9545
2012/01/08 11,9,35
2012/01/08 12,7,47
2012/01/08 13,10,44
2012/01/08 14,11,60
2012/01/08 15,8,68
2012/01/08 16,11,74
2012/01/08 17,13,270
2012/01/08 18,13,124
2012/01/08 19,13,176
2012/01/08 20,19,320
2012/01/08 21,17,9578
2012/01/08 22,17,8690
2012/01/08 23,17,8926
2012/01/09 00,19,9500
2012/01/09 01,23,9656
2012/01/09 02,22,309
2012/01/09 03,25,399
2012/01/09 04,21,341
2012/01/09 05,18,234
2012/01/09 06,17,226
2012/01/09 07,13,198
2012/01/09 08,10,133
2012/01/09 09,9,100
2012/01/09 10,10,97
2012/01/09 11,4,49
2012/01/09 12,5,96
2012/01/09 13,5,80
2012/01/09 14,7,59
2012/01/09 15,6,54
